30477 41072 51269 53040 75106 68462 72224 61904 74659 63003 76665 67287 79429 64058 69445 70775 65155 68490 64171 68462 63667 73072 66792 73725 58339 54594 41534 38514
60305 52791 76583 82474 97948 94881 91890 86288 82852 75505 86211 74603 81033 78844 72750 78888 78870 80129 81117 75606 77479 67726 71586 75824 59356 50353 40395 38648
61752 76066 87230 100207 122619 115749 116208 100474 101441 88480 97345 90649 104251 91819 90229 101500 96568 108947 106698 98368 94465 95237 83164 105088 76009 72488 45432 46625
68488 75830 98030 100710 123059 116504 110932 104102 96291 88269 87641 82717 82938 80689 72738 90690 83835 103147 99590 93006 100280 82055 94526 96416 84392 67927 55314 45203
63794 80189 92849 114141 122792 123989 125338 111898 108986 119786 110186 100739 106738 96261 94307 85403 106276 102883 104856 101454 97443 95088 96207 106572 85235 78356 57233 56157
71173 87525 95324 118030 129052 123318 122152 130162 107042 110340 107187 111397 103638 100159 90636 90767 94412 99230 96755 92266 103727 96283 91661 108581 92827 84767 67064 63756
59030 87621 88773 117602 125717 130742 118966 118228 108692 118314 108790 107496 115552 101863 107246 89277 115241 99136 105388 101653 104047 107064 106610 99626 93384 86281 70963 65397
66790 90241 100279 118493 127659 130998 131937 123142 114866 114671 111300 111891 105386 119401 103554 107183 111676 98458 105707 100507 120275 109743 102847 109995 98103 86877 74151 76946
63364 77864 97621 110127 126957 132615 125274 139071 108086 121248 116025 107982 111743 110403 124524 108006 107510 114538 108563 98047 107976 119104 112327 109775 102494 99752 88051 78471
76643 91395 100167 107123 125202 131799 139937 116170 117511 107814 105084 106438 98810 100702 99021 105185 100389 103600 102371 114290 110107 116864 119106 117373 106630 90658 91536 84795
69267 74954 101938 102496 122623 109994 122564 124742 102425 100736 101586 109893 99792 98401 108324 99926 103809 102543 101759 105433 96954 108959 114514 103542 91085 88437 77014 82114
76503 84902 90644 107546 116644 124669 125714 118444 113973 106361 107335 102010 116538 107185 116162 106145 109942 123213 118073 116478 117821 135767 131109 118376 107895 91014 75662 78614
70124 78460 90059 102733 122330 112298 122943 114915 113775 98872 104564 113284 100099 114974 109539 109596 112713 109423 118966 110343 106522 124262 126525 117732 95048 85601 73561 69505
67128 76308 75566 86862 105212 119630 111350 108071 99588 106723 108302 105553 109731 109490 117105 115070 122637 118831 118241 118290 124390 140837 120271 122046 105509 89808 71586 69746
60025 75099 75469 101992 109042 113741 115131 103822 110645 113130 107298 118872 99177 110544 107420 112257 110121 109578 102378 120892 105525 119995 112807 112530 86060 85110 73763 62250
62840 67630 70792 101228 105514 104460 96382 98858 99577 101520 110170 106670 116319 120701 115084 118050 117121 122346 120773 122107 114507 118499 117931 110346 98590 77063 76325 61776
50024 73323 81502 101754 105647 104988 101639 107159 104301 106311 96293 122412 108616 110065 115562 113940 100914 102986 107339 115165 90771 102392 104716 114733 84586 85446 69732 58810
58856 59505 80710 93733 101679 95065 97335 111854 103261 104192 108655 109650 122518 118644 107261 109270 108090 93874 106080 107721 88521 98307 104243 111204 96962 73119 66127 59093
53618 69315 83384 105948 101010 102602 109348 115018 106031 110601 106504 116769 104535 104553 103988 93205 98428 103874 98228 105397 92770 99725 102275 107516 89378 76297 55731 59505
52500 68322 72119 87487 89177 99414 92078 96252 109520 109518 120939 124966 115390 123368 111022 112751 117500 105888 110823 103443 105618 108338 109744 99077 89029 73082 58050 57511
48479 67582 63480 93826 90787 103336 104906 106745 113081 129328 116987 107269 113094 120933 116173 98779 107299 117381 106692 107632 106749 109160 118440 110682 94141 81533 71150 66841
44314 63736 72627 89523 106517 107688 97699 100635 108705 105458 114903 106569 107958 120124 113857 114348 115806 111079 116190 102436 102451 117453 96537 101676 90934 72366 68948 58245
46662 65405 77924 98047 103826 109743 96616 110439 104297 106018 101458 90329 109417 107405 102644 110416 102347 114318 107050 117353 114129 100084 106284 102656 83933 78148 66783 55136
47920 63853 79625 93208 106441 102499 108822 116063 111060 101472 110592 110565 101250 111455 100565 104222 109534 101434 115948 116426 106756 115378 90577 103642 96674 75944 67402 55931
46008 62606 74572 90041 103644 115374 115019 114237 107915 106873 100396 99547 101230 102438 93405 97599 99075 114419 105907 107110 108766 94301 95865 94990 76040 81497 63562 49476
56143 68746 97455 102165 117750 113939 115738 101539 97363 90709 94641 99328 94432 89660 92116 82740 88728 97294 102888 91973 84752 90019 85337 84907 89343 69379 65428 59863
63668 66082 83753 87564 102309 109239 109481 101687 100687 100722 115584 107017 113684 103306 89116 97182 87685 106247 91964 84274 84278 74168 81097 82871 66528 66554 64748 48424
51282 61775 85410 85570 106840 105594 114498 97020 95081 96391 117626 98814 106039 97548 92075 85960 79692 88580 87907 79341 87557 83638 96039 99888 94786 76774 65524 66258
56215 52499 73781 78678 104055 100896 115015 97244 101936 97103 119058 107681 109241 107299 105126 97151 92207 88779 93444 80259 89738 80639 87619 96757 77040 66517 52124 60190
59526 70075 85281 95541 115271 113678 109152 109844 103576 100723 109852 111123 105649 105770 109756 109761 95273 82458 97148 93476 98526 96325 111113 117393 96395 90462 72749 69765
73099 63977 80875 97398 110335 103178 126487 105368 114960 110956 114924 103865 109259 106533 123244 113275 109321 102214 114163 108454 108407 100382 107213 111494 91628 84355 65477 64294
60088 65418 83166 92249 115700 104604 104267 116726 116957 103956 115087 113532 117055 117025 129474 113413 111293 116075 115654 120036 116195 126083 124954 127302 102470 99321 77732 71186
65821 64643 88385 103765 122186 102570 130293 114198 124641 117929 113771 113926 126309 102489 132199 115040 115255 123320 126977 126142 126644 134720 130527 120070 110089 100845 77810 66361
69602 69405 99168 101496 109109 99241 97097 98775 114891 107278 109353 126499 130671 136035 140111 132908 137818 142243 128159 142293 128554 125604 133230 127435 104647 94527 76239 71931
61993 65992 82836 91810 104001 92894 98558 106035 109368 112805 110279 119963 130020 123866 128937 132266 117787 128548 124269 128943 128496 124420 134983 139302 118504 96157 86263 80287
56710 55206 81302 90980 89528 84904 78375 90639 103385 92458 101760 116170 123232 115609 139426 132546 124836 129835 123338 123816 116550 120721 124410 115672 97639 95062 76039 74964
44248 63277 72511 83544 93132 88112 80990 97403 98237 105214 99877 105712 109192 120392 112039 118315 114539 119284 106612 131330 111581 114727 120064 119955 96089 79262 78076 66945
47321 66324 74907 72280 87121 77683 91614 83548 94134 92778 98081 99925 114818 105742 121703 116639 118612 113511 112618 110190 122109 120165 127941 112542 109020 99322 73313 70382
46878 63433 65678 78536 91447 93332 100959 94689 99988 98665 97535 96632 96223 97191 102343 105271 101181 100264 112638 107664 126124 124975 122985 120675 100786 93617 74963 61372
51575 60103 67922 67449 90353 89886 92714 77646 96982 88766 100454 94980 103654 103123 121822 102573 119217 96847 111373 117509 118517 115327 121341 119517 108911 103212 82733 68017
40259 45176 67378 78876 86018 95461 102089 98592 97084 92692 100179 84378 93973 94097 95556 104463 99692 115210 119047 113440 120148 130653 124264 114314 107666 100745 86974 69684
62625 63417 81175 88496 88957 98800 97123 94986 100439 93370 102335 97589 92472 104679 100925 96568 101461 109080 114159 118811 123659 134832 125872 118847 111841 96120 84272 73825
46880 57354 73389 91497 93287 101573 90627 107252 92350 95665 101329 90158 95895 102861 96844 103231 98995 103251 123353 109993 125176 115032 110533 118109 94314 89107 73180 66654
54841 71286 78068 101227 101461 98805 96451 99707 81834 89270 82369 85816 90272 89083 92497 90980 90273 95637 110494 109533 113983 119032 115166 119195 103017 89698 74847 67448
36860 52205 57920 75254 77198 76789 77071 78255 67858 66584 65517 73208 70365 60916 73242 78046 56366 78885 77870 88628 74903 77321 87220 85601 71681 59802 55397 52367
37374 65354 52733 65058 69691 68879 75686 68686 55598 58242 50575 56754 54619 52446 50626 51827 54312 62201 67131 63037 65669 68760 77039 65305 56513 53155 48745 36104