46 28 5 9
34 41 1 62 95 26 81 53 95 55 77 84 81 10 82 23 59 72 12 94 38 58 47 41 92 47 38 53
75 36 87 50 37 13 53 19 58 24 59 28 37 11 26 11 56 49 30 99 15 29 27 5 23 4 30 8
20 59 79 88 0 50 45 4 76 36 13 13 74 71 80 39 49 35 4 80 56 95 39 39 6 87 47 87
82 66 98 69 52 20 58 68 40 57 66 44 7 38 23 65 70 64 5 39 58 35 38 15 46 0 49 69
62 3 57 98 56 92 37 20 83 21 12 28 28 29 38 72 79 4 57 3 82 88 42 2 15 24 4 89
65 39 60 87 9 92 80 60 49 62 5 13 36 3 16 41 20 58 28 58 74 29 66 94 64 41 19 62
30 85 59 94 6 74 59 99 81 83 68 73 68 71 56 4 73 68 78 3 75 71 21 8 73 74 55 19
73 96 28 54 78 59 30 26 96 84 87 72 44 38 62 51 53 61 64 13 33 7 59 77 22 86 57 97
4 58 50 86 43 44 64 78 7 49 37 68 4 64 92 2 53 20 77 32 69 34 33 81 36 85 65 60
72 9 80 94 91 86 1 34 90 7 44 62 21 99 8 65 34 88 86 2 56 50 17 72 99 27 85 7
62 25 82 36 94 6 94 93 30 32 11 44 25 56 80 82 35 98 84 4 9 74 45 38 68 98 94 81
81 28 62 95 94 76 18 28 83 95 62 0 26 7 53 28 41 87 12 51 87 5 24 98 89 83 44 64
63 0 37 69 84 65 65 1 50 17 99 29 56 65 37 69 21 8 34 65 74 3 15 3 4 93 72 7
27 7 48 83 72 47 9 92 34 82 62 13 93 40 71 59 92 40 79 94 96 78 66 92 42 98 55 4
30 77 61 67 7 90 33 99 51 15 62 71 19 59 25 83 23 82 93 89 16 76 72 46 0 94 53 21
36 14 66 97 13 6 14 21 68 56 22 68 68 17 44 86 46 80 81 64 28 14 58 60 32 89 84 17
47 98 44 55 2 36 92 82 45 18 63 89 27 45 37 38 38 40 0 5 48 41 60 70 8 65 29 88
67 55 82 32 50 33 18 55 0 56 83 35 62 4 92 97 7 21 20 17 95 92 17 51 52 5 92 19
71 18 74 56 33 85 3 21 34 96 63 40 95 90 9 1 56 93 42 51 53 87 32 46 2 62 84 41
91 58 5 30 49 53 13 81 39 85 95 50 61 54 47 39 71 62 36 26 87 60 24 16 20 73 57 56
55 78 15 54 0 46 73 99 87 75 2 50 33 18 34 2 97 44 47 72 35 20 66 24 16 66 66 27
9 69 42 54 18 6 60 40 4 19 62 63 91 67 90 49 18 79 39 57 96 13 38 91 39 44 39 30
73 53 0 29 31 45 32 31 59 81 82 96 62 11 33 40 66 90 4 67 46 57 99 27 72 97 57 59
4 78 49 72 15 40 95 90 67 15 52 8 14 68 38 85 31 79 86 4 56 63 25 63 22 13 54 40
28 61 46 61 86 97 58 50 14 48 30 21 8 24 31 38 92 89 23 81 2 59 61 14 21 30 19 35
6 85 80 40 87 44 43 24 64 59 55 32 14 60 97 3 79 52 24 30 27 48 33 89 40 7 89 73
66 12 24 12 1 22 76 68 75 82 47 21 23 30 92 35 52 81 13 60 4 15 70 22 68 15 60 60
13 43 84 68 53 40 84 46 60 52 32 15 2 4 67 72 2 8 13 46 22 38 53 15 98 1 96 48
91 12 96 15 60 15 52 4 87 83 97 32 74 51 66 61 6 26 65 81 30 7 13 28 17 3 49 81
13 54 27 79 80 3 18 74 9 6 82 86 61 48 53 22 24 26 51 34 30 71 75 27 26 92 49 99
6 25 94 62 2 30 22 31 68 35 93 97 33 30 49 15 77 32 91 14 61 79 22 6 66 63 9 43
15 91 77 55 87 51 82 81 33 5 63 76 85 96 2 63 92 13 71 41 41 93 44 98 62 93 65 57
98 74 93 36 80 32 77 22 94 10 91 47 21 14 40 39 96 55 96 85 81 53 42 66 15 18 94 63
6 47 90 20 93 1 5 51 26 19 77 97 53 69 53 68 71 43 75 82 14 75 55 42 61 72 55 33
68 68 35 16 22 11 70 97 93 96 24 84 57 43 44 65 58 20 66 71 30 74 93 87 17 77 95 55
83 67 77 14 9 70 30 18 18 3 93 78 69 70 79 74 92 66 91 53 99 88 0 21 51 20 85 65
94 48 16 36 3 70 26 14 21 73 84 77 77 40 6 98 9 67 24 66 3 99 42 69 98 96 98 30
77 53 18 20 42 61 11 20 59 13 0 31 55 19 96 49 27 54 75 53 25 0 57 24 99 45 5 85
1 33 97 25 13 45 35 44 31 2 51 76 44 40 40 7 41 71 50 13 89 81 54 32 1 0 18 31
4 49 79 21 90 14 67 19 34 36 97 2 91 46 85 4 85 15 78 37 25 98 78 93 99 89 48 25
1 39 65 56 69 52 89 57 32 83 22 59 89 2 84 12 0 82 32 59 96 70 94 57 73 79 41 11
36 22 97 62 17 18 0 27 54 52 19 94 6 81 34 58 81 99 15 60 48 12 64 98 93 44 51 47
0 3 10 29 13 64 56 82 33 12 18 27 0 30 85 14 26 39 73 96 31 7 88 65 10 72 97 77
85 83 70 63 14 97 5 19 41 50 90 65 29 2 40 17 71 18 79 23 31 94 9 33 34 97 89 7
77 41 67 51 11 65 15 81 78 1 74 91 8 34 63 67 46 99 36 17 26 96 68 28 17 21 21 72
59 63 23 94 71 79 11 41 84 36 2 18 14 12 2 87 16 34 47 60 86 7 84 58 94 72 29 37
51 4 2 74 62 3 53 58 95
35 44 43 48 22 51 29 37 77
80 67 82 68 82 8 98 31 59
53 34 85 10 15 23 8 34 10
10 87 77 48 76 52 83 44 58
