169935 200920 219356 272061 295493 341393 310218 336962 337953 334635 337959 350721 327215 321322 308757 326462 341643 337737 358283 329772 307135 322952 315073 328021 335271 351490 331015 355354 356173 347838 367311 344485 383603 361453 317477 298254 247669 217037
196594 225583 271909 304088 331355 376211 353032 349471 373933 364473 346347 374334 364028 352114 347099 341691 355662 375237 355911 345469 346710 359424 346731 362399 356083 384587 373289 376143 374969 393263 400126 402602 387859 358624 342782 286655 256069 227912
204570 243554 284225 293178 355058 392785 354262 350039 373194 384242 391741 393534 368826 354152 354397 377284 391705 379137 373604 404263 372989 380271 373124 382104 389949 400071 415634 380272 402828 419745 417204 427144 425505 409520 366797 323624 284643 240302
210976 267486 299098 356530 378698 403226 404287 413402 405197 428084 406062 419240 404460 397363 408089 392479 420451 389497 412044 414081 399708 393758 378563 419014 395841 403299 402933 422094 437621 444686 447885 443785 433617 406899 373078 333140 291219 255067
238059 283881 324239 354252 410065 443663 425513 430294 438828 438816 443299 436276 411264 431820 420307 435721 441096 430677 426763 428729 417590 430926 426401 432681 454416 450648 449646 456850 465312 481070 455716 478533 488906 444862 391034 361437 313513 266494
235571 304259 338149 387281 428593 462954 471310 476006 464918 472131 466733 474069 473312 450370 471689 452532 461618 466257 448669 481913 466311 440576 472055 468063 447242 480656 485964 473928 478529 511039 475944 508196 478692 451853 433221 395386 323243 271606
235511 314322 357442 399596 449318 519704 488288 470482 486554 498588 508215 504653 476123 477744 455186 487040 467128 472394 448430 473033 469806 466012 476335 464499 476009 521469 499793 509933 501728 517099 522516 520993 533264 474631 442507 412054 351677 292633
263650 313624 372721 410173 468168 525200 491422 522067 531257 496501 544852 542142 498322 498204 479069 513414 523482 504099 514629 513527 508551 512482 509512 510060 543458 535432 500449 528565 534808 566513 541936 507681 557290 507141 466143 437653 364515 304037
280607 332226 401243 448214 497015 535148 525037 508110 550029 552666 542089 533049 539148 534165 538122 529147 528497 520787 556451 548625 500138 533372 510268 517543 545710 551165 525314 559371 547865 577805 556917 549166 559093 511774 478383 446771 378444 334166
295252 351058 418277 464362 487877 575920 571367 552411 564693 599933 556962 598913 524105 542974 540365 526576 535470 550581 545648 554245 556403 568055 527092 543872 578360 561409 553296 559802 573355 558556 565895 581320 581988 535258 511806 459907 373719 329634
322885 397506 442062 501747 549311 596203 609021 588211 577393 606380 614370 594647 579074 588240 566385 571523 604447 593187 585928 590186 560555 574869 580954 575234 575111 613406 595067 589315 618812 608274 597895 622127 615999 550265 507916 436847 398548 337529
326654 384247 432219 499735 569521 622218 606684 609609 584712 638237 642236 623208 623797 606179 601305 619994 614411 631842 600354 614416 603378 611468 609729 610900 632531 615426 617128 609086 623774 619078 595966 620263 603219 586049 526208 453010 403566 356113
317030 386639 441721 504566 557141 631195 577100 628717 642001 647709 649910 647000 609670 624260 637091 623185 610380 597625 605609 623559 593131 603310 593481 599796 608837 625006 611148 602275 631323 666168 634438 640182 627789 560109 536333 487534 411746 344082
320107 392461 456643 514237 574097 639099 624752 628576 643859 652068 664066 637395 628222 630837 629619 629281 576649 612500 630926 618756 617286 613315 614433 581346 586324 623183 612462 593191 615888 624264 592988 610663 639542 546941 522101 478825 409072 360085
335699 400616 443593 513321 563617 617641 598219 630861 636913 649208 625746 644254 660569 616800 624081 635728 653190 625784 616128 641035 604125 606679 621328 596305 596633 622387 579905 630577 628086 596660 620249 615657 585374 577967 507935 453375 388157 368439
346681 416495 450063 506245 558101 648291 629450 618583 631601 654619 673476 661889 611966 642688 626857 644016 598773 611147 594152 614940 630413 608297 602819 599778 594925 619420 572465 594123 605730 600024 621664 595105 619480 593579 539368 476343 419058 369281
349269 389108 454773 530424 596138 655527 632640 644785 627885 616565 637345 654765 630197 626105 614374 635922 634454 628049 614638 612089 633933 618453 601126 618133 626706 633086 623597 618495 612610 623355 626561 615153 631339 538601 507443 470944 396867 360811
316222 396805 449155 507350 581473 614207 622370 624348 639535 634984 636716 633682 637787 604871 625529 635379 621076 619579 617044 619451 628548 623948 613997 614517 593544 616101 603854 619719 595738 597793 581591 594835 619470 576209 524699 474483 406229 358880
329312 404921 444064 503179 592153 625493 632895 662549 620016 643770 649445 633308 648526 662167 619727 635763 668985 644955 643538 647536 633272 638974 637455 623743 629612 613060 621114 595158 615794 617760 623652 612140 612226 574592 533944 499916 418456 348275
346198 427724 453946 505129 561021 654850 635983 681534 656676 645357 641811 639441 668959 623750 627643 649035 638983 652547 621464 624702 631978 644187 587275 589322 574511 615947 621482 595485 621178 590958 624970 612120 570372 554189 501228 436073 424993 357235
341924 400111 460860 516395 567435 634205 603281 654972 627187 630379 656520 615618 664657 657933 605923 651432 646428 644614 628057 650834 639480 619685 640512 610488 620501 582104 624530 604901 607305 603670 572949 603782 610126 556871 494406 472098 408127 327698
347956 391932 425303 500516 589099 629624 614164 665229 662455 656574 653826 655889 660120 665242 673175 625885 671240 663976 630128 648983 658892 639072 630121 607749 589836 594074 611535 611864 588048 592244 608442 591879 598530 539815 497103 441763 370995 350806
338805 407986 449893 540837 570170 631601 652556 648842 638152 637032 654471 632733 660034 668444 646591 652837 666472 666788 618075 678375 619453 626931 635702 621521 622312 604642 581258 607851 610389 598394 609351 574653 603491 551900 523062 456659 377769 307568
355156 387252 443002 525673 577700 605639 644464 652236 647910 643118 637263 633981 659319 659397 653873 617311 653078 661316 628438 643921 646424 616584 617797 610975 599050 605913 605781 581392 558391 568628 613096 606897 570736 510052 475835 434402 393426 342271
341931 386663 439486 536216 585435 642345 653380 649339 631902 660530 656315 654115 663362 676656 656729 663119 665830 673350 660431 627819 639367 647029 637580 589282 611685 609350 576401 592887 581769 589134 556544 557911 571291 527634 494374 426066 376345 322600
352549 410883 445617 520205 596649 634276 657921 659701 642716 645613 664908 672312 662492 683040 635839 626718 662951 621537 648229 638443 618722 635666 614394 603969 588212 589954 594021 579872 565384 568905 566941 576153 583433 515678 489370 455018 387719 320262
334585 388207 448787 496002 568992 631473 640495 674052 644986 659559 664133 641824 644388 669750 659507 638942 682343 672698 630153 632467 644807 640620 606354 623215 603935 592402 605316 586454 551180 596722 571617 593334 577358 536716 478888 455606 374320 312440
322712 387426 453363 519854 585122 630680 664467 672308 645311 645282 619997 645099 691548 663414 651563 658073 638304 675404 638430 633073 619857 653830 632930 586950 609092 596070 609441 583153 573987 566764 583503 586079 604375 542024 481447 456346 409867 324055
361847 405466 442398 521745 583668 632564 634880 677449 641023 671521 653132 641009 649509 662328 665092 665231 676279 664581 660715 661648 623079 614272 643512 613177 604836 571367 576332 597457 611775 570210 592088 577025 596978 574062 517539 439590 394622 319208
352008 399865 440686 530741 591733 642622 629760 676382 658135 641714 633334 612797 651636 674996 661466 632221 698220 684235 654699 627959 645280 631528 639990 620016 586637 621815 587596 584864 575961 593817 596008 601063 592373 528523 472446 455438 385376 324110
338941 397666 427882 497342 564778 618807 617717 623711 639724 618085 646702 636142 673185 666488 684504 688965 681865 661180 645401 660495 639553 659464 620252 600646 604591 624116 589452 613016 585659 580939 576118 587177 592608 536469 491967 439827 384128 337938
355043 383106 436036 514633 550077 609309 652652 632992 657263 673413 642291 630108 663736 684690 672544 656958 667181 670053 623335 629125 602086 620744 639734 609789 573737 609378 594649 569039 568888 587207 577999 586576 606536 525154 494722 440295 385640 326093
344929 373892 435309 483405 567507 623101 607099 646527 674848 654504 632453 643241 651269 653927 679104 687229 667758 652667 664540 665949 659711 624972 622798 629937 616062 585118 582588 603315 579992 602991 594289 580267 605376 560282 494030 451153 384525 320733
338520 392900 445753 491745 567933 622549 616771 631780 610361 655044 640518 615568 673907 663357 665585 671550 672147 703727 646529 616017 635522 620111 641467 594863 634617 602759 585576 598167 597720 581360 585808 605092 592462 542963 485355 471445 398573 347330
361327 394357 445459 499542 577579 629164 609137 630674 658362 646236 628736 635778 643889 668199 677506 659774 669200 684703 680530 657968 646525 625648 616241 622642 605034 595912 588539 596299 591186 624621 605826 580774 612801 547186 505110 463671 383468 322971
325369 379754 471200 499018 563234 633965 622573 634980 633604 611190 636813 651721 640536 643381 653619 680745 679991 670942 610756 653766 634213 648420 628625 641397 611797 599232 592405 601213 585767 601334 611253 615252 580585 546855 495232 461969 406275 336468
343398 409848 431717 496290 573096 631226 626666 599456 616676 623508 618905 635402 648460 648545 673684 690741 680757 677768 665179 673698 661955 647452 638766 647959 607616 610480 639435 627816 622932 573855 591926 578644 606711 555235 480044 449203 389736 324886
338902 398359 423672 488699 556089 625355 621276 646091 638531 624648 599932 644949 659381 657275 671784 659092 676540 687125 649111 630343 633559 663749 637874 614113 581028 615091 605010 587370 582440 588127 616267 573545 620904 580718 500574 444025 387987 302671
334607 420764 443341 493882 544940 630190 647100 617109 641097 621017 621312 594268 655862 664532 646374 656926 662493 632367 672054 650118 649414 659374 654512 646624 633242 635904 586537 610148 613646 606861 587076 587196 596735 538627 510795 450932 404060 335154
351358 405309 440398 510514 557772 608949 602494 611071 634028 620075 629299 630224 607628 641208 641979 682446 707206 680489 649947 646029 674882 653807 654214 628308 607319 610011 618122 603792 600195 609969 585652 590329 608877 525957 488790 444249 384753 321549
335403 385681 448425 504938 583724 621035 623207 624706 631235 653468 617038 641769 646374 639653 671712 659519 661581 668396 647221 629819 662700 668776 632480 629392 628574 600407 583113 632063 591933 637540 607643 591904 586482 550475 504153 442239 385957 341793
354668 403417 446098 503748 586051 625649 620355 611469 633601 612441 626891 637618 624929 653600 644610 676447 627043 656452 658391 654088 628870 670437 631171 608965 643065 634282 606691 629616 604163 606464 615755 617039 602303 559501 522925 450059 384359 325129
323473 387722 465269 507715 554509 620179 631581 630640 617833 641239 620105 640373 654472 640203 638737 671032 655726 675589 656611 665297 631638 647660 661066 585205 602496 609441 630043 594870 623438 616408 621569 602301 631324 537643 508276 446126 397460 307543
343745 402090 443647 492103 576285 632134 639536 627428 640616 645851 639115 690838 640224 652426 646790 662643 674122 625647 612460 642989 667005 650708 624034 638938 621046 615805 615016 632658 641593 597886 615044 593592 624839 559800 514932 466106 397581 336199
322042 392124 477214 504597 559506 640694 630189 630846 618981 637478 618617 646468 647350 624038 640822 631658 638929 635911 654681 635611 633330 651125 627952 617800 609270 611474 632042 641397 620302 615138 604840 596987 598824 575781 510198 466843 405714 316257
326397 405905 463430 513345 543448 616944 620477 636020 618644 635363 635196 629139 639127 645011 662502 645783 636071 643089 663293 656889 644305 644535 641154 642192 597556 631337 602252 598228 615715 607995 633719 580685 612537 554330 486782 471380 405150 327126
320388 397888 447211 520900 574558 637490 646063 633472 610802 648125 649550 658752 672340 663647 650982 674009 646067 628463 634744 640771 642233 652310 636923 613201 641878 605560 599947 638757 611561 611193 625142 612755 601636 566984 507822 461334 396974 340824
339969 402474 453036 526220 605287 655642 649409 641196 648787 629709 619005 664097 652870 656203 640052 662332 648735 614486 639280 617922 671600 675509 622430 618953 605712 629801 609857 623242 616712 622705 595014 621032 654121 574015 530398 477163 412270 334944
323190 403282 455978 497945 548925 634913 660222 641695 627216 621590 645822 663688 665715 631516 644702 703133 656551 653465 628761 656278 646982 645611 621494 629220 600531 596125 619117 643799 611413 619111 620769 620416 655731 568299 525680 476702 404716 319159
332406 390653 442128 502718 596286 632793 637569 628605 632755 646673 658148 679693 669562 657501 667756 647663 672569 662777 632300 673955 618897 632616 650663 628882 634074 588166 644029 650550 615974 617243 605578 608306 633025 568801 542708 483003 410213 316874
330313 396334 445518 510539 576502 641290 675178 661175 649166 677159 653074 673017 645175 639600 642444 656205 647832 639667 605787 640739 645587 633824 621747 603771 604141 619298 602476 639831 590036 630116 598193 579667 624902 571111 508527 461123 393721 346143
335376 419201 469307 513961 575542 651008 642959 642348 647728 629879 615338 657338 660888 656846 652524 642022 650151 640749 644982 650965 638182 645747 598215 621862 625385 615105 622582 629261 615266 586367 601529 600006 609774 566380 525056 464021 409645 336975
338211 420075 453888 540406 604707 667181 656837 673455 662382 650849 643175 684606 642998 648801 639996 684429 637604 623268 634419 630221 651595 617594 601784 649562 590203 611352 617034 593000 604209 589536 621232 607263 632758 542319 509560 488971 427295 357638
334167 426947 485067 531031 586846 677343 660650 654144 641034 655327 659403 687473 660333 638243 651364 642649 654748 626379 627454 599360 616558 625747 633299 611919 571558 596454 613888 610397 610218 621155 603142 604175 610504 593712 528151 476367 395364 321829
335346 401959 437076 507268 593663 633969 663881 629444 616901 635743 616693 619666 620949 635083 637945 621967 633192 601623 602045 620800 615240 636469 586524 594269 588343 592821 591679 618732 595876 582869 590700 574660 593036 556710 497971 448817 383392 333316
305581 398326 443286 511313 543682 598639 622683 610870 611090 591858 593446 614119 633193 623526 593505 606848 598097 598657 598467 602876 570124 594153 574276 544031 525144 560522 579773 578247 564754 584403 559599 555761 576125 527221 468516 430943 364679 316446
302375 371666 413756 471248 521026 565200 610982 577540 574205 607403 585493 596759 590020 562929 577687 563150 582319 559509 523041 560306 549027 516931 507113 544319 540111 516583 523505 537540 540409 534386 536309 544424 539314 484692 461498 414018 383860 294960
297439 347428 405692 452448 514861 550080 588524 568638 555535 522351 553668 570962 552936 543437 529336 535391 521399 528199 534243 544031 517520 523327 526230 514819 503717 497194 516430 531949 505995 535609 523916 514188 529036 486375 443719 386627 342290 283136
280909 339918 392681 445209 500785 518328 539001 543071 520138 534672 516611 523112 519540 509199 539883 506725 504591 481929 475117 491669 491051 513045 467333 463017 499053 469499 488346 495903 484845 478466 492123 484827 501142 458997 419312 371742 339111 267861
271253 317638 355150 410758 454520 484761 505336 504508 512501 516185 488106 505411 506354 494003 479195 493701 500217 488507 477967 460925 469270 473073 467140 448726 456418 465557 473073 484269 475617 467607 463798 453606 499842 471335 403631 343170 312543 267168
237215 282867 320182 394915 427513 432830 464088 485918 456296 464513 448794 449590 464110 441918 440655 462143 463010 440468 434354 425789 423588 436994 431040 426798 411984 428430 422428 443342 445864 441603 435752 446663 456672 396848 362629 338391 293955 220630
237741 292422 317008 357392 379451 442304 459546 461669 425530 440756 445305 438533 443593 435898 415230 425051 430319 414691 415457 400375 413856 379162 380121 391670 389893 417267 394023 406805 415538 390851 406589 390084 421858 374675 332215 312364 267186 226217
234486 239772 295905 344602 369989 400376 418414 434734 410478 421866 417497 388753 405101 395270 390427 399233 374760 353554 371664 390305 362586 360419 355362 335056 332982 357056 354879 351452 358534 390796 371449 379723 389811 352587 307965 310118 240680 199728
202321 231623 266187 321343 345173 361864 373564 383609 383916 384559 358950 357821 360873 378665 348705 351009 370829 342984 337944 322567 333822 338973 316299 327320 326120 322089 316220 332934 356713 348005 330561 332529 350258 320107 281586 253130 225256 196976
199142 233148 255945 293739 320526 331847 354883 330995 352580 346458 334836 320632 346078 327611 332577 336052 316728 297616 298896 314557 310071 324412 304609 292055 291484 281840 293242 295297 292897 297021 298709 298530 314604 279465 269175 223713 209929 159384