65 38 23 11
64 32 45 85 50 35 16 18 27 2 34 75 17 87 44 60 96 23 77 75 9 57 23 56 66 14 9 38 14 93 89 12 74 39 91 11 17 31
75 11 37 40 16 40 95 59 54 62 5 64 59 74 86 18 50 2 42 15 5 77 52 19 82 44 79 68 81 96 89 30 52 15 31 17 12 98
22 32 92 17 38 6 28 35 90 80 3 18 67 61 90 23 94 71 13 39 6 63 49 77 42 4 89 39 69 85 33 89 99 32 77 65 60 48
7 5 13 47 25 56 94 97 6 27 72 84 67 85 47 65 85 13 68 45 62 64 70 9 1 40 67 64 84 22 25 78 25 1 87 58 9 40
50 86 29 14 42 7 58 6 66 72 17 5 59 44 69 76 22 68 70 3 84 63 66 60 64 16 29 34 19 86 97 58 32 20 68 7 59 72
72 62 32 18 98 57 55 62 99 41 74 34 32 75 95 15 8 55 58 19 84 25 43 15 83 17 27 75 87 39 21 35 20 69 81 75 92 32
43 31 89 85 29 99 80 55 24 34 15 15 34 66 30 61 30 25 45 15 67 4 6 13 30 92 30 99 36 45 95 22 5 26 30 25 79 8
94 8 43 17 30 20 69 93 42 27 11 16 33 24 57 38 80 94 76 74 99 32 85 82 90 52 55 89 26 46 69 16 90 98 91 39 96 95
85 53 29 90 76 71 74 78 28 29 78 57 93 6 17 0 72 21 98 42 59 6 29 31 19 88 39 4 10 90 47 18 61 92 35 51 63 79
92 6 36 93 63 59 74 64 10 84 46 71 7 11 11 98 31 7 28 22 66 59 19 88 15 74 54 36 55 46 89 72 96 32 74 47 76 76
79 76 73 94 63 38 84 84 8 13 65 76 16 76 90 34 17 42 58 63 71 45 74 25 22 49 20 48 70 38 37 67 24 73 85 7 74 32
94 44 34 26 97 0 23 53 16 38 26 0 85 30 81 37 28 83 70 44 14 82 7 34 42 80 85 12 97 91 83 56 80 87 21 43 29 97
86 46 16 50 52 78 41 77 31 26 48 94 1 35 41 54 89 0 18 60 86 9 42 35 11 51 99 75 5 66 64 30 57 97 50 35 4 31
57 73 9 19 71 74 47 63 1 29 64 23 82 38 78 60 1 9 29 48 39 81 26 64 86 51 74 13 33 44 2 69 97 31 4 93 29 48
8 16 18 85 49 83 61 24 23 41 71 91 29 27 64 92 87 40 3 47 64 31 93 26 74 46 33 69 3 19 9 60 23 81 40 63 4 84
64 87 59 67 14 59 92 20 65 54 62 28 75 40 32 72 36 48 76 46 5 17 19 25 92 29 58 88 12 55 72 7 7 69 36 95 76 66
29 28 30 15 1 14 59 81 68 65 72 7 48 11 10 89 67 51 66 40 59 83 36 82 17 87 97 10 0 33 72 33 57 30 13 32 46 47
94 2 12 13 78 22 54 91 86 15 35 86 54 0 56 55 42 6 11 12 31 45 32 49 42 38 71 2 24 96 27 75 0 75 82 53 61 98
49 51 67 9 76 60 85 10 99 67 81 97 39 47 21 11 76 74 43 75 96 93 84 92 41 17 25 4 37 28 42 75 91 51 88 85 5 24
67 53 85 57 13 69 85 79 14 35 0 6 41 23 59 89 84 24 48 71 33 45 30 65 81 60 14 19 93 89 91 7 3 30 26 3 34 24
48 20 91 70 28 79 42 45 32 57 5 11 96 79 80 2 11 87 25 33 0 62 74 19 53 27 26 68 2 22 49 20 48 62 24 15 88 6
81 7 72 10 15 77 29 66 86 99 60 79 79 83 31 66 96 38 51 43 95 32 57 70 76 35 38 74 52 43 76 2 38 8 74 2 1 36
51 63 20 24 16 39 43 30 68 77 33 49 74 91 92 1 19 79 45 19 13 87 0 57 3 29 33 43 90 11 0 21 94 4 93 61 55 66
8 21 11 87 91 30 17 15 66 64 35 88 43 46 93 97 56 90 99 9 30 78 53 32 96 78 38 19 25 42 98 61 95 5 8 78 41 72
33 40 76 52 67 78 34 83 91 97 59 62 82 35 61 0 10 70 24 91 70 37 56 19 20 6 20 97 15 32 11 35 93 81 32 18 41 89
30 65 94 14 90 56 26 27 43 29 70 43 57 59 68 98 18 81 89 19 34 10 72 70 93 42 33 43 87 90 39 37 3 6 91 84 69 4
53 36 27 20 68 22 15 91 46 66 51 26 66 11 70 27 87 68 99 63 26 25 32 11 63 69 82 97 69 47 43 63 44 68 21 63 69 99
25 66 57 52 24 79 22 55 64 45 63 22 94 17 3 86 85 85 2 79 41 97 88 60 17 25 75 21 77 17 4 87 80 69 37 41 64 20
18 10 43 51 58 52 4 72 81 45 27 78 33 41 78 8 5 74 43 29 62 63 99 6 5 29 92 71 90 33 75 6 13 20 32 34 70 85
71 72 83 71 5 75 54 55 32 93 36 57 60 3 41 84 87 98 53 69 84 93 64 28 77 99 24 45 30 17 13 82 94 37 54 10 5 26
18 95 51 80 95 13 49 25 92 7 26 37 39 67 85 35 19 77 30 48 18 86 51 29 17 3 33 71 29 17 48 63 96 15 23 61 73 87
78 32 79 95 74 71 28 16 67 92 7 38 74 70 47 82 80 46 67 99 20 26 4 61 33 61 86 45 37 72 71 42 26 22 41 13 53 64
43 23 85 80 96 85 14 19 84 53 64 71 67 16 0 14 88 36 65 97 95 43 43 77 3 3 34 7 36 93 66 68 48 32 28 4 49 19
8 97 40 27 97 92 49 4 27 47 16 96 52 66 78 61 35 16 68 24 93 34 14 34 89 35 56 60 36 72 56 7 14 58 27 89 44 66
93 40 51 73 68 52 77 17 9 53 48 21 79 83 8 32 4 26 83 18 34 74 28 7 3 99 27 24 14 74 21 33 55 80 19 61 5 41
1 93 34 25 18 0 87 91 43 17 83 47 14 79 71 86 33 73 20 73 35 53 17 55 43 68 59 43 27 17 42 50 36 43 22 66 13 73
61 81 42 75 81 86 80 35 18 84 2 31 93 66 14 51 46 90 51 4 20 46 51 38 88 15 33 75 98 4 70 36 32 4 52 1 63 94
51 50 19 45 8 49 59 42 29 89 23 77 44 32 68 6 99 32 98 32 69 48 16 19 55 29 20 24 38 61 65 57 57 77 67 60 83 14
90 32 42 26 12 79 43 52 29 4 76 0 73 82 72 42 25 30 30 24 98 53 75 71 11 97 13 86 17 97 39 95 66 58 71 84 24 97
4 26 16 67 45 8 4 79 65 26 61 58 97 25 69 87 76 96 92 35 40 6 10 61 87 47 75 86 43 6 75 57 70 19 74 5 57 53
59 26 41 3 0 91 94 37 38 91 41 60 22 67 0 34 97 87 20 15 41 73 62 3 78 58 30 46 73 64 42 40 39 40 44 43 17 89
65 34 52 24 97 30 12 0 47 20 43 7 65 42 59 30 76 61 88 81 92 5 86 38 43 7 99 91 5 99 22 40 40 17 23 71 9 62
5 44 59 77 67 25 39 25 43 75 42 39 66 47 88 72 45 51 29 88 44 14 17 21 49 43 32 7 40 11 89 18 43 1 38 94 73 66
66 64 56 66 86 73 67 5 81 16 69 53 50 37 65 25 72 45 60 59 54 30 82 44 53 99 52 44 75 41 10 61 70 9 57 56 46 87
31 46 7 44 92 62 64 60 18 13 29 14 13 88 37 43 98 2 96 47 81 69 38 80 9 62 58 19 35 53 85 57 11 79 24 25 9 35
62 59 0 93 9 9 49 94 29 43 83 74 74 58 90 11 96 49 82 77 86 0 10 84 15 55 42 47 70 43 19 56 59 36 38 77 4 29
85 80 2 68 9 2 81 75 23 63 87 74 26 47 68 60 23 63 84 81 1 29 74 37 76 13 94 89 53 5 69 47 71 0 68 44 9 60
31 83 32 85 41 94 84 79 66 48 20 68 12 11 15 32 87 55 54 9 76 84 92 6 93 14 20 60 27 65 14 44 8 37 97 17 85 48
77 86 77 4 17 24 20 77 97 93 74 14 67 34 62 32 95 99 79 39 36 36 56 57 9 85 18 42 90 95 11 66 80 26 36 43 32 98
14 71 45 10 51 10 81 34 73 60 19 96 13 13 18 6 86 90 13 87 83 10 22 62 83 83 86 49 36 58 32 88 36 77 10 58 93 30
69 13 27 14 99 34 96 53 24 0 84 30 42 46 11 36 59 92 25 66 42 90 57 96 89 32 5 75 65 82 61 83 31 33 30 41 68 4
67 19 49 24 44 20 69 18 56 84 7 87 41 29 32 74 94 62 22 11 1 89 24 36 7 64 99 84 81 57 69 14 76 62 56 47 54 15
70 36 92 43 60 11 96 99 97 68 28 91 57 73 28 39 43 94 30 50 89 64 72 53 62 8 0 66 47 20 76 41 99 27 39 56 84 94
9 68 76 36 75 96 60 94 7 77 1 67 71 24 20 67 68 23 40 3 35 24 8 38 79 53 6 16 99 8 92 98 44 4 1 54 14 92
8 65 80 64 58 24 93 75 74 1 19 34 78 90 48 52 8 8 60 83 51 37 90 87 84 36 41 43 9 75 82 40 34 75 65 54 63 24
30 82 69 96 7 74 93 61 11 81 39 43 2 14 93 88 40 8 48 32 52 85 8 37 19 19 28 4 17 64 39 67 44 30 7 90 31 87
44 81 66 95 65 19 25 20 8 40 42 60 44 94 57 42 61 99 68 10 95 12 32 75 78 41 7 54 50 16 22 85 28 48 99 59 2 11
29 8 85 70 56 66 96 73 97 62 64 98 74 28 66 10 74 97 9 43 4 7 71 22 87 56 40 56 11 57 2 81 66 38 51 21 74 59
64 86 90 17 13 40 44 94 43 0 75 75 80 40 91 69 67 27 99 32 0 33 29 0 45 55 20 2 82 37 23 86 75 25 94 75 1 24
60 16 21 8 64 66 49 64 48 75 56 65 55 17 17 21 86 49 58 98 64 12 83 58 60 12 31 78 68 32 48 74 28 9 84 55 80 80
11 40 54 81 15 66 40 27 66 66 82 31 31 86 5 60 2 5 80 4 90 45 84 64 21 87 8 25 75 80 54 27 15 54 42 4 35 75
92 78 31 72 52 87 18 54 79 38 21 69 65 35 53 57 83 3 32 6 89 17 48 85 32 13 23 48 59 0 30 20 89 39 49 69 89 64
77 24 38 26 86 26 8 92 89 39 15 89 45 31 91 17 41 68 45 72 74 54 47 4 3 88 90 88 83 99 49 83 42 78 2 40 45 92
24 12 60 79 50 82 30 58 14 52 23 86 6 83 53 10 99 80 58 29 24 42 14 25 32 56 98 73 39 48 89 24 39 30 87 45 6 99
84 80 13 11 78 99 29 1 55 14 78 70 54 61 57 13 69 91 77 66 29 12 6 38 58 61 54 7 14 56 57 18 21 40 25 13 98 34
24 24 89 9 46 39 68 37 94 66 1
6 0 21 67 89 89 82 73 71 48 47
61 50 94 16 60 46 13 75 15 16 81
31 10 12 32 50 61 40 28 79 9 49
91 50 68 2 38 69 13 51 63 13 79
89 86 10 86 15 22 20 13 22 62 49
18 54 47 60 55 12 42 77 73 80 36
21 36 84 32 89 59 56 52 97 46 49
79 78 50 5 40 93 92 81 2 0 78
35 28 12 27 79 28 13 18 71 19 25
83 51 43 71 10 34 86 52 61 72 99
97 56 74 83 25 88 52 94 19 85 43
55 83 85 14 18 45 83 55 2 6 73
74 40 72 98 69 15 94 19 40 96 60
89 98 26 85 96 78 88 50 28 66 12
36 81 77 12 10 1 91 70 13 57 71
21 98 76 50 76 86 57 99 84 45 64
48 18 96 42 18 9 21 46 85 2 41
59 3 75 53 95 83 54 18 5 56 4
82 15 12 76 13 64 63 86 30 26 67
34 91 96 33 90 99 7 99 1 14 19
73 89 12 9 36 32 76 3 22 87 25
56 87 4 2 62 4 58 49 70 50 7
