668222 722991 726790 821623 862849 882840 957629 953885 981647 1022852 1089840 1093334 1172697 1231855 1233042 1316398 1364418 1316380 1298032 1321817 1288373 1261001 1335568 1336652 1294878 1277672 1283007 1270368 1296929 1266942 1298450 1274557 1270392 1308459 1294724 1297325 1252835 1284849 1211209 1159708 1111753 1106537 1045278 993575 967503 913025 866310 844493 797244 778974 705341 689964
726407 748612 803812 832479 880520 957485 991678 1039185 1046844 1123482 1170152 1176261 1253585 1312693 1336189 1353067 1347050 1358299 1394448 1344037 1372197 1350616 1345880 1397243 1356286 1347875 1340689 1367892 1330968 1356729 1347304 1334928 1330470 1347792 1406121 1303431 1357505 1321768 1279680 1214708 1187159 1145358 1121599 1064486 1009900 991711 938883 918936 854825 796232 755960 729626
736008 824866 848163 886726 949810 1046645 1053924 1101315 1143240 1185715 1201560 1255389 1318261 1331139 1393046 1448867 1466438 1479143 1476459 1445741 1445220 1407902 1453511 1442389 1447302 1493333 1457324 1421629 1441668 1445896 1443518 1430303 1469180 1462422 1455892 1450003 1447831 1440523 1337467 1333639 1245399 1224972 1174430 1117440 1082831 1028800 993549 957675 891028 831524 785863 758593
793125 861448 879867 936520 1050800 1053135 1092254 1123965 1165930 1226923 1278096 1318426 1380430 1453442 1450717 1547427 1551350 1540489 1540810 1548730 1530523 1488444 1511138 1517665 1547083 1535895 1522591 1515865 1517580 1525077 1492148 1535713 1495267 1540643 1513617 1481237 1511447 1509393 1388041 1394968 1316634 1297293 1280905 1216061 1131706 1051051 1027638 970372 920953 894755 853271 795629
835078 903026 932162 956824 1062345 1070315 1103260 1169757 1195188 1272715 1292507 1335366 1401980 1458328 1531256 1568262 1608522 1608190 1585816 1590339 1544808 1547215 1592036 1614732 1559405 1596211 1562682 1593454 1626717 1602719 1625929 1562808 1600169 1647410 1629029 1572641 1585586 1540871 1458515 1433154 1393532 1370717 1310913 1258337 1195818 1144354 1115497 1035421 967020 907216 884936 818233
867115 931681 965913 992847 1056571 1146502 1194414 1278924 1321554 1340226 1354538 1391612 1460319 1516001 1603399 1722744 1672449 1678903 1692833 1650899 1658023 1626144 1691653 1652180 1682515 1675668 1678096 1641309 1689005 1646205 1669453 1653131 1678069 1655777 1674471 1636071 1629227 1611243 1530998 1505284 1435826 1423413 1382900 1306587 1244501 1213903 1134579 1097852 1020094 960679 921890 879147
929023 990824 1009766 1087738 1130979 1190419 1264655 1316861 1372312 1391854 1457472 1462604 1549207 1615589 1719405 1766562 1728935 1752488 1750243 1716556 1748478 1719989 1744484 1784488 1751800 1765091 1796430 1773860 1773054 1703601 1724456 1752008 1715735 1751310 1759278 1695794 1736551 1683231 1620617 1620028 1517368 1509530 1434191 1375698 1318894 1284075 1192954 1125085 1075179 1028397 967832 902737
947770 1009172 1038016 1148192 1214587 1265108 1287472 1396249 1398519 1454204 1509309 1598261 1617241 1726812 1799709 1797859 1827047 1834677 1907982 1845494 1867390 1806452 1829919 1867548 1824964 1851028 1836774 1897442 1820472 1855674 1838731 1867851 1862086 1849686 1851749 1830399 1821885 1815665 1715926 1683770 1611131 1528747 1485835 1459618 1389365 1344358 1245393 1192179 1162589 1074506 1045826 940857
1005543 1066580 1106891 1173066 1224360 1348093 1382363 1432830 1516266 1530430 1584713 1671100 1728389 1761588 1861071 1953883 1917734 1942577 1883818 1908024 1944076 1869062 1927300 1964230 1953710 1919330 1928560 1944210 1948533 1915103 1921662 1951743 1913043 1916108 1921426 1920459 1913418 1905457 1794491 1769404 1649978 1646254 1562309 1509891 1452725 1429795 1291644 1259418 1193161 1094590 1084878 1025138
1076596 1129872 1212646 1271290 1313144 1403272 1422390 1512627 1557115 1619240 1728609 1717432 1820813 1862449 2002230 1995769 2042456 2049768 2012524 1971158 2039606 1993326 2042447 2033804 2015687 2085521 2029740 2086409 2058100 2062320 2014090 2047074 2003726 2039597 2038112 1982512 2057688 1965779 1910545 1850950 1779786 1715419 1644867 1588907 1483369 1461145 1362158 1285283 1242600 1187249 1117031 1043903
1078457 1146121 1257761 1290390 1381659 1429150 1473203 1580330 1602554 1680188 1714931 1761602 1860495 1941697 2006534 2058934 2092437 2054546 2114855 2096875 2076823 2093055 2089614 2124424 2096185 2139852 2088170 2103669 2149644 2134327 2109054 2110079 2111561 2105310 2132012 2090754 2097760 2109081 1966583 1902452 1846250 1731554 1712326 1610008 1578490 1486376 1440937 1346752 1309288 1223544 1175695 1084051
1139217 1184775 1276050 1312255 1411366 1482351 1567079 1641061 1665095 1734711 1788758 1793858 1950716 2031807 2123435 2192474 2149727 2187710 2201837 2165067 2204404 2174803 2202612 2216268 2203142 2219584 2189223 2249486 2229056 2223498 2192764 2239466 2148006 2210565 2164686 2152088 2157901 2080531 1986240 1934259 1916954 1837998 1779753 1668219 1570435 1563497 1432378 1413905 1303382 1249930 1198567 1109265
1163637 1256277 1330527 1363786 1461498 1548734 1614283 1655163 1737641 1818959 1842155 1883893 2044548 2097242 2154983 2264106 2295302 2256918 2282176 2253021 2239213 2254332 2270672 2287778 2284778 2235951 2299766 2273843 2291610 2324923 2280556 2340241 2301259 2287892 2229102 2255479 2254655 2149428 2089169 2036049 1981264 1889580 1875653 1736960 1651856 1646466 1521446 1478884 1391277 1278141 1276184 1134823
1218758 1288650 1368174 1393409 1496091 1565692 1652182 1687711 1763488 1857411 1913944 1985712 2064264 2159002 2193281 2329150 2277152 2303103 2308940 2328814 2261289 2328700 2323976 2379326 2351077 2375518 2326364 2352889 2393319 2309620 2331720 2316504 2302551 2343345 2332735 2251241 2298820 2270343 2138704 2099896 2002207 1903366 1908743 1767570 1748616 1629119 1581583 1474310 1424209 1313109 1306566 1203314
1250000 1334657 1388466 1484576 1550242 1627424 1713910 1765196 1800148 1905581 1924024 2009621 2111529 2195007 2299497 2391602 2383858 2384232 2383173 2378604 2342521 2407202 2384455 2386403 2391233 2438887 2378010 2436263 2415940 2419776 2405021 2425381 2398819 2395735 2389767 2344089 2361190 2318575 2246046 2139143 2086263 2009440 1988839 1858468 1755698 1722894 1594758 1538068 1434966 1380319 1329054 1234500
1273542 1384427 1454986 1481100 1610576 1661208 1758552 1837607 1903522 1988482 2053986 2130078 2166134 2303343 2354770 2496944 2459546 2490057 2510468 2429288 2416068 2423979 2478914 2466783 2457150 2516972 2498763 2509032 2501916 2512732 2494242 2486315 2453714 2485167 2455889 2453816 2466329 2405451 2307963 2254285 2177243 2077323 1986954 1899758 1825479 1758724 1675648 1606188 1482650 1462658 1354760 1288611
1299516 1406370 1484566 1566705 1657778 1730407 1780951 1902556 1955717 2023431 2122595 2162450 2217141 2361912 2435644 2549698 2441778 2557552 2519794 2514574 2494430 2514713 2497379 2555911 2555078 2559850 2589033 2582207 2599776 2543059 2563297 2572825 2591868 2555622 2558853 2510821 2523312 2507124 2356800 2314836 2219458 2175605 2067095 1990133 1920091 1840004 1745478 1611399 1574290 1497124 1404022 1345543
1281992 1395307 1455044 1610372 1705854 1722608 1832768 1886574 1949765 2033900 2135777 2186921 2255796 2400611 2414380 2583752 2531715 2544328 2552860 2514798 2519837 2521577 2532001 2585315 2593558 2625804 2554191 2541926 2580357 2574875 2561674 2608848 2623044 2561617 2568205 2500311 2524695 2493751 2352412 2270673 2237357 2193652 2065640 2001825 1886285 1837510 1684052 1648256 1544397 1487222 1414425 1335474
1342400 1435122 1480095 1614566 1661118 1720314 1819392 1923693 1956296 2071260 2115603 2153294 2298975 2346522 2452324 2593834 2558851 2547953 2572165 2580079 2508045 2551980 2538846 2561463 2588432 2613095 2599903 2600644 2612279 2560112 2556642 2600251 2639184 2595416 2545333 2571926 2559261 2497644 2345317 2366343 2238533 2196056 2039114 1993862 1930550 1838485 1708806 1613839 1581520 1473687 1429590 1359482
1318264 1404033 1513598 1554344 1684810 1738219 1797727 1890684 1959102 2039392 2101264 2169927 2276575 2339042 2479970 2524872 2561487 2609511 2576567 2580946 2562872 2493096 2522423 2595648 2531243 2565977 2623537 2591813 2593055 2605527 2572479 2559799 2567883 2585325 2529662 2534296 2577541 2497447 2366223 2251858 2206483 2168214 2055857 2001137 1862333 1794917 1721842 1628752 1522620 1429141 1405133 1301144
1305745 1397193 1510265 1541780 1654670 1768623 1791196 1905450 1977310 2076406 2114424 2215687 2316413 2376711 2464792 2569116 2573501 2549194 2621229 2517171 2540858 2540207 2556864 2555115 2570883 2590004 2597719 2630244 2600169 2589777 2559331 2568484 2566383 2543947 2579520 2470924 2557155 2515780 2356175 2291608 2182892 2110040 2079006 1943652 1877826 1789341 1718215 1620669 1561621 1447435 1413416 1314129
1303339 1386524 1499515 1588299 1678883 1789262 1829609 1929123 2019965 2077425 2167761 2197596 2346487 2420030 2464958 2559290 2580360 2575813 2593339 2598891 2607412 2587078 2648397 2630897 2611014 2599535 2612468 2567811 2631799 2590900 2633304 2555428 2579056 2546050 2602315 2583730 2551930 2498698 2390085 2316605 2189130 2149426 2065282 1945634 1921551 1798130 1748631 1650050 1529789 1452954 1401703 1296992
1290734 1400420 1494315 1588076 1671876 1758895 1843096 1894909 1956486 2105340 2158252 2178292 2315560 2398429 2510478 2573827 2645856 2604531 2628656 2592214 2645874 2595581 2562841 2654350 2598961 2594092 2604512 2616083 2652712 2655025 2612703 2607609 2638644 2582211 2633786 2582497 2547352 2517783 2412329 2325927 2208042 2186499 2110439 1973584 1853597 1831841 1700017 1617315 1573895 1474936 1431582 1293891
1316698 1392757 1463578 1543538 1656141 1763038 1806644 1922990 1962856 2064445 2070600 2228537 2286121 2372064 2494733 2598316 2599061 2593766 2572155 2550779 2556462 2625907 2593876 2613236 2619080 2625819 2626631 2599773 2645520 2601914 2609612 2636106 2615966 2560042 2599413 2534562 2565707 2517082 2399860 2347584 2237466 2128041 2118040 1946748 1913872 1820665 1766925 1629116 1561888 1502208 1447889 1300001
1341462 1402986 1441303 1585539 1632930 1771106 1845229 1926097 1957176 2072356 2112081 2264179 2314697 2415146 2471904 2593738 2642147 2569259 2601801 2582490 2559574 2598268 2587153 2636080 2645462 2669017 2645586 2660961 2633432 2642276 2617656 2639388 2600790 2590197 2629790 2601987 2606769 2528868 2395350 2373547 2203694 2153294 2065525 1996864 1933736 1868750 1727142 1625635 1614161 1451953 1403440 1347485
1292451 1418298 1472434 1610539 1641457 1773841 1824527 1953863 1975642 2136051 2152512 2245439 2324737 2411514 2480774 2652363 2574815 2659148 2638036 2634663 2625055 2594622 2629281 2631117 2637908 2677032 2685331 2654968 2679288 2700526 2655474 2646311 2633165 2651109 2585735 2610952 2597138 2510381 2388672 2368150 2239258 2181309 2103660 2015810 1934788 1887399 1724502 1636815 1569581 1472083 1430336 1312766
1288818 1391720 1536798 1574230 1681404 1761546 1813857 1914425 1974863 2039669 2160063 2222237 2325705 2364898 2496071 2594264 2558606 2633325 2633390 2590796 2558702 2638965 2600356 2655878 2635444 2655693 2613565 2641021 2606294 2642441 2615579 2616197 2579868 2649170 2566333 2549055 2578521 2447715 2395199 2357175 2222505 2185167 2063964 1975352 1887956 1809782 1732581 1630697 1567397 1450401 1397291 1361834
1299058 1375985 1414917 1563188 1638420 1770884 1819153 1902413 1953843 2034799 2127022 2212214 2317402 2400669 2475970 2612218 2593807 2577369 2643247 2615333 2634361 2652366 2566558 2639490 2624610 2658070 2676143 2616798 2688792 2630938 2609704 2621876 2626561 2599427 2586149 2555240 2607554 2542121 2402705 2341137 2250146 2152228 2072950 1952247 1879441 1833231 1701380 1623920 1558483 1435416 1399534 1285739
1355449 1398607 1463328 1554443 1681012 1726104 1834476 1921621 1956703 2063274 2176337 2260366 2349000 2428328 2524309 2564410 2582314 2602923 2586367 2598048 2625765 2605584 2581349 2610123 2626808 2637419 2661141 2634151 2628900 2648747 2606475 2558933 2619147 2568641 2605396 2546759 2598965 2523563 2373011 2321894 2254784 2178137 2084537 1975176 1903385 1797607 1711545 1674527 1528133 1444331 1395812 1308950
1319440 1410403 1520596 1615609 1668186 1790172 1859606 1940308 1968875 2099076 2142264 2228679 2382718 2409461 2504223 2596785 2613103 2641799 2603082 2646509 2652698 2717674 2658473 2694356 2658229 2653352 2699646 2655681 2651623 2662064 2662479 2616364 2630326 2614082 2609413 2585530 2599961 2549753 2410547 2331569 2230617 2173576 2122846 2033924 1937935 1825349 1719980 1671879 1560553 1456227 1425210 1328311
1323577 1394026 1506921 1560786 1698494 1726921 1883916 1912039 1987357 2072514 2139081 2159360 2309419 2384597 2482052 2566989 2612352 2635407 2638187 2636962 2656294 2645913 2627634 2645465 2647356 2584244 2615700 2636592 2649768 2613386 2601684 2675597 2634187 2573223 2623034 2582797 2610650 2535340 2420243 2330611 2285541 2171578 2105000 2020200 1941860 1847976 1751050 1675307 1579436 1492017 1441265 1312043
1315191 1412961 1462385 1568092 1674864 1717618 1826976 1892852 1970674 2054928 2180769 2169315 2309805 2430929 2537071 2602872 2627491 2591877 2630968 2616371 2640917 2676392 2614907 2686261 2653850 2624508 2680526 2628997 2705780 2643735 2675679 2662217 2638958 2588911 2609290 2567278 2637230 2511761 2455144 2359893 2291890 2221028 2090566 1991204 1953499 1819937 1787543 1653356 1602463 1497614 1478887 1341171
1314759 1427850 1458470 1563474 1660676 1748291 1828668 1901155 1971123 2043592 2138111 2207061 2310915 2382063 2459090 2595970 2606910 2521322 2597506 2525264 2603522 2679773 2611984 2621048 2619390 2632382 2650132 2622333 2676019 2632527 2682112 2657821 2687469 2639774 2635367 2604183 2645047 2545374 2440653 2402695 2267684 2203162 2124279 2004776 1975016 1849795 1757345 1648670 1591430 1516946 1475105 1352679
1313900 1406666 1496264 1561986 1617777 1729382 1817269 1867685 1961558 2043817 2119910 2178614 2334126 2390867 2472728 2586268 2597360 2599535 2614380 2583554 2581342 2649013 2635783 2622222 2645035 2681994 2654260 2703926 2664166 2668946 2652198 2637730 2629771 2622606 2627945 2574895 2572691 2568142 2442106 2387890 2248149 2171053 2105156 2013117 1955060 1867699 1799819 1665832 1591042 1516508 1422241 1347546
1321145 1453393 1445516 1561136 1623585 1711791 1791776 1889948 1956215 2017085 2101523 2176240 2284275 2398835 2472412 2561261 2583744 2584424 2625608 2616247 2649236 2604618 2627844 2679433 2595911 2644253 2655947 2684485 2680950 2677336 2717145 2667349 2710452 2627847 2619638 2592700 2620218 2509847 2463490 2427061 2305086 2249236 2098615 2045060 1975397 1891897 1770392 1639192 1590227 1494699 1459083 1324442
1302160 1397607 1454040 1541027 1620771 1755453 1805895 1925867 1986687 2058009 2102901 2203763 2314747 2361486 2495984 2554778 2536726 2606578 2585378 2553319 2582183 2576240 2602713 2638575 2634881 2642414 2652380 2661853 2615522 2660414 2703875 2634096 2646260 2657521 2639896 2609399 2608969 2543538 2415209 2388407 2262984 2187862 2117086 2030611 1967930 1834140 1748573 1670359 1573843 1506309 1453807 1357529
1282491 1363920 1465370 1545685 1653327 1720726 1807130 1858303 1977370 2050246 2087282 2200178 2258377 2348382 2472195 2544036 2559354 2576822 2551835 2580005 2567646 2588220 2582312 2623978 2584360 2600614 2604436 2631887 2601381 2615372 2628037 2651138 2631915 2630579 2552502 2582230 2524629 2481821 2402490 2338491 2278530 2202881 2072145 2017067 1952633 1895967 1748617 1634682 1568608 1486932 1444693 1353809
1315773 1346672 1489344 1548058 1657555 1757028 1825166 1870044 1940780 2058813 2104950 2176860 2267721 2358906 2482562 2538412 2594927 2568847 2608187 2572432 2605977 2588908 2569457 2586258 2559078 2608874 2607113 2635868 2585489 2588127 2603327 2592914 2630308 2586008 2567980 2565263 2597197 2507914 2379434 2371513 2250724 2192469 2075338 2006524 1936744 1836467 1733382 1679572 1588522 1488147 1449232 1331996
1317816 1378885 1440226 1555646 1599512 1708319 1801632 1911865 1939853 1977806 2141976 2165821 2253931 2394754 2459876 2564951 2558230 2555041 2519688 2518355 2535321 2646710 2544641 2583951 2566670 2618336 2650003 2609435 2579872 2585936 2607406 2571146 2547491 2586103 2561668 2604197 2558157 2501802 2400506 2352611 2217321 2192386 2068947 1988435 1903544 1826124 1745491 1647590 1530852 1495115 1432696 1346315
1299345 1411717 1432889 1514147 1593684 1632413 1797697 1861684 1959471 2015102 2142181 2165031 2260053 2377092 2402379 2514901 2500216 2555092 2554664 2538883 2540329 2587662 2580352 2581738 2558654 2618481 2521400 2587714 2568494 2601047 2574648 2576521 2599298 2544473 2561214 2598897 2535547 2503693 2363851 2334887 2212577 2143487 2073482 1979278 1915765 1830856 1728355 1643398 1528716 1447159 1406049 1317277
1288117 1351059 1465628 1521024 1568429 1723834 1811237 1857330 1898341 1998481 2108659 2177359 2264207 2358107 2413240 2517704 2550145 2521485 2588382 2497818 2495524 2532465 2561501 2570077 2550995 2576479 2519731 2592941 2565538 2620403 2567139 2562249 2583862 2578536 2521646 2547839 2527590 2425061 2365575 2349906 2235123 2140757 2064927 1935595 1842894 1834569 1714554 1631703 1520025 1455641 1428363 1297208
1296741 1351413 1446937 1504116 1593611 1693912 1824597 1871743 1921170 1975962 2054930 2149042 2189914 2341735 2402276 2502646 2550165 2483492 2512208 2516146 2504906 2598484 2525216 2572972 2534245 2576284 2557020 2509739 2584926 2550514 2582855 2544219 2589425 2570501 2501256 2520072 2515173 2446922 2339462 2264190 2193039 2141980 2033240 1989355 1922488 1805144 1710597 1595534 1526589 1434391 1415397 1330091
1312984 1368905 1457008 1528193 1638724 1725151 1791670 1894227 1928310 2014170 2033613 2133801 2240417 2271491 2378461 2487899 2546417 2540354 2520541 2515117 2491705 2509462 2539134 2519117 2488703 2542066 2542801 2537370 2541102 2509068 2502403 2526930 2549471 2508729 2494466 2538296 2499577 2417192 2379547 2306304 2198685 2085975 2033441 1931950 1890460 1822705 1718618 1596966 1541121 1421846 1394793 1298777
1241186 1333204 1447233 1497261 1618577 1693305 1804939 1841277 1930394 1981631 2077092 2127536 2262277 2318529 2392154 2508487 2489622 2510623 2537718 2502167 2520121 2547638 2539783 2529399 2544832 2519046 2555147 2535700 2568420 2463899 2525409 2506331 2563942 2515236 2521528 2507029 2548939 2418684 2337144 2312276 2209871 2126863 2037024 1920323 1874559 1807010 1726605 1629679 1565783 1446186 1385250 1300752
1287785 1385943 1421339 1531493 1589964 1710442 1760804 1842350 1898249 1996780 2131535 2181507 2229434 2272563 2375323 2457019 2503825 2442245 2562417 2519045 2541546 2541264 2541967 2489273 2528702 2455083 2489150 2508894 2532722 2446371 2505396 2503865 2538793 2507462 2523326 2524448 2458500 2435275 2334863 2232051 2165232 2083249 2054483 1914493 1912222 1778859 1709654 1627505 1526170 1474163 1356949 1297863
1269435 1351305 1423461 1530854 1624898 1638602 1763614 1838791 1875551 1984487 2056999 2126454 2225365 2268748 2351192 2485888 2496564 2508100 2532128 2489364 2520991 2554764 2506676 2487917 2500577 2535882 2496233 2546344 2507095 2557446 2483235 2495887 2535844 2492874 2505769 2508728 2494988 2464324 2350834 2292800 2164632 2121793 1986139 1945012 1869034 1842801 1687222 1611771 1538500 1397584 1394795 1296677
1254335 1348076 1426954 1509666 1654456 1684623 1784974 1849746 1887435 2057487 2076309 2164207 2212798 2315123 2366879 2457864 2489172 2546248 2511470 2534184 2558153 2535904 2483671 2521111 2526613 2538748 2561840 2537696 2540762 2489868 2489395 2555144 2572181 2555731 2452664 2518731 2495435 2455922 2380386 2314031 2216420 2112918 2071355 1929685 1880264 1824474 1693044 1620322 1529967 1475957 1383684 1306547
1195733 1266134 1355726 1423120 1543616 1656275 1754177 1833514 1881669 1906786 1987778 2107538 2145886 2240721 2299885 2380225 2464798 2463100 2487626 2422868 2449562 2475367 2417731 2444710 2497959 2441042 2442607 2505026 2473556 2460693 2445395 2403098 2431692 2456013 2455150 2413932 2430985 2407402 2262732 2228047 2126420 2076570 1966090 1921354 1783559 1757750 1628382 1592757 1489713 1414640 1341065 1305665
1180702 1297675 1344145 1399287 1510858 1594026 1646960 1736101 1825751 1900462 1971910 2023288 2071697 2249852 2221929 2366666 2336774 2345665 2357913 2420810 2351105 2357983 2307182 2415156 2364544 2410373 2416273 2381217 2397077 2320934 2354130 2395766 2301708 2356002 2308605 2362361 2380932 2322147 2221281 2144507 1997207 1953714 1926328 1843704 1737972 1678178 1603212 1530343 1414623 1387441 1304346 1254204
1135271 1228835 1268290 1411802 1438340 1568924 1591812 1660001 1742854 1813071 1930379 1988937 2028176 2143539 2145025 2232613 2263774 2280490 2258760 2346464 2290775 2346962 2321699 2365090 2300828 2300985 2285861 2315400 2280338 2333444 2310316 2298392 2336866 2268396 2265151 2296894 2275133 2220453 2095401 2097358 2004346 1929052 1811327 1757337 1717274 1654313 1552015 1499212 1378533 1292501 1263682 1205957
1093954 1178898 1268903 1332295 1406701 1483448 1559026 1611577 1664654 1739371 1797261 1885682 1945031 2022531 2109496 2175029 2146980 2199737 2175447 2212575 2187189 2184047 2220551 2206602 2249826 2207233 2201722 2232037 2180132 2199980 2200242 2205421 2208604 2223040 2181016 2174103 2220586 2134108 2010128 1976772 1883843 1846239 1762327 1718476 1623291 1579228 1523207 1451457 1337806 1268803 1219063 1114694
1073799 1104236 1193452 1232883 1324430 1417735 1486467 1589512 1589909 1710546 1766013 1846985 1869955 1927744 2008678 2103843 2080855 2134388 2107264 2143773 2126571 2164910 2177817 2115698 2107246 2090756 2136709 2122029 2130866 2114633 2111317 2107326 2132435 2078962 2095090 2062686 2125525 2073198 1997796 1894971 1812380 1787808 1704795 1635387 1614017 1515935 1434220 1360822 1272361 1217579 1166102 1104167
1047948 1105891 1146676 1227970 1336434 1389413 1475599 1486910 1572580 1598239 1712357 1718973 1842120 1893054 1938376 2070675 2024332 2072732 2051830 2066828 2037899 2046037 2084823 2057218 2044288 2021748 2070779 2046279 2057166 2081124 2030661 2089404 2098219 2052351 2026508 2070322 2051140 2003463 1953602 1888021 1798455 1742117 1670278 1550583 1538813 1453188 1463787 1318246 1245808 1164359 1149391 1080974
989783 1060150 1101458 1216781 1253077 1327320 1406174 1440384 1481430 1536747 1553768 1662797 1705300 1820621 1889467 1953522 1969129 1902110 1981244 1938727 1937134 1959671 1960726 1931272 1983059 1939496 2017213 1956418 2009737 1948730 1941977 1948260 1971928 1973947 1951184 1953659 2027510 1897599 1831236 1767748 1738816 1646764 1569853 1528474 1422999 1399589 1309368 1272402 1220768 1164714 1062235 988394
965296 1015351 1057559 1133362 1203095 1240468 1318624 1371508 1426470 1462472 1529505 1586847 1646834 1664274 1769074 1818944 1854082 1845771 1852886 1809993 1838280 1889090 1893273 1862504 1848645 1874294 1886480 1847874 1933401 1831687 1853815 1865447 1850407 1885718 1880485 1887798 1851110 1803862 1741810 1690153 1614253 1576906 1465020 1437491 1419490 1335205 1266014 1196202 1113141 1076354 1023792 957711
916373 967331 1038655 1086465 1153790 1203602 1248967 1346048 1349674 1415603 1473441 1551540 1565569 1649821 1714099 1795550 1792639 1757205 1755324 1786278 1769824 1815651 1806091 1780973 1822336 1754091 1777066 1772394 1726074 1774501 1724380 1796489 1786793 1805691 1759982 1786098 1830136 1767485 1649487 1618310 1562152 1498603 1438373 1366492 1332685 1280123 1220546 1156329 1109012 1026129 979720 928869
869643 911638 969713 1036945 1099293 1160637 1222958 1300703 1286873 1403231 1470122 1438473 1540726 1593270 1594104 1644823 1673290 1711426 1683150 1684680 1754915 1734367 1706201 1694556 1665553 1694780 1695816 1695445 1696548 1709472 1679771 1672534 1733561 1706867 1710427 1691868 1680481 1644570 1571814 1557392 1481690 1444597 1357592 1340323 1246751 1193934 1132403 1061984 1042219 945718 937789 902347
826847 893237 934246 1002707 1006734 1113285 1169636 1202814 1241063 1270542 1329524 1376282 1436272 1454711 1541145 1609152 1571893 1626774 1586825 1647752 1603086 1639674 1567749 1614977 1593782 1609193 1636663 1654630 1644622 1647151 1580011 1643920 1560638 1653400 1598628 1632762 1615604 1605422 1535883 1449935 1432741 1373525 1338413 1233054 1217881 1149401 1115971 1035941 1011114 943671 913618 871795
761052 850671 893368 944059 1007399 1057706 1095994 1102016 1194909 1238381 1297576 1332055 1383852 1460236 1481236 1548114 1570224 1535808 1543121 1556669 1582324 1542713 1549793 1544161 1551084 1535658 1569303 1606789 1544276 1581063 1543466 1570886 1536846 1522190 1502338 1514005 1567104 1518706 1480559 1418070 1342132 1333753 1242277 1196561 1153937 1104169 1033671 1005642 942341 893975 867006 813706
742106 825319 848951 879567 968968 1007424 1071961 1078154 1143168 1154362 1238492 1252924 1324669 1341284 1387577 1490927 1448600 1482512 1409977 1500939 1463138 1466105 1493692 1497441 1484959 1473796 1476757 1520262 1495285 1444348 1437977 1418277 1518775 1505124 1454062 1496667 1433643 1466876 1370981 1352987 1307793 1271985 1209053 1136572 1137649 1075468 1014416 967014 901426 877054 822761 804548
729167 779368 836351 874014 889252 955352 1017911 1028587 1101651 1108181 1150100 1199881 1245556 1295939 1348416 1394764 1394093 1390560 1389970 1364844 1393436 1377206 1405206 1398674 1426313 1386850 1392913 1422099 1385153 1390346 1366376 1394049 1385469 1422217 1364552 1429716 1447323 1384550 1315218 1267567 1199103 1212132 1134307 1075526 1051323 1027393 934432 936468 877961 815990 796113 770486
682162 708429 751166 794314 861629 856572 918523 961794 1031338 1011545 1090421 1116722 1184401 1183837 1237248 1281918 1278667 1255138 1293525 1281560 1315413 1334038 1351270 1299929 1293890 1250164 1290461 1303358 1332633 1320904 1317803 1352432 1323333 1316311 1268871 1292149 1332780 1294290 1266921 1213842 1175206 1125803 1098453 1030139 981967 977744 895331 853223 822850 772641 752200 719173
639566 683989 712780 746358 823455 826320 868954 925365 961330 947118 1001835 1041408 1091068 1120154 1193866 1186240 1208978 1219860 1254513 1210509 1188834 1177202 1221094 1218180 1218132 1178793 1248851 1194641 1238084 1185817 1207883 1224897 1198330 1204684 1223752 1192031 1228572 1182256 1139960 1128141 1130299 1040106 973407 935569 909918 858151 856973 794044 775636 698785 677882 671981