63 52 33 31
62 8 93 51 20 40 80 12 81 16 9 45 68 76 80 72 49 30 52 32 85 64 4 37 52 17 30 61 19 48 55 1 57 92 34 42 58 56 65 51 91 15 94 57 41 56 32 50 75 9 30 79
48 42 81 45 50 46 9 19 49 93 58 11 24 68 58 98 78 93 63 86 1 55 3 7 60 27 48 10 52 34 57 34 84 68 16 88 10 93 6 58 58 39 81 64 67 71 25 65 77 5 21 13
97 27 89 24 88 29 17 98 62 72 53 77 80 26 9 1 6 15 45 82 23 14 90 29 26 13 39 1 69 34 62 37 86 75 51 84 94 74 19 12 75 56 23 55 46 44 12 40 92 91 55 63
95 93 25 68 45 75 13 62 58 53 75 72 23 44 37 62 9 26 21 42 38 45 14 81 38 45 88 65 98 65 67 28 94 26 40 11 60 93 10 46 95 94 68 20 22 77 92 95 66 1 29 42
58 84 26 55 81 67 46 32 91 82 25 33 57 24 17 77 12 25 31 87 25 9 20 72 86 11 83 82 13 18 13 95 61 60 4 32 66 52 94 65 19 26 34 24 28 30 29 50 35 85 14 53
3 2 13 60 94 73 34 44 89 27 62 21 18 69 95 65 62 10 76 37 10 39 24 19 6 14 20 15 34 37 13 82 93 65 17 32 4 75 81 73 2 38 52 81 20 99 79 10 53 91 35 43
47 87 17 58 84 38 17 74 21 56 96 40 5 66 37 60 83 98 85 97 77 25 62 41 37 84 76 94 70 96 37 59 28 90 41 15 93 55 38 4 44 58 41 67 97 56 76 45 51 33 21 15
14 34 53 31 24 49 75 42 81 81 40 25 20 59 46 96 90 82 5 26 28 0 22 25 69 25 60 77 64 17 29 20 44 6 69 73 5 32 75 34 51 14 21 93 55 98 38 49 95 93 19 95
7 89 62 99 26 7 31 22 70 13 74 39 19 25 46 29 3 32 16 9 56 15 39 87 29 68 44 79 74 49 44 3 26 9 89 68 91 68 34 99 77 46 31 89 48 11 4 7 68 38 10 32
91 4 68 60 50 52 5 26 86 42 79 14 66 81 60 74 73 66 45 72 53 27 88 26 91 44 42 81 75 85 66 98 13 76 62 94 18 43 44 14 97 23 21 65 49 56 86 22 75 6 88 57
66 88 97 97 75 79 33 92 20 42 71 24 41 93 30 91 9 72 17 34 39 58 39 14 77 11 67 56 42 16 74 27 64 2 67 43 69 14 85 85 67 76 98 62 24 54 60 30 55 31 96 43
13 46 50 43 36 81 4 27 30 12 0 80 63 96 97 40 60 68 30 46 64 99 93 92 25 58 87 35 64 17 17 5 91 30 13 15 32 35 87 68 38 46 26 74 3 42 95 56 57 16 36 69
11 44 22 5 89 82 25 31 1 61 21 59 32 28 14 25 7 92 30 90 63 74 28 12 0 61 1 46 39 24 66 73 16 10 0 10 43 79 84 12 84 16 55 2 12 78 23 68 27 32 41 94
32 31 61 30 67 92 32 46 27 38 93 95 91 53 88 22 56 91 89 28 62 89 36 61 53 85 42 41 94 44 98 12 65 7 95 12 78 56 35 34 5 99 37 41 20 90 5 82 36 35 16 1
59 56 91 62 40 61 23 21 98 59 19 92 75 84 36 94 14 24 66 56 20 15 70 12 55 1 31 6 53 11 56 57 83 22 28 26 51 30 32 21 26 2 39 85 26 32 49 93 91 65 26 36
20 98 43 33 57 76 14 18 82 31 46 75 19 91 99 52 26 12 79 64 69 96 99 64 57 5 57 80 66 18 78 68 30 16 73 99 4 46 2 9 65 6 38 76 21 57 12 50 36 31 41 54
89 45 6 48 93 60 82 82 33 31 46 10 58 53 24 98 81 24 12 80 30 66 24 2 50 94 8 85 54 11 62 59 69 78 24 54 29 58 14 65 46 33 79 78 95 45 12 34 60 96 48 70
99 46 64 51 15 70 78 44 16 76 86 27 93 10 13 58 54 49 98 4 39 19 83 42 93 59 33 23 70 82 0 52 73 89 61 9 86 0 91 1 48 49 16 70 44 26 89 39 92 93 10 88
49 10 52 12 41 9 54 6 41 64 90 70 90 68 28 6 37 80 73 1 73 56 14 53 96 17 81 70 81 60 69 55 65 41 46 40 59 65 84 65 74 73 89 55 50 36 81 9 46 75 50 11
77 31 22 70 56 99 4 3 40 9 57 19 61 16 99 55 98 45 99 22 6 70 53 20 88 79 40 18 83 64 69 17 64 64 76 87 8 41 43 90 91 48 84 63 15 40 77 9 15 43 47 88
47 37 63 85 97 14 28 46 98 43 3 4 31 57 38 83 20 2 49 58 34 44 95 38 6 20 67 58 81 60 71 35 43 74 73 85 36 81 83 55 97 49 31 27 62 35 70 86 32 55 74 67
50 87 57 86 89 45 74 17 85 52 88 31 72 92 61 10 34 20 87 87 31 81 45 11 0 2 90 77 24 55 58 75 67 7 52 87 30 22 28 83 66 35 14 85 52 15 75 17 30 11 45 41
51 96 45 4 37 90 43 82 44 86 69 76 72 21 74 51 31 19 23 44 41 21 73 15 57 95 66 85 25 89 60 93 43 53 44 93 34 75 32 27 96 29 12 50 98 54 96 4 30 41 63 39
53 90 9 35 1 9 30 36 38 28 58 67 78 73 21 79 19 88 52 82 12 31 94 95 44 92 14 76 54 55 10 29 23 53 85 88 94 85 91 62 2 91 17 47 31 55 40 26 39 23 22 81
44 53 92 57 14 84 19 13 71 26 78 5 75 12 90 58 90 62 45 96 65 41 94 89 28 11 49 53 7 47 47 68 44 82 44 52 98 2 73 30 20 89 14 92 52 33 12 1 80 68 13 46
98 7 53 34 4 6 65 9 62 63 3 61 53 59 88 78 77 53 6 39 23 72 15 78 22 94 91 85 71 96 98 92 1 18 37 5 87 51 71 94 57 76 61 61 93 18 20 28 66 59 19 85
35 16 95 55 10 41 82 87 49 29 33 25 39 52 55 58 57 71 64 91 63 11 47 33 97 14 42 89 10 35 3 62 16 1 32 90 80 95 91 17 97 87 12 98 76 26 99 81 6 77 10 29
57 66 63 3 69 20 4 83 64 28 24 92 2 45 74 80 39 97 76 57 71 51 61 35 55 24 37 86 50 89 39 88 78 42 18 45 62 2 69 63 77 60 8 57 45 98 3 16 35 41 22 6
63 69 99 47 64 30 21 1 80 36 18 15 55 51 68 42 30 64 65 85 40 89 8 27 93 24 33 31 46 47 36 48 52 95 39 39 53 44 34 99 58 5 96 31 63 93 92 26 26 29 29 84
87 8 64 25 2 30 59 73 33 69 52 32 32 91 16 47 27 5 10 30 68 4 83 56 99 16 67 94 7 25 20 49 78 73 40 24 28 20 29 85 70 38 12 12 10 93 26 6 0 95 63 8
88 30 61 81 87 43 93 40 71 65 34 72 94 68 67 18 11 3 24 0 57 58 65 17 50 0 89 93 36 56 65 24 95 15 10 39 94 44 26 98 76 52 96 56 59 45 54 45 23 34 63 54
21 72 91 68 8 60 90 11 18 30 34 74 33 54 16 33 88 53 34 19 32 39 80 18 92 56 53 79 76 41 26 31 15 82 69 24 44 70 40 93 87 11 96 71 90 67 81 41 10 92 76 7
65 77 76 65 49 57 40 6 90 97 22 82 71 50 8 29 46 61 95 95 95 32 41 9 22 15 24 8 60 55 82 74 73 54 32 42 83 0 67 49 2 90 5 59 39 33 48 95 18 62 31 65
12 58 18 30 17 21 82 81 77 67 86 16 86 79 38 97 42 56 65 57 58 50 73 44 6 20 69 27 77 40 97 90 97 51 2 64 12 53 89 86 70 77 24 26 79 47 36 6 37 79 71 40
51 11 10 23 54 41 43 75 21 79 80 35 8 64 96 97 41 76 79 8 54 71 38 78 79 66 73 28 57 75 49 83 9 33 26 64 55 29 73 57 11 68 8 99 17 40 27 60 45 49 20 71
18 10 14 86 44 49 82 27 45 42 50 51 5 7 71 97 98 64 89 80 19 98 62 11 17 45 64 22 77 53 18 74 57 53 17 57 17 20 50 1 18 6 64 67 17 29 60 88 63 53 13 40
69 50 21 51 8 62 67 89 75 51 59 54 44 46 47 95 45 98 25 88 3 16 41 27 46 96 22 61 13 50 57 37 86 54 61 58 45 54 47 39 80 91 82 42 54 92 68 16 14 87 51 93
25 56 26 59 53 31 56 82 92 74 27 87 60 89 2 10 0 59 66 90 49 42 67 95 96 87 87 48 55 83 88 19 95 98 11 51 28 63 54 65 45 44 85 83 12 45 49 88 63 31 54 60
92 55 59 41 13 58 54 4 24 7 25 91 54 22 31 20 57 59 48 22 28 82 16 79 51 78 33 87 67 80 0 64 51 83 77 67 26 90 87 51 81 39 61 69 86 95 8 68 50 3 11 11
8 70 76 81 7 89 98 69 38 56 28 98 72 5 37 2 31 68 90 64 62 86 41 52 58 51 12 65 21 8 33 73 94 81 85 68 77 33 85 42 60 72 81 63 17 18 64 14 27 58 57 65
15 4 12 85 94 85 76 66 92 49 61 51 9 68 62 96 34 54 5 36 84 80 4 17 84 33 76 83 34 45 82 38 24 41 18 96 83 40 99 19 29 31 48 59 42 13 21 21 88 9 82 73
3 84 29 50 59 82 60 12 49 21 82 5 97 47 75 40 57 30 71 8 67 1 80 2 88 49 84 23 45 97 12 74 92 56 48 81 69 50 49 21 64 22 77 7 46 99 47 79 7 81 58 58
13 15 52 4 84 88 60 3 31 11 0 78 8 87 57 62 37 36 57 52 70 80 67 89 79 95 31 50 21 18 53 3 33 10 36 60 65 65 60 0 36 10 61 10 19 43 31 37 25 12 26 7
31 43 79 26 36 66 50 83 72 81 80 21 74 1 29 31 68 38 2 54 63 34 55 22 88 55 11 78 72 3 3 90 81 82 11 70 25 93 69 18 96 6 78 11 68 49 1 36 61 26 64 61
3 88 91 13 95 10 89 85 78 73 45 35 81 35 85 29 70 59 90 99 0 81 29 85 14 13 42 36 27 72 39 73 70 7 84 84 45 45 85 19 42 68 10 96 34 88 98 67 47 0 47 29
57 22 15 27 58 13 72 99 62 54 62 18 87 52 18 18 77 65 87 43 82 79 21 13 77 31 57 92 89 89 32 97 58 53 17 53 79 70 22 61 75 42 55 41 5 90 49 97 64 72 82 93
61 99 46 76 1 54 32 61 22 21 31 75 76 41 11 28 45 16 88 45 18 73 4 96 34 38 6 47 46 35 39 73 7 58 86 55 31 34 45 17 23 73 38 82 78 44 80 94 12 85 86 28
2 39 26 77 77 3 40 8 74 54 50 11 16 63 60 46 50 43 53 56 64 88 16 11 53 64 85 13 92 67 84 5 43 36 45 83 30 93 67 53 73 21 55 39 24 35 36 83 28 41 91 70
70 99 13 38 69 46 66 16 25 98 95 1 67 32 93 26 61 5 19 58 18 12 85 14 3 29 90 88 29 32 13 55 63 9 2 22 73 15 23 95 7 45 90 40 67 95 17 38 86 50 73 31
42 50 85 14 13 46 83 13 10 0 57 27 81 46 62 16 5 21 48 78 82 8 70 50 33 29 86 52 69 40 92 7 88 41 71 13 98 65 30 35 58 32 96 35 26 27 93 43 58 49 36 54
82 48 9 82 81 41 16 30 81 88 61 23 48 11 87 86 74 26 83 94 94 2 70 9 27 39 64 93 56 83 84 93 91 24 9 20 46 97 75 90 84 41 66 39 64 86 17 45 21 94 55 66
2 85 35 51 97 42 37 47 6 23 36 49 41 84 29 42 53 15 98 11 53 36 73 58 42 28 52 7 11 52 13 42 29 56 70 36 55 41 54 96 56 61 0 53 4 29 70 30 70 53 23 73
53 0 57 21 34 94 33 74 81 89 5 15 28 4 96 48 76 4 63 6 55 24 20 17 53 11 83 32 47 17 48 20 86 10 59 35 97 65 40 84 13 8 67 73 30 26 29 39 74 77 74 26
59 54 75 61 2 44 84 74 55 96 54 60 45 53 26 77 6 99 21 35 52 94 48 23 99 96 21 26 3 43 25 91 7 69 18 33 56 42 45 58 32 34 0 6 38 85 14 35 94 36 35 81
18 93 75 6 61 63 28 99 93 7 35 11 36 63 57 42 7 29 47 33 50 87 84 73 21 67 3 20 1 10 87 57 12 40 36 41 77 23 53 28 59 95 89 7 21 14 60 2 48 68 49 46
46 83 24 88 10 18 61 30 2 28 62 0 24 68 56 65 98 20 41 72 32 23 30 2 47 23 70 91 89 71 63 2 44 2 61 17 74 7 53 6 37 74 13 28 35 3 82 54 73 5 80 39
30 21 94 82 1 18 36 48 35 27 21 21 55 64 27 4 39 81 35 67 27 87 3 55 62 45 14 28 93 64 2 61 36 48 77 12 68 11 98 5 67 51 68 38 43 29 29 35 10 48 69 83
44 37 34 3 47 33 52 54 19 60 2 95 26 37 95 7 71 78 44 11 91 8 19 66 33 72 17 55 47 21 13 11 95 62 43 70 48 95 33 76 2 64 5 63 0 2 13 76 35 11 73 16
81 13 82 0 97 54 45 53 71 11 22 78 89 72 34 79 15 92 24 88 16 14 43 51 13 15 78 67 84 26 31 22 39 98 94 66 42 28 26 20 60 19 84 41 9 25 71 90 26 27 29 84
25 80 40 14 15 38 11 11 4 83 36 35 67 8 74 30 9 80 95 60 44 0 72 72 3 74 10 92 3 60 36 61 66 87 96 20 25 42 15 1 74 89 5 81 83 10 46 92 97 19 94 81
77 10 64 78 1 35 42 51 40 4 26 46 63 71 82 13 79 72 86 69 16 54 98 75 9 37 26 9 19 93 61 79 53 22 95 4 32 16 32 57 3 47 30 60 47 68 55 17 13 46 40 2
91 52 14 54 60 0 67 73 58 54 21 62 14 83 26 58 31 29 52 57 6 11 89 79 82 62 95 97 55 0 45 5 70 28 70 16 39 15 84 24 95 50 10 23 94 94 75 27 40 13 81 95
56 66 29 74 73 73 90 23 21 77 6 10 29 94 70 19 52 71 77 1 82 21 36 80 3 70 45 68 51 22 81 35 61 48 16 38 92 73 43 33 4 1 30 12 81 90 6 89 62 47 95 45
97 19 66 35 3 80 44 33 37 51 98 49 16 36 93 99 86 9 60 54 74 53 74 28 82 88 58 36 17 24 29
35 35 23 9 51 64 66 56 13 85 59 89 85 7 54 49 32 44 23 71 18 76 24 24 14 23 84 61 83 28 57
71 57 42 47 45 28 72 87 6 37 8 83 30 36 93 15 43 86 5 37 93 93 26 74 30 1 49 2 88 38 13
22 29 32 70 17 98 23 18 0 21 25 66 0 36 9 86 94 95 21 22 21 97 0 68 24 32 18 3 6 99 50
35 96 16 31 88 74 95 94 30 67 2 32 62 80 65 84 86 36 17 60 26 73 40 45 70 45 72 53 14 72 30
53 62 83 11 60 60 15 41 59 39 32 15 87 40 92 99 29 0 4 58 4 74 94 59 50 41 78 52 1 41 3
32 81 30 49 14 64 77 74 5 21 91 42 10 38 33 48 47 52 62 62 33 57 13 28 88 38 67 58 95 83 29
81 83 80 7 4 42 18 56 48 28 44 45 41 62 88 81 36 20 53 55 95 86 98 80 23 87 61 93 82 85 71
62 36 53 92 29 12 69 31 92 45 65 24 61 34 84 78 67 11 88 17 59 98 73 4 63 79 18 51 68 92 95
88 66 61 38 40 84 32 57 79 89 97 18 37 23 96 55 67 68 79 5 14 18 80 27 91 97 20 75 44 62 43
92 75 48 56 48 73 52 24 26 10 29 75 61 91 59 3 75 24 35 3 64 94 36 24 7 94 70 86 95 45 81
17 88 79 30 49 29 17 13 77 50 75 65 85 24 55 45 84 4 33 25 46 81 8 26 54 5 46 15 52 78 48
75 70 60 53 12 0 11 46 59 70 35 90 76 10 51 40 49 15 51 82 1 14 39 56 2 71 18 35 24 32 20
11 14 78 30 29 75 1 12 42 50 39 85 9 31 25 72 58 63 39 47 42 20 29 32 11 17 90 49 44 72 96
56 37 8 70 44 59 31 32 16 43 62 37 2 78 61 84 41 33 83 56 88 58 9 68 50 87 95 96 38 42 87
74 35 86 15 18 74 66 51 81 45 8 96 4 48 26 96 41 7 97 13 2 62 89 37 75 30 30 68 0 33 44
78 80 45 79 29 76 62 87 28 11 69 89 94 2 70 0 56 25 86 66 69 58 22 77 23 46 43 14 40 70 7
75 85 7 42 62 44 30 54 93 49 52 45 75 21 97 48 5 74 92 18 81 71 80 3 71 48 13 43 21 60 51
99 11 67 19 86 57 87 64 53 73 83 22 9 8 89 97 95 53 97 10 26 56 75 6 5 74 0 80 96 94 42
78 81 4 97 36 40 82 33 25 20 55 9 86 41 10 7 9 42 91 30 59 71 49 37 66 97 36 58 55 39 46
75 56 14 53 42 78 13 19 56 97 54 55 56 57 72 20 73 29 65 48 69 83 89 99 78 36 90 94 34 10 20
15 24 44 12 11 15 61 21 31 87 41 3 92 51 41 43 26 92 10 4 16 57 10 24 10 72 43 88 31 45 56
79 11 39 62 9 17 95 32 52 78 66 88 75 30 11 23 22 28 77 79 80 42 46 43 80 39 96 51 59 88 27
95 55 64 50 43 89 84 23 81 29 1 12 83 10 75 7 27 41 34 86 57 80 15 26 4 72 92 47 65 28 77
95 41 81 64 7 63 31 56 34 10 93 38 75 53 9 49 12 53 96 97 97 79 12 94 2 43 13 51 7 16 34
53 98 99 65 50 76 4 30 61 81 57 80 59 6 26 31 77 25 64 94 67 48 45 29 57 52 22 75 50 57 33
81 89 59 82 95 98 67 16 85 50 28 24 14 95 65 47 85 2 79 82 48 54 33 0 58 26 28 95 90 83 62
39 30 9 19 80 34 97 62 3 65 71 18 84 51 78 48 71 2 1 26 38 90 53 66 71 55 1 25 63 5 5
8 23 96 29 5 10 56 29 99 88 20 90 7 81 26 64 95 59 90 86 1 87 84 56 29 99 69 3 16 90 33
69 21 39 87 44 66 40 51 40 88 83 97 21 44 79 20 93 66 14 29 12 76 18 73 63 65 19 26 96 40 88
35 65 87 6 39 90 21 10 7 69 72 81 56 33 85 62 17 54 13 5 51 12 24 88 70 2 33 83 80 76 2
93 8 82 96 53 5 85 27 51 26 99 94 33 98 61 77 34 29 5 4 34 41 94 33 43 27 10 67 48 74 2
50 41 59 85 34 22 32 47 19 9 47 33 60 11 30 66 25 31 71 52 47 52 94 1 90 12 96 74 6 33 69
