467 22 329 5
274827 296878 428819 460663 3068 186984 67899 378748 37464 235682 189753 170211 257349 402405 329801 217585 21886 63656 5624 273405 409204 148292
368363 93493 221246 131780 258319 496125 128990 474584 190494 202167 437650 188041 96554 180158 493748 294119 132842 310604 106702 199517 133567 212156
284061 120166 129377 87274 259809 474777 202379 20726 379838 57888 495999 326343 401554 169927 240343 42220 419027 422511 73193 485150 317284 282114
111766 9697 383796 317409 110512 284297 179572 26232 403654 457273 173779 6579 232109 350471 403416 163371 336780 222268 200666 336889 368740 244119
83711 218955 245722 248113 227823 464980 72835 175483 109557 395805 470059 144515 134354 69785 75297 337846 153085 146775 353411 376063 250395 266448
330145 67502 423575 113249 200624 210707 363614 263602 399566 75818 33529 333076 130221 368401 480552 16426 432287 428275 275544 153182 341436 480905
56961 171765 431986 316887 104286 321020 363273 20178 156553 153697 357745 463329 151794 314911 102155 106913 200380 457393 186034 157698 260757 155111
448708 296655 433776 325398 187856 498955 315905 44842 251134 481654 209108 286871 438613 334032 111338 328397 47757 472532 212689 331594 179954 364229
146782 216297 289073 76327 314698 37976 8930 441508 135494 412647 169426 62255 372413 345564 56684 253765 194373 320164 356676 405999 220352 460388
185248 179652 450101 384909 252355 113740 498375 288110 421399 103103 401199 286339 322325 484299 28634 160844 131988 455861 342209 462456 212557 334583
236385 434656 122599 3463 86807 445040 95683 96856 405274 286912 130278 236601 375316 135937 33054 479388 430494 368370 186483 413234 277591 89746
175212 316081 241377 56176 382843 397175 265247 146086 421672 98673 270341 480499 130963 279403 376339 429903 247028 241588 452302 452379 313650 64698
195563 89235 270120 269388 345882 354300 12705 95213 327417 283274 28476 269364 205514 142603 255536 171171 441375 255028 456104 203873 495921 244613
411375 441526 320079 443643 75527 69699 235252 34835 433811 311164 490609 15670 148789 252643 176266 313989 259026 298850 182429 352194 280625 213349
38268 345592 119170 234705 338652 464169 477243 161925 50246 319058 109630 498636 469866 5724 97334 386331 415956 494466 41376 345261 487671 475194
43239 189561 208005 291170 108871 147724 402721 165545 416563 126953 488011 469463 399379 14810 370426 339833 184357 218705 194761 293901 466723 330783
65512 351238 303269 147024 29939 391965 229245 307617 306623 419412 252513 36096 190160 82120 419110 166271 271113 470675 425031 326612 313883 306554
266789 176239 258206 108698 118792 378008 306525 440010 185572 185669 30027 145069 302487 146358 127092 257910 417678 15117 233487 1144 205864 143053
106287 379017 265522 164046 410137 126067 134705 486649 298128 405495 122526 138758 315627 337374 467979 355120 401064 313053 485348 368210 410457 63332
5905 119617 245053 61827 324407 197221 456234 116665 247199 386644 370726 84699 70094 304941 179861 81566 419379 359406 61581 179585 84480 76083
136965 400121 363888 61644 274028 136154 204486 30201 348022 340223 288598 242308 67664 300695 164157 173179 461589 172396 350314 325129 400153 38609
49792 376336 253922 250887 105876 345894 238935 267180 139313 317833 474161 303553 303323 291103 487150 497366 259600 465422 466564 152916 111370 318421
199666 128614 492354 499397 458546 448677 212399 466752 400331 444831 235531 123916 157731 233347 375542 11636 484530 42508 342260 354172 322162 185000
46321 33918 473010 120131 283877 308614 94089 266197 55891 95462 93767 89572 278251 361463 479239 187991 311023 14701 191649 64153 198163 221013
321373 329766 335773 149262 190754 313077 35500 54145 339948 249634 54614 493150 402331 301399 252201 321652 115176 335286 31570 22957 175699 375014
220348 181604 170039 247575 290353 27140 184447 108211 246556 369022 356306 38404 232302 253574 438858 265628 245151 143307 463523 364900 489965 82449
251854 406373 491424 116301 107429 402989 248846 219484 7193 200862 144057 356352 482023 58233 425302 364952 360425 28482 77962 434235 199592 116144
217037 428913 374960 563 31408 444110 289180 446530 334330 337356 118384 112673 357230 316996 363525 267596 315145 497640 310462 176642 272487 176928
296954 98480 365861 325631 403843 425592 106145 313857 30979 446751 207613 323459 253046 413040 66371 153567 116026 312560 406370 194339 233410 113023
377911 405485 122443 414311 277127 384965 399782 343109 465000 445239 403572 142193 312191 81227 436912 255371 487076 371139 475749 261796 416963 397712
239648 97126 165019 89329 455009 485537 65193 134122 109451 132755 335807 260221 375611 252019 122093 399015 474581 201979 476065 256249 278585 86991
247883 465969 257813 286030 207929 387125 194900 119604 441890 383436 130804 129321 380350 22105 468277 175306 294098 274517 66830 471250 11882 492071
431289 44388 291070 220290 434094 332408 67415 475963 381486 7072 358699 371718 346422 401141 357283 343148 244723 384035 5310 347851 183508 293390
329647 156362 38555 242687 102370 376599 392174 211023 269852 491136 135626 179022 167423 70250 439063 81328 91436 385777 106902 319478 140291 107548
209142 490228 24039 121820 143846 412228 175741 160865 326758 315367 421394 435737 187094 98451 110844 136870 132080 467101 303449 253531 286545 369316
495380 150707 44050 324184 124102 473389 365237 191173 175064 350824 73211 217856 312135 326199 36722 258540 469376 469441 150604 490825 215211 192953
39883 312123 4581 56276 312824 16626 288645 419276 269714 5051 437600 141136 44100 332226 372903 406437 353551 445090 48942 29694 1863 494795
33032 458963 270234 472975 200494 476897 127626 240553 460414 91742 420412 139722 365536 480759 66313 158050 166308 459336 289234 288519 350087 273719
424720 79396 216085 332557 258505 370497 437288 313426 162751 327691 13998 376356 164866 95681 230792 23667 177830 156602 38671 298813 229071 146869
45298 267713 394664 130431 264410 351746 369460 486683 343310 80762 75260 270225 65938 35128 329414 434230 461546 83224 180743 174579 67805 102141
346159 98773 195989 96909 384194 444048 101634 111337 432743 316240 130398 140327 161146 376798 148779 210671 49660 99692 109721 72686 442090 389085
265284 177082 350667 363540 35161 380067 111266 293367 61881 128914 443684 73279 353367 435905 231523 418527 259835 216374 102665 250383 29449 118782
285152 24212 280699 322786 169934 400141 292203 137448 141407 241533 340717 318632 386138 276976 45625 480201 399925 226987 165222 448600 177349 445173
37394 435492 267021 186908 303038 373113 333559 342533 374870 221080 196257 485876 386703 414575 399023 232084 347849 468634 397375 164163 354451 441301
102841 7005 140269 431292 93476 134340 162057 37602 180406 256649 269003 161642 464036 112665 69968 325158 211031 75495 209962 142634 410528 263602
86153 130731 16898 451858 469014 51481 407181 226565 31161 425750 203051 85136 119258 52722 53427 208852 57732 152901 95324 156367 342117 230471
425771 480748 349491 70224 372813 288520 121385 221831 45792 274210 394542 178057 243019 79614 254422 292025 178606 101781 467074 323326 452021 418781
177603 92765 175718 73649 120540 66451 151641 389533 260069 86831 324871 185512 349420 408939 307579 457789 362646 482469 164838 343576 337411 393054
352079 305226 182831 204174 163687 347113 228532 293985 444985 16152 41805 251794 440064 247982 248470 496067 304116 415173 453039 473366 117564 347073
294879 269291 41959 141114 119221 380407 302838 388136 390922 360541 466225 8683 287682 141803 348537 435188 467378 158068 338941 115476 102683 411429
252807 459455 304596 170823 450958 137723 459846 86576 59086 418027 479824 391941 385236 305427 297387 61680 290003 149575 229288 406906 454901 265684
3510 203238 270091 179019 360416 228906 307365 133317 410130 164298 152125 207384 310108 11187 179661 249461 358063 390641 75425 169530 78948 291181
78599 269435 274812 488358 144003 84264 200738 242506 141983 335002 360493 82642 439936 440032 131105 210232 123219 115329 82293 66101 421222 90189
491504 280155 125620 121829 109421 200012 125656 135043 396381 445942 132899 192582 338379 461387 323016 436702 61274 429633 120532 16593 252651 224610
64251 82920 493435 325361 334093 71514 223849 286394 416712 285810 234485 143444 358343 340319 317060 17879 329400 64248 211264 479028 342028 97418
18365 60245 97607 336895 420630 450577 178615 171341 152309 245804 334369 409688 432753 191049 214 215813 111538 318157 354021 476028 490128 488114
298699 304600 201849 479876 339589 187471 256338 386523 213734 405561 60789 397814 250532 163487 109528 232080 159788 62497 365486 323298 480726 242403
137703 194197 253523 122901 437843 216898 324354 342046 424228 215656 261859 53956 88656 4616 447651 88379 195285 353536 477941 441672 443288 373827
297250 381776 111974 204466 189367 211586 102747 268217 332029 419741 220065 293096 157990 305663 387344 382188 301379 438572 182452 309866 31283 396343
111692 311095 97525 354480 249455 54711 447102 196298 414697 308944 181542 163847 402499 202698 368061 223171 238144 49733 219580 154810 405827 207063
87221 193527 205806 286977 330412 237274 251494 297420 476639 40740 348050 463045 1281 303202 388738 90131 101220 360500 12749 381169 442772 32633
28306 98348 413153 189497 449024 135162 255989 45134 324849 79669 354244 498768 118289 282035 207328 48732 1436 114051 235468 451360 382885 165702
278025 100229 491956 471400 394092 119354 318055 106426 292848 206329 383801 126317 250696 335064 298655 35148 138925 74734 461071 46710 211413 114495
239996 429943 307269 482950 422236 314371 4189 74335 41162 400206 79953 273550 251271 497835 284217 282639 473628 7006 246590 15803 279066 73280
457140 437299 412291 410223 263847 350124 446593 179663 380494 188024 303443 348801 1181 941 263433 121887 294742 498836 181861 48785 241695 266928
62465 460815 166798 109000 38799 4051 145441 489651 380603 13721 217387 438111 46989 284343 214601 164894 418187 30099 207570 389454 427419 52774
222156 292292 195014 322667 365980 278100 158745 455683 47605 340031 446660 156488 350546 98105 174085 301676 218238 44949 200735 440397 295792 249776
124067 303447 226517 363607 70513 386071 429894 355638 169560 351416 456088 341918 240697 130011 137042 381106 343594 11575 407896 40687 170486 95819
419206 394517 464225 11484 2617 362006 73738 138608 131144 333465 416937 84645 132395 98807 80398 116620 214884 235181 245835 12931 437265 52485
294661 177372 222403 299645 26563 218124 409332 283226 186507 219664 12401 317448 481304 368886 332104 246048 160564 353398 488463 439938 175827 298046
392654 76642 190797 221482 385163 224447 334581 271347 86705 284686 169658 227774 208123 484789 388281 45749 386402 450516 14141 316531 433569 273982
69973 371833 140193 256964 158032 179102 397670 107027 56855 291491 268597 223156 210150 162179 453056 215665 281769 24073 107312 96632 86160 396221
23662 186743 246959 55 435566 90567 176980 409780 444600 54310 338917 204997 2324 162364 478581 277636 285681 140511 283875 470818 157906 301586
92272 175228 211735 435976 311291 41964 123843 271207 102138 302940 404847 389863 83703 125365 304490 355993 121860 251573 151083 451268 157085 482879
70741 434443 391193 146957 463973 151531 191564 158528 245435 292800 235100 197528 426851 153703 132446 9823 40863 11134 127437 253087 85363 21096
354790 215988 485100 450861 115490 107900 8909 429182 75505 158315 330200 139061 108176 198523 455958 35994 107686 1665 348931 85667 404801 327163
261465 92691 38824 262661 122295 367427 438076 136682 325773 365951 2832 285272 458535 244295 200514 153996 450932 197653 327765 202381 325457 403582
99948 146069 443735 476849 289093 167657 413470 105949 97296 105257 199948 231824 307787 459171 27775 263833 485147 208962 487986 190639 445833 472740
492431 268363 188854 463626 350801 263471 436605 419464 330933 145962 42627 325564 360125 376276 337341 127131 83200 462035 275295 131783 441618 175585
404028 473853 276555 202500 174719 65290 240374 338013 63941 39934 222904 447100 319700 366745 311099 218800 11836 172033 302487 94333 123881 64310
302396 279750 237634 134717 372734 431082 140865 100536 97116 66410 434671 275414 380783 180104 393276 61895 455500 447916 82327 353384 485079 307936
323952 417373 223236 327611 203432 44348 320426 420667 448881 383110 74919 246379 426440 296817 219626 461988 218091 200768 354529 460528 343032 442068
324575 7210 471460 431163 25929 412960 484469 407239 101278 228026 186013 278906 86241 381109 264179 481277 330980 393864 369935 84048 37171 276520
96898 370075 463546 165959 422224 356227 111763 16663 468395 342969 179760 34316 24173 310060 487105 278847 321554 431135 195747 457326 312047 219637
130022 449505 218451 13224 297241 32456 350808 482041 64307 169313 353030 146817 461248 127669 20677 379910 382439 197282 164572 227626 100117 395603
114507 430398 476552 363755 470529 406899 417977 464000 379227 411249 230214 255620 336762 161824 230331 260384 238368 342115 411197 388441 183494 71174
177298 334836 113213 15276 315217 429877 46111 63211 452290 332323 261329 369395 147313 371336 856 252265 29044 40212 156852 468338 127510 10241
85629 193386 130047 111442 150681 378709 74562 308756 349560 393133 476004 444742 389516 246010 339460 421045 80712 427007 341547 295520 466931 265873
286896 337243 244617 397059 43720 393774 393999 274556 405865 451069 236048 471338 256666 305987 256089 156912 107641 167351 445454 167739 340040 489297
4071 106706 22453 339398 358346 15947 208804 79342 310342 227547 390459 307623 73449 75462 301001 353011 293503 468020 242484 228956 339719 74660
279519 154295 103316 473978 498356 264678 20093 145043 306643 195032 130305 343866 183767 422347 271995 113172 420609 86514 273277 203957 21252 80081
493292 396277 377836 139237 68824 262397 14795 497729 487798 162491 403906 103250 358908 77366 320136 321060 273081 86971 281434 463646 246511 299829
377791 402665 309677 335195 348631 386030 99053 452388 59903 143900 217030 161974 78436 203401 358319 459963 81090 449424 51857 457557 227607 27929
144776 412104 109769 99606 312086 40341 167920 163721 68324 457704 427745 169603 290805 319751 458456 157735 269673 67531 355426 19213 202123 112907
250436 130339 484023 267635 483564 454990 387244 106580 124786 493550 266697 270100 34250 331679 82600 324230 276520 484860 98516 45717 262448 324638
148424 128827 436954 27234 163045 55086 36127 458952 231535 224089 160290 188951 51493 255912 341374 199455 191611 28700 424903 17046 10229 337951
121151 327012 277315 251474 114681 135706 486868 220802 206466 249757 270232 125082 263536 304033 246614 18161 385770 49744 279782 25252 195506 335530
148876 218910 51627 422566 136529 238995 406443 298998 392992 277516 425150 222856 401530 368285 440148 186153 425591 73235 187464 37669 320090 47113
385390 175433 402063 273145 461401 126538 36739 424399 93414 461118 148672 144601 311208 137543 441700 192699 445393 36944 386237 123232 192665 163056
367235 444362 113582 475436 338481 481578 298841 385497 85602 58091 254856 91071 449956 225545 96542 488057 167516 152767 78547 493912 10614 53438
364777 471655 287654 457370 151500 241770 158208 212189 462661 485344 243216 79231 426908 491463 121975 354093 426727 383102 371588 42310 3475 266725
125578 142597 129709 138561 311843 147865 477486 327453 187233 414480 106305 435850 318220 487505 241042 20998 303134 12713 230965 371259 484791 493662
469360 250622 278045 220447 36038 150424 370579 309692 76289 460545 352821 22322 296284 166920 221422 443455 176906 120207 14198 495315 406789 414323
154443 292519 60887 414218 26602 322184 436286 20645 384970 404619 132800 419893 435478 291653 151724 82025 111909 64562 355656 74197 1976 55571
2300 168335 185839 210197 189915 257427 203336 387596 328201 485031 276245 109055 87437 277176 414680 43228 124212 174307 423486 150700 105663 152016
295702 223137 15403 293496 404173 364140 294363 353479 331111 200876 457828 434204 80091 237825 16533 429678 369483 237438 432800 492841 415551 48412
289449 38134 61309 296459 351147 357464 484423 417443 55233 130259 97810 411449 339096 158695 209118 194126 103662 184922 493110 123361 241318 37459
200678 420805 481644 177410 110964 233197 158559 486334 88221 101155 416672 199111 295789 464408 331638 340553 275481 98678 249499 358946 410013 124913
299750 114266 303245 83067 319797 106321 193594 459031 445559 202392 272356 381766 128724 101269 222006 445277 175482 358185 350019 296696 54245 78574
317594 170119 260233 337178 197608 372198 301919 65 423947 406283 130858 104055 92847 497337 105317 396914 479911 410417 81643 135373 178057 483944
378466 185609 246214 292499 275332 398255 142340 154655 184684 364433 382234 334109 393082 403054 47080 329722 19299 119156 75409 456525 422168 127263
282166 13258 265360 267008 66544 20435 450069 123705 343113 30446 259528 9764 341847 278738 405778 1203 263862 209435 15625 326707 492545 404349
353115 121162 471725 451989 209049 477279 216994 421402 16483 57336 325815 417011 47788 388894 406057 71938 106346 79006 457111 336190 67708 252393
20861 35998 90776 303162 95467 457393 364208 454967 493858 279083 145920 487889 325003 441914 269431 36038 133523 397559 196320 113638 54438 163447
207340 249234 214695 273025 39005 316032 235593 437594 368305 148987 487181 88700 495369 21992 320281 279109 160054 222755 207313 451724 480959 52680
372341 33710 26608 319373 27607 439526 369539 342220 248151 1052 271876 457183 259869 378740 311299 357796 35729 305767 106779 62592 94010 293583
474842 144832 446034 333307 86637 145946 97859 315874 107242 242322 231809 225461 1849 226776 413410 482445 93887 76431 268766 201092 187112 423049
151359 82175 415312 427053 109957 33928 497199 154843 269561 164347 202879 335590 289836 442230 423019 197024 365931 159731 150581 455092 265153 291442
392836 285036 398793 405967 18761 243090 123438 371156 65324 394580 378050 80327 155160 365985 50071 175491 486271 6703 447357 322852 267723 271487
396089 350556 409507 300729 41118 304259 432598 437649 219530 316011 452423 416811 22816 259153 296692 83098 217917 356527 312549 494596 233913 220047
144494 487521 32796 458266 60577 35746 308347 269647 429107 134127 187886 57519 346377 283721 113967 45204 193183 251918 254192 88994 179604 65978
367161 159254 412054 348426 475806 258651 408805 436380 185753 155227 414855 158643 141353 165682 80328 297719 200550 346463 228715 464217 198719 137044
183825 487380 88018 108076 441892 155534 283271 440892 211713 405213 157514 171618 266913 364487 49316 443322 34114 387586 15733 51376 121974 298971
37552 426831 489032 388434 419570 18040 343174 301633 152128 287694 443087 154749 69980 472366 16571 6870 154467 406877 241409 269529 367783 445241
445737 85236 43204 313137 396591 446489 323905 432241 395632 258492 209894 157173 629 89687 379220 345918 306937 189133 310980 230371 47032 78730
345536 225087 450774 132681 127480 346952 69480 335568 101699 394848 90083 448246 232083 487908 340928 315813 18098 8418 140297 12475 55838 424423
244291 337514 446783 232502 363223 281534 436321 237717 30975 24415 427891 201794 32073 236684 253754 493026 51627 26856 91730 89562 484835 320625
356323 249335 224361 72554 32988 115303 126485 251867 23726 448746 304934 16239 152039 406147 315670 449371 401386 298697 81207 429022 124648 238683
5641 172643 23261 337680 393628 468579 344553 89995 254429 114088 411337 426349 458559 471852 487473 149381 65607 258177 170633 430018 254099 74858
175393 127466 475335 86117 480594 176515 470102 375980 28371 228526 148586 307441 412596 466195 176977 299143 116411 188151 303332 138047 400985 12011
449812 190256 120295 146559 312019 271952 214466 238323 92893 469215 209761 218413 493953 246371 277359 52646 31504 215789 90889 173215 424160 314074
216469 344754 281949 129366 338813 448579 301101 105499 215175 155669 205150 308696 278418 358841 130319 14925 420239 284353 136248 24626 3449 279890
488758 471254 179699 433400 189303 157253 121277 154611 490366 472867 198738 339311 122900 243990 455873 152338 460747 180704 487942 115599 173232 332969
52837 440343 187949 320219 144098 154927 374648 379015 293151 150364 406395 124645 199955 273403 222528 440088 318532 236589 304793 402608 124961 370512
117482 320009 277406 156681 345332 408593 399852 357980 431038 470279 418100 131646 433185 399871 178832 173698 309873 108130 16039 151120 162052 236754
211491 296212 116320 330730 227921 301746 100197 381668 147188 250231 98899 165301 31078 43082 435161 169619 140748 83650 39932 410582 166420 86193
312897 89596 159022 498046 71991 284103 346564 39824 213892 489345 36791 64550 51306 428448 264728 384708 374549 33636 406752 154152 445732 359612
191949 230043 386737 320105 284121 244579 214815 396699 263736 113268 375679 394391 284014 288327 157535 216090 479658 316131 167439 77495 14307 231319
27922 196540 194382 260233 415358 70227 120121 259625 138447 268676 380263 374239 290670 21560 240073 62980 195353 282872 49429 242892 165712 462324
198661 396960 47035 287775 254990 23018 429723 327447 318587 7529 96428 189379 81862 273189 174931 447766 431795 454140 402666 205968 487561 203739
219461 304547 217998 285416 446656 382098 243518 11068 18343 326454 159175 31758 263873 198970 93027 161802 426074 191014 389971 458177 270924 200762
246549 276154 212617 113648 488642 405318 40744 271363 420103 221329 486825 125295 153405 406837 29319 301902 411975 116008 162745 74945 274984 471797
328836 483952 255806 37480 350337 316200 68511 253411 450950 9987 268110 210798 151508 133670 124666 5291 235645 468259 201427 241799 418895 336735
291626 113261 315266 52526 304933 425525 209945 338362 117467 404697 270456 32003 288690 488807 379619 305056 239346 476563 223311 81955 334309 58500
391432 343931 54638 192943 330557 448531 446948 315681 369675 119576 104841 178037 356613 159927 375019 159173 480637 139749 388342 152926 465650 106712
450355 375756 53269 286131 247714 338420 458905 217823 270671 238529 147096 465364 194516 379477 456892 405143 344843 85057 444593 180637 464110 27697
149380 116590 430221 52382 185655 160005 405867 5159 3428 96403 242006 320890 83691 174148 423521 382955 338842 404953 379360 424519 79000 291892
39775 424803 376399 435987 58046 362317 255732 74739 79309 408548 468467 173621 434176 195332 380827 218878 232464 67481 427972 165209 457518 77301
200569 22263 261092 131996 355429 2967 410858 341212 233150 177696 170530 364411 237065 179275 452657 353544 499624 293853 145018 108403 162887 85138
310168 255705 454367 285718 71095 154232 4772 151628 349168 330337 155858 234513 208480 172299 464463 481915 410275 381379 204348 196220 314578 366945
108541 83682 460023 359575 50371 398048 434184 328099 22259 275687 39720 474307 257813 254894 303061 182344 317082 416786 167119 76834 115018 34358
128295 345083 359562 274539 163743 366529 428423 114634 422755 66171 251489 48158 101732 301564 309911 397344 466925 493685 38155 296442 117732 479141
187761 38413 310911 88972 418137 293005 43423 405437 192663 326121 417166 214450 446859 33481 68497 464281 377906 105457 47498 401611 444425 32962
180972 191517 171736 257120 78043 430992 318467 171726 400320 454116 172776 135764 426407 367081 362742 211011 151669 387125 439851 165359 280361 170962
392679 453531 439533 347631 255826 28339 472089 382646 282855 40370 234916 361918 225404 187140 157800 300983 380271 328646 390961 77154 349454 439210
163618 444451 229219 198518 63972 301423 459450 236588 99627 346816 289809 498820 485224 43591 191067 161589 273924 1536 166736 213778 39008 205729
443669 374257 291398 446541 497603 106376 206763 198469 241783 16304 93412 344158 4373 220972 128897 70926 473146 456290 488906 182527 478525 423975
55989 327494 284672 36570 187521 478701 309273 257414 421331 110092 290296 129547 55370 65463 107604 397591 113857 817 244118 78797 35776 106718
491521 311911 415903 498805 157 50584 459609 207093 35263 438602 29224 35599 353942 41958 238019 493409 221461 294579 128881 47554 212376 44533
147272 147705 75348 82134 242919 350856 362176 43235 246380 477350 130586 45485 197075 100171 3959 143696 371883 100484 285227 149360 179862 325254
396657 228990 387006 83199 446904 308123 471215 132072 53322 414676 237684 435062 147865 396619 357458 403568 486568 228886 149883 469371 259508 380353
446320 481681 134366 974 250166 404209 113462 456061 425555 337007 220388 386566 236261 339404 223318 355939 81408 496064 448481 237355 171874 14292
299542 79897 302229 224812 309892 16555 371264 496481 336771 198566 490314 86093 470308 217303 80940 481503 201746 381972 221010 386031 4516 350049
341934 42476 263491 434095 421688 164944 445203 477119 344710 416309 54143 85284 488068 19777 292709 389990 362961 61052 56187 379362 95157 1410
325277 60047 442082 207348 63957 5307 294247 375625 232997 14516 168395 191522 44691 65923 308268 72827 252690 405427 425236 381534 492553 470544
89556 216049 273090 291018 460832 478607 471857 437112 188423 380245 20767 159289 98061 277298 121714 406677 466598 419905 239706 98050 21713 424596
364699 104164 360719 222886 281714 224012 319903 245778 475494 403680 246392 495970 174093 275515 323362 43840 80792 259595 115025 80392 369531 16121
394015 458718 496733 21510 445444 237628 124536 109488 155509 365892 144654 193652 421494 5236 117897 246381 420061 312407 199148 362842 444901 421975
256699 179326 446859 363633 154083 475841 414025 111841 414280 292820 132045 215548 310762 171954 102581 444509 265715 147970 405481 380055 80287 463416
236468 45001 399304 330235 71744 394095 465742 370273 66766 109333 19743 19607 31183 49863 385480 195357 178306 386755 23352 339310 295435 455344
185869 421981 225323 427368 153822 227066 414562 187985 268900 461076 301854 240617 143974 384377 460542 471679 205280 453081 388967 442815 227054 242601
405122 177317 43226 138563 484241 14259 274528 181386 189676 100797 432187 193739 253245 84066 289326 110591 484851 471509 308625 153133 390375 414073
432693 191948 22537 277323 277654 219814 430821 340761 450780 419417 285944 486929 439310 7799 338825 127124 15956 32653 13190 201769 256135 59936
85756 416333 65335 140275 3826 241448 118712 331077 260163 118684 90762 259096 384790 289111 476836 33036 154108 226599 340029 271882 164005 321421
81846 265885 115039 155146 362375 382682 197676 2614 156100 428288 228158 184623 99404 411610 317458 276302 297518 1634 75623 427990 175961 447264
397305 404678 413566 412175 493950 269774 258532 450177 472476 67902 448648 187961 266310 146777 368462 190646 341681 451912 453064 401999 90295 464908
50562 170489 471943 340683 358120 133766 363846 62059 432789 130920 47366 108029 436601 499668 439009 46705 360197 369473 349427 38535 58390 173711
316626 70150 39356 458948 348395 265605 426918 450545 189081 54918 336333 443540 255172 408963 394073 69687 346516 445856 167379 237013 47121 364448
95976 159261 115385 405748 451926 200239 250428 423566 146614 94499 113400 31540 116423 75849 91244 285359 169491 305546 323771 462211 482144 307502
459647 135961 393877 63703 307366 55960 23270 211755 319886 492243 95774 284783 230521 219484 130793 319438 169869 362293 90267 221017 421387 218503
183840 5384 430889 488459 347041 85183 302254 225318 305328 137579 239466 463667 50992 148588 237008 183000 194211 401837 110640 246233 190802 159310
308245 422763 421075 127971 114680 373825 486138 185845 410175 15171 485022 82758 80150 341981 408390 388978 91048 120500 100688 200497 8890 376882
189854 64376 496964 96898 456062 362976 462541 230904 154517 41150 365570 274567 169287 198193 252178 487542 461477 75579 253801 423981 59859 467718
467495 226729 169813 326792 65373 28623 405941 439105 369571 278557 252852 14689 408249 480668 233835 66535 432088 368690 288988 300228 446035 150900
308250 287677 326671 233336 122161 41519 189341 274024 271668 425421 448464 172755 116642 99941 101152 426013 39795 52641 357337 112151 354244 67242
261024 414185 4189 82534 170308 387244 342588 281282 447645 365268 460928 166699 201123 364266 282099 56277 318445 23256 409684 379743 335781 262750
408673 163694 267109 100833 334366 154069 357904 54627 345988 202006 150703 12046 151305 62627 46374 443593 453351 201117 470867 69261 380588 344670
216642 373586 297470 221650 187984 59906 279368 326783 457274 265263 356998 311077 424192 91552 189289 402944 120124 358374 130375 183435 13113 127757
174562 346623 333458 414447 245363 321722 281353 246114 312499 257466 127968 309586 133158 91592 277143 483273 15428 422705 48835 17546 170053 338063
490503 220125 173001 100903 356401 410916 206593 14924 208115 342828 382301 221825 371613 78112 123763 141083 423540 137208 126537 26660 356785 319406
132127 160924 132824 351025 39260 62586 11667 5522 334611 130065 384619 396316 27473 279022 326179 459905 258438 151933 367696 309615 470094 387658
309241 142433 468059 245413 498023 457778 322273 424928 451849 474316 467933 369138 427847 487646 131555 453726 151744 111629 438946 411565 330658 16737
301878 231447 186469 326976 263371 444513 488741 477176 437928 89473 337947 147990 458655 375293 377238 414740 419440 364305 138011 487470 283829 220879
265558 226677 387693 376192 218140 157885 425288 318953 325375 216785 226188 155369 227341 15814 208130 240382 28645 269005 120832 343176 391510 102850
170868 55109 248438 13730 106409 106972 235581 49625 15001 454229 358204 197753 304656 290661 358172 67783 169976 201895 303479 70127 328167 73734
407149 309079 440161 102935 294660 62001 296778 476195 469056 107051 63788 338307 144027 200960 372162 417124 168577 40977 430111 309321 337226 96494
446942 198896 133045 437870 443847 215213 193917 190143 257594 413362 190970 63319 363963 484144 32311 470153 136954 177527 389644 159571 458653 312153
102968 343347 363565 468077 245212 24474 405018 312048 166262 499193 498732 416934 90553 499224 314791 122941 59909 377030 272121 12978 319593 139914
2180 283469 144018 191095 135203 396808 171053 20447 108282 120205 483073 445343 177086 272221 125378 451735 219582 239852 440788 13181 25869 421034
127229 201191 332429 7357 97252 52390 175642 74058 283596 115763 368912 378002 41383 26561 281721 154361 274585 140914 190615 178882 388010 220390
441226 284437 478599 232206 315583 86275 453975 168222 140438 188097 374837 152320 220366 461263 232718 239494 123951 107005 260696 384727 142355 136739
274860 449355 477554 380142 72162 181394 311560 477147 147080 13550 300677 28380 394399 31265 479602 60407 149203 110880 309755 256014 359956 470983
268797 414169 129781 412775 30093 418255 274529 235034 149666 340676 280725 344215 415360 16492 114045 261025 128162 201118 491471 480634 174851 396212
483134 300756 421609 363086 207964 343688 84303 131318 155216 320224 332814 359966 343504 409358 336999 10949 316698 284736 151151 54329 307317 376971
282743 166135 118847 484356 252151 131086 266930 20398 16247 52961 147480 251053 409338 220010 171591 77977 486439 318652 336316 156078 31061 169442
186512 497248 406162 26531 108505 278668 51152 50246 7648 439466 111725 118450 345914 461215 453693 108750 359269 175822 163318 350824 142497 408366
200248 306065 100264 369879 334391 442821 447051 143766 402918 353352 374955 267169 175490 67212 424049 472388 244728 5071 342090 288185 221844 257474
91907 103733 112807 342276 107229 206687 373044 93356 257292 64541 61975 41030 298546 451751 210674 312788 237427 401820 413206 410326 483668 82963
31306 173829 102069 148682 472795 314009 336745 242298 342112 462634 53390 138572 274761 438163 26285 49476 349892 80690 301615 491964 139435 63916
78201 493932 300397 110958 409766 299620 415415 158031 1440 257532 416831 70097 373883 270115 378477 242246 478926 26355 490119 342159 460782 206982
263831 114335 323593 46690 487195 488286 148636 420143 295944 209513 152946 300298 488444 155223 137913 164626 331647 2007 195490 467199 138453 94965
158037 394962 392035 96667 353871 221447 350107 8276 463865 114664 253861 476524 436454 481724 55852 321043 213481 326460 382755 163552 439664 114021
277490 73714 192545 493961 487297 400338 288623 228096 457535 450420 72953 82013 496879 348988 222335 426427 473616 136030 206882 456886 299080 8573
345559 464917 203564 406613 406184 406821 482606 38325 24263 259010 399492 117731 143344 124750 482577 135171 216666 225444 265554 71987 269113 124166
209703 99310 199155 413138 11803 14832 416828 187731 436178 175096 199185 125172 335983 45833 454990 442255 98047 225035 181164 87780 378821 83600
314459 392453 202435 247376 296695 155790 240994 380085 273578 319954 490750 187315 111070 442640 204912 47151 419709 384740 279353 41824 424743 54618
226632 251411 383951 443518 215657 117544 344851 470671 190763 127418 300469 166194 157643 376156 491899 389442 376994 55967 408768 426692 449960 62128
4564 304377 1539 76414 251735 457677 137552 335353 102221 140621 204973 127382 164639 446358 380448 80143 265870 255015 355304 205095 235636 470200
120894 261803 489113 243972 154279 247572 223567 266018 237977 267114 398378 320114 320583 260162 296607 150802 59275 258951 324984 167184 458767 320471
136626 199258 260632 352132 151603 347409 257104 117851 41899 482236 208527 55297 69222 496153 454020 430777 260330 11054 445605 150627 136980 119870
442993 190655 386922 423863 497694 296814 191644 172871 332837 30457 102075 149007 444582 196427 327958 69712 237240 405017 479214 85442 371729 356450
44949 439556 214095 455282 56231 109613 237185 355232 21412 415329 226069 142487 29770 142943 337918 372498 14219 290711 389281 305025 189104 89817
6140 386856 298 285321 9236 103942 305456 264462 137146 58899 155034 425865 325274 376706 496857 339971 279839 434758 459345 479839 251334 67665
498356 150031 126333 381335 26555 181091 447736 213746 258436 192028 171312 86655 84355 266462 379576 177317 26086 104036 469533 407286 42154 190221
172697 87789 149427 51732 488405 135351 474252 207645 344025 86863 96859 93387 96689 158786 227264 446639 256285 273841 258698 325179 236949 434836
54614 250005 145335 307611 286085 131879 187599 410352 23704 274739 499041 490520 170283 71971 180694 601 282859 347006 75201 424374 373077 202039
365549 273717 435501 238208 289573 353 75960 482684 123519 40107 313622 332401 410758 38795 31519 264028 132706 384453 60793 252415 429318 98183
355507 182005 384918 58895 51841 279847 70067 175721 373493 353783 22597 273973 301398 326489 95812 430119 266496 262497 228930 329832 242296 85847
146360 39898 215273 45415 325356 385689 150912 467445 284668 243741 200416 390254 204618 302140 353603 24346 380675 100716 329774 456494 308557 256870
127440 201214 303693 368262 332855 400335 334675 143023 107631 366409 487106 363020 125239 9260 390880 321520 91777 223098 492374 120031 69478 226674
204932 263078 383076 185949 132133 249189 116630 221057 220666 408333 46382 364915 178197 255651 350449 195369 313028 194724 216815 441486 387576 404932
420189 446158 5618 369231 446833 306129 366633 426288 71322 267877 421786 416655 144665 311187 135084 63093 346751 263956 189406 334252 124581 72509
287248 13602 186498 135637 17387 333484 477805 309223 499854 101510 337167 112114 46902 139288 332867 73214 34600 411893 217133 265578 425118 179997
31029 75457 418861 360354 384287 36074 231855 376840 289160 183678 299025 140358 53150 415925 277435 251977 124540 353625 408407 38327 410337 444380
361632 129200 229420 357574 118728 428337 62134 22086 374214 187379 486476 275497 181851 278736 109864 97513 143583 223205 131531 59197 373773 333875
152953 89966 208264 261792 381328 93513 87688 326779 41222 248944 124196 356860 388287 437612 113437 492873 48680 221949 356005 180149 284211 352049
97131 68738 326159 234963 118116 498920 51107 455579 39096 235566 109447 213220 107974 184885 357278 365274 167668 134741 14996 281362 378391 415198
84945 276692 18075 327680 234327 239571 453839 204358 166173 151805 100721 428285 78536 425101 454002 202867 291715 159902 421381 298459 39163 456442
136521 407309 183674 83121 69264 277097 302750 430053 103275 140924 404660 373986 115157 263547 385046 239467 246393 423340 416863 105071 67808 104677
214343 173243 222139 479916 334560 492137 248137 276317 425099 324310 132101 271626 110327 384081 186064 313628 407927 162126 159254 90104 115807 419163
152064 413405 322587 203434 86101 221642 332460 289901 406189 71037 161056 116256 4372 398389 167532 449536 255512 222713 115241 393882 143375 311473
295817 448606 230279 157714 482388 218833 12811 324056 381635 460034 20847 416043 186040 495636 160569 309444 254744 395578 455916 486377 41191 738
461522 499956 427422 398408 481189 258226 57163 60011 99226 390215 376837 75100 477834 388622 404873 459090 406878 420318 91958 439451 341495 113193
12963 60269 431608 379966 287736 441755 84144 164750 22415 39907 217960 337963 336712 407940 282597 265836 288483 316940 292474 485518 443998 462767
46861 378389 259915 485333 457028 228528 98700 245162 190476 296794 71182 337017 324550 54780 226303 60466 291854 409775 406318 129416 395754 337248
127742 484248 371307 419853 32582 30499 468419 8844 214984 411900 402371 122282 197388 417437 13423 433136 456888 128916 52865 242466 124622 358139
311543 382114 167490 386629 130234 358257 99542 245652 399948 11573 196052 495528 7341 44918 82888 377298 80169 270851 114168 3558 132705 80082
127104 432623 46709 344676 216686 105820 485163 58438 31575 334424 261471 302932 202996 174936 177992 107416 209117 431885 147746 247824 224736 79193
258716 292206 455933 78302 312320 399961 513 327506 468507 106480 490269 18831 201545 481519 139107 239303 83454 124458 97117 118996 102099 457430
474249 427117 262923 351207 69205 336085 287200 186196 119731 207406 388207 390967 5945 430219 271421 37648 432760 156835 236996 228777 137046 445024
53951 429236 430058 455383 113198 346161 290676 127283 363301 90124 210518 147498 293463 463779 342995 451057 376155 314308 367075 201899 272632 390229
118896 163964 330323 356078 468432 138141 378897 291680 444511 428616 389131 359641 414424 144434 346254 130239 381263 85784 450763 262650 31503 321490
236386 412143 137771 308133 181509 173670 168387 374485 63820 139373 253621 388375 286485 368821 16477 493796 482422 334938 24363 487113 134049 490945
326592 374011 108594 109658 290692 269705 333464 148804 27302 391562 318942 148687 146065 307765 373332 116541 465608 198607 251295 373314 464286 122622
10649 178379 223732 239772 478022 239963 72912 134056 39413 125839 426550 372823 247824 40611 282694 20328 428928 153646 275825 21556 328095 431017
283641 248964 306587 404077 440197 57533 15684 242233 400733 299414 458515 435027 13128 350154 121270 256454 343520 161065 303836 97993 232431 76713
467994 31297 164360 333017 467671 98492 252036 194966 150554 7166 369911 250359 246766 224058 205358 72643 65616 191190 306536 275139 352661 150704
8558 420849 250970 248959 392144 166063 431049 410930 225790 494837 247748 344309 29151 192258 490002 262675 370866 330483 344483 309909 321535 468210
150434 839 5432 459302 85462 218876 347761 474312 14900 404104 193241 427158 449861 241675 298164 331136 274576 105454 428055 186911 223876 178022
126688 428261 338371 7541 78575 149744 50126 434671 388452 189689 373321 223002 190070 430121 313739 420847 70253 426506 336165 286334 454750 317019
366092 363054 125601 446558 86533 32033 162287 446188 11020 374421 339517 418728 331136 110055 339408 447888 399406 191955 321340 321231 47801 79574
97469 191216 248707 26356 187633 437581 109403 188726 298128 279878 355523 425131 72200 20942 286588 204559 169754 93502 486800 138633 139499 165005
333756 358510 72584 247127 182680 459715 277721 88633 224389 466783 310496 18559 353810 88847 350639 235157 385546 494739 109187 351226 448317 386310
97280 284723 316809 91772 166538 140572 127557 283012 298334 376920 142219 357836 451883 304073 145280 44835 446929 181275 280737 483257 207412 361915
472075 300867 459772 182982 143430 466843 340620 192764 38255 128741 466364 198003 167617 457356 131062 417191 244095 368458 12298 366607 133089 368102
270030 81835 492153 377272 462774 222553 111009 230344 499947 463463 256706 364533 295755 469539 15491 119249 460862 110127 445388 21033 127408 449840
5974 284867 269999 67685 153586 468416 215715 336532 258482 163297 18500 396000 391480 245989 149533 20919 468281 470064 16924 151176 261581 470056
291410 398258 425526 236569 227661 393399 201418 181112 3823 412847 409278 55109 264171 60313 29457 150217 390396 238156 422131 178015 162946 172556
431664 236751 441178 294296 267197 300757 442520 65120 113342 26049 6884 102900 167761 394679 224398 378840 77595 155222 249903 442068 299596 222806
225534 114983 458513 340746 112875 230459 85911 288902 52283 363347 430135 375226 232033 44290 359778 108603 316438 91221 228938 236259 344404 462672
365290 127503 270164 202583 64275 362471 259522 390786 467252 62074 417786 13108 143334 213223 15842 421669 175697 400344 72452 457114 162814 4649
204454 485526 369595 438727 70471 178891 229220 9843 64504 344393 628 161413 43540 340951 462183 275661 284414 323455 180299 80373 269846 440226
24483 458307 405623 129101 479319 66811 368432 82660 10812 41760 316861 124795 482747 256635 179809 415172 381633 397940 247426 478978 292931 148381
96481 457212 376267 498479 223957 429197 63203 497483 489411 129016 466237 272547 22780 356792 114908 66609 376339 289366 27779 376101 219737 329908
297208 112892 481559 433702 157205 102155 268583 442976 32875 81211 65552 387786 353971 497199 410076 197841 414258 96737 18455 84119 165895 18570
246182 36522 40405 348768 423778 485234 424488 435001 168464 113764 178022 181774 42590 129236 431091 156507 251900 496423 395008 240227 371380 451238
56914 261457 390695 198414 341259 304793 252326 140069 388247 118972 5610 126887 198868 13098 91216 290654 441374 326530 43988 440848 490999 203157
227305 206994 166608 148585 406387 42107 158711 158522 451937 494835 478877 217658 413962 316394 368609 496504 453603 2917 407262 269119 268634 204691
155887 196085 190674 360381 154651 360708 337627 85404 38496 265686 249325 21221 389984 130521 422369 202783 373922 314882 49452 133077 50023 375213
411033 380839 297291 175491 298754 206715 44019 318228 458059 479793 389145 489956 456379 490420 154032 468802 178295 175564 390038 74931 472157 183152
34134 101870 201882 192760 49943 181760 112904 338257 16357 356239 441256 315690 183418 265340 462936 21004 91720 322210 254320 106054 37381 87707
320031 45957 268500 99009 323869 321859 186092 481073 275533 72663 89511 469740 132370 36362 76425 99032 237802 190282 172715 190788 374282 246359
258979 276520 92312 240442 336946 461002 115871 13846 350569 255645 126963 452182 434745 444804 309441 170054 32918 7925 7218 70270 205735 424216
358076 433593 429068 470094 25317 413124 256524 364719 149045 81426 347259 231084 298166 23563 451652 144019 200875 5957 66777 352016 158922 358987
293524 198736 428887 349049 403272 206881 82239 160106 18537 62102 382158 70793 394933 283751 207629 103235 227805 231220 220603 49630 40564 299562
169351 80963 448691 267519 170408 456822 490247 91383 97753 270438 477752 106184 455091 195936 382902 463163 183945 335006 427490 409609 215546 78493
196918 23845 192631 359052 258994 125913 149266 179264 209124 212008 224766 265444 442675 274546 180393 193390 28873 84022 139091 44365 399578 60913
144425 261663 184533 45221 112483 241758 115398 373238 52758 336154 137861 224813 129558 455298 127359 443711 312172 314620 115678 462984 449584 175124
154232 481265 369507 495665 400177 473905 187212 291299 409070 16943 479885 371833 458583 286309 169697 275631 100232 360672 167412 22212 496629 127556
188319 402025 268183 239404 322558 42134 165014 290704 173392 223895 121493 42335 84875 295235 263989 400748 216249 61773 451879 409509 296595 304595
191506 394749 305912 300596 348861 42444 63625 494655 221817 383116 196229 195622 197838 469860 38780 71825 161089 335650 130195 479567 73215 248097
472915 460776 121736 446186 23245 449325 410 425047 498798 425553 80729 314611 139611 416945 119544 103741 396170 367854 66759 258571 472092 372796
146682 178186 166554 110195 444369 171460 294923 149250 156297 428091 373392 314243 93374 83889 369597 145385 16667 247562 208276 103287 480864 411305
435231 256490 251759 300504 368521 436278 267411 119651 132153 223823 110893 270467 196236 270174 389596 498936 385455 348755 226824 268144 94966 250393
379180 32036 14332 229989 270365 137666 69655 81896 244763 174885 290327 390564 119380 407552 144955 376219 14383 268410 27983 374179 48731 316210
237094 276310 202005 261380 255600 323014 60912 168388 477593 70638 246340 77031 282942 414371 106965 53410 3500 19689 201247 486634 329911 249250
243771 438298 240532 163585 49617 24914 139891 460029 413978 474076 268380 321473 286544 226827 355493 228512 47316 465788 385485 338470 85948 299583
462648 199273 54615 87438 420072 33950 478622 214043 208276 104360 406713 338249 245255 367820 491787 196689 69560 172096 30012 326853 271042 251489
317441 253232 66591 137796 365257 279356 323398 96388 60198 353774 200509 256186 462774 396876 60733 477259 79342 320030 454465 194459 439586 417394
140586 96479 335411 423001 102675 56912 219317 358064 178123 335900 315356 373401 153140 253174 160355 301639 163351 6285 287288 99449 244322 338779
381639 482237 365440 138132 120578 137014 239699 250110 12394 338136 482832 430399 195036 210672 338070 457522 110107 468641 418381 333940 424885 497449
137303 244379 107669 467618 478326 351333 116517 205828 219066 499022 71358 459079 173540 205916 407694 220647 406685 324693 229860 96832 195244 329648
108666 426489 272408 293321 443648 488061 180474 261101 346817 196644 159933 295413 120020 249744 339221 494032 473794 288307 246138 202681 202990 195022
244991 110952 337158 15573 68051 345572 465733 355214 30772 128182 249794 46552 65834 77465 493304 258247 90503 434573 388979 277742 346777 373482
296244 346742 398666 228466 248289 336618 16372 200447 156556 423157 33124 243452 305310 470019 254090 118000 282144 118245 323386 81045 100550 215056
246818 109894 353465 326405 404456 23030 73727 151274 193024 174398 63784 384087 290919 6958 249496 306990 287615 27365 76236 139073 179719 482236
191851 315255 293141 483964 456362 229161 491827 385808 17116 272583 114324 55093 438293 498040 466833 136941 27545 457630 371525 175603 126629 122712
433089 109993 303545 423905 352428 45326 473601 170486 343387 487723 316479 202676 224937 433772 461783 325407 37587 240204 305303 332192 431987 97353
415776 211494 102422 308758 296469 405325 92060 480143 74879 32220 60684 174183 354522 145864 332242 195614 153408 366966 217558 33711 404848 96958
315769 487045 383355 497291 56942 439405 221099 21247 64915 13478 237135 158195 3179 497269 9031 481531 433338 333653 201545 68552 197180 163500
57870 438856 23394 310873 40253 462280 479882 423530 60369 206713 335546 281162 492905 489296 181816 74902 301516 238344 228617 372048 166934 191714
319332 481837 497732 293036 144274 187018 111800 168992 390629 263964 156777 99363 53266 71716 40363 203982 284076 26752 163574 236617 158686 108991
357013 55059 403877 60461 431086 461502 180552 2956 326793 146072 327349 313508 137214 312164 467065 160977 490400 451623 351579 90778 170784 434142
88309 120866 173439 443052 264944 367575 6259 13522 339484 180424 153845 371351 40041 472244 444325 284039 187332 289725 354267 230264 383889 155996
337195 220423 429538 7342 161556 279297 308977 384331 400069 5886 368512 191127 157868 154311 118538 350097 124253 15800 27653 316842 440763 187489
483095 134256 29254 240070 221970 133992 42625 11911 358510 183545 88574 206169 93889 423109 290633 299123 283741 133107 258318 186597 195654 38055
462215 416867 81038 35284 397670 342079 129424 189512 229020 304820 430213 468901 412164 86623 83942 128303 497678 346312 401406 319617 131595 310943
454571 361178 361938 75393 292882 489238 404910 325913 313404 304695 244676 210883 48176 38466 464260 485100 488686 219846 394763 36917 207269 223670
467346 277270 183890 146360 389976 476384 75447 48790 422471 295227 30931 226674 461861 18158 127907 176375 222041 194428 421077 158314 127991 223435
191492 494879 318474 61313 362741 7240 446173 418087 423885 250376 287943 277903 267501 494406 224048 28946 3115 183965 493124 487474 272526 53520
11059 19710 178245 271963 107523 58324 252197 440965 493139 52448 67966 145745 223628 345603 254584 206195 175974 359887 60751 389440 312564 368366
320360 381950 153965 263651 328687 494202 125752 168904 240943 99321 112691 386710 90573 416422 30752 45348 401185 493930 141197 305254 193777 476026
277086 327158 121548 209002 121017 23248 198368 341311 249518 24600 411993 215267 234177 103798 15447 433 34966 490625 391722 355087 267927 349402
80717 429436 486116 93039 427420 126815 343160 111584 356723 489087 452052 21406 5892 48785 407243 220367 449140 495788 442346 319343 155476 497657
380193 468848 268823 484645 315697 312066 214548 22328 109396 13645 326746 255040 274980 204667 462154 195111 372393 178355 147478 65732 96163 270400
394581 222573 385360 64912 112639 411978 359994 83224 204331 101540 264544 454229 16579 248700 333280 186189 71648 470392 67326 340980 465576 395576
423475 352810 109152 175239 326932 497250 245872 345677 439390 331966 82770 267425 184603 4822 34229 223452 283028 322775 283252 196360 226355 165672
113039 21208 493748 233319 329059 432241 20904 38802 56299 223494 206853 125250 429938 191457 16173 355730 138579 324221 205912 473661 348239 174833
106273 250597 203210 210407 147179 111408 321507 15626 296078 97069 214830 163102 358210 210805 87984 442121 13158 27628 392310 232975 260590 453094
271827 213211 137415 320966 362900 405945 71783 339138 466017 58178 271830 422658 472562 182542 181043 204616 71115 279757 201125 450281 184438 53969
153791 291417 339836 397187 320238 302117 51231 71286 101826 244730 49751 302457 418679 76259 247367 173605 291967 319311 132059 207510 306989 290417
67265 127063 37600 431905 344064 425366 404907 161984 279737 146263 177693 201113 188665 311972 18802 320130 342681 157121 450133 20258 436274 162237
182192 344844 309248 163109 222226 195946 210770 397395 149563 165013 345034 200100 465159 107296 266999 39400 257589 356117 387693 363794 97842 81879
13630 311278 87687 367302 75607 45970 458620 386337 5401 39021 276039 437254 419955 255581 363221 257333 407929 33021 376948 236595 100355 417851
194138 53034 24131 148775 49430 290797 478628 53639 97585 99480 133436 234151 491328 384246 190767 268014 499081 109629 284576 73452 459184 114997
225459 206320 495677 284502 234756 114774 402635 228782 251742 142077 59503 92801 379257 100407 273955 74219 121011 315033 384270 374401 394474 476274
68530 367382 147347 109273 135474 30649 211418 390399 187358 397916 30838 160035 157885 378703 381032 475684 267221 481323 105008 379793 257273 256266
408012 247676 261008 211507 249518 381678 189054 92277 408089 476148 180977 52521 256504 185398 135082 412697 80411 284584 303270 318687 96431 352026
296041 290246 477464 386378 141830 333581 467053 426362 320332 469482 123697 37979 454224 240683 460905 413736 450707 437527 146143 439696 19921 335603
203634 40491 406373 409185 394328 498349 176732 104643 110705 410105 371381 474141 103593 383853 376977 354457 286601 12091 359132 342147 378746 30615
172856 493908 79512 310540 154179 288237 38543 225002 188965 459833 82965 71258 170776 237109 91140 111346 101939 159564 58385 129891 345813 179802
381166 16815 83979 454898 210872 119289 309118 104251 28958 495637 485308 333397 250575 351230 222337 119769 92574 351014 494081 309151 88181 394440
175605 34329 273779 169529 422656 201725 167172 498013 418685 332960 182235 298486 490727 379549 136494 286456 155620 443348 4174 24792 468911 430832
303170 68674 95169 284097 30559 329897 460667 147976 182662 88633 395634 21105 299034 197160 169271 38394 478652 172331 478530 418930 373669 108678
166490 15581 192703 288603 485604 138388 59968 59908 212230 135913 124612 271451 476631 416104 334855 41590 57829 320121 491164 363024 357570 100161
385644 209730 21867 463880 121710 177361 371350 43638 405311 172513 53784 80663 169727 99048 114993 61470 386728 466077 154549 355717 320843 331822
121783 166546 376585 399313 133363 8437 122058 116882 83993 104397 16126 380972 285169 39307 37166 24019 383887 192207 140222 168301 467381 144462
493921 178273 124607 443445 63257 104039 102479 6823 339209 105407 291573 290914 451705 139038 219483 355520 211014 425955 431275 205146 423203 292552
75037 217958 355856 142676 445312 34497 208437 297581 253220 78343 17275 380747 259106 56511 220615 398311 198217 461908 24404 264018 378726 303326
368108 285442 254895 145152 460642 419623 275884 778 337263 419612 327522 466814 80776 191481 207421 460911 184568 17030 12570 191430 435423 401385
365358 95231 99527 404512 48567 69104 489630 96683 103165 84425 472757 388992 422915 24662 287124 35906 447504 478434 383831 35467 94325 299062
471721 128934 245147 181503 27292 232538 486090 7438 470979 192801 210168 39960 350732 356087 158444 280286 371868 174765 394894 103367 246216 374108
356877 26409 93614 216279 494188 394470 78543 48378 487850 122931 348457 227135 70156 440884 6196 138799 454089 97059 234425 438549 337427 153296
130794 226574 188669 188610 114946 279613 362765 44764 271802 60347 298047 293691 52517 478347 357843 126139 152009 28556 347252 246776 47323 349287
428294 25362 472277 53768 313035 2058 317622 111626 173810 57034 137078 336683 1885 240385 5892 367263 401646 49708 321183 409120 398829 89424
498189 493730 218232 89155 439483 428869 308808 471562 165554 102468 328348 255069 419570 333226 168260 296679 32174 458148 386475 294986 160195 297041
434658 405247 190038 410135 450885 378107 314602 492495 265901 443853 492026 314880 296369 315811 420537 266857 38777 454061 122563 336408 272897 170201
488544 427384 135623 289821 60277 98983 276721 188884 271846 175621 472158 455263 53868 422952 358471 185101 381199 491309 197681 183125 301760 368745
375474 376960 117878 33149 478141 190148 427171 468488 367660 316714 326033 321366 126665 282769 390687 89270 72825 402156 79186 484490 18213 235046
488506 120375 461894 169734 277602 160636 161741 498797 102195 1248 199565 382780 433606 322820 429702 170707 278148 122039 51150 275188 256124 215848
359069 402278 92319 95894 242485 42070 402012 260420 231468 491735 102707 422376 94840 452170 472024 95650 31958 414553 204615 206858 122327 212957
377310 300706 157064 190335 419771 221675 186492 191035 422034 156979 285208 201793 45931 32843 89979 404341 114583 95639 326087 277751 283789 58623
474096 175997 37573 112003 32896 441020 409519 56139 215365 5509 247953 118587 260568 361355 265276 287462 338955 96931 124490 259290 376814 125445
160598 216409 20093 125295 57431 180680 422218 364361 142650 471552 61346 420835 162012 426593 329471 349818 371681 144870 12266 227865 289363 215380
130506 313340 226267 137069 350222 171184 229205 25057 196914 321943 80979 92740 488657 140008 433937 362778 73576 277074 437552 367502 59907 389088
64849 272994 3718 397336 121231 453729 212058 170110 201401 372976 95538 450774 440843 466627 147448 386439 238153 174893 409657 353946 232216 17935
185258 15298 227832 167313 50454 161973 316577 50190 147973 321240 30872 95241 78730 53274 129775 606 83881 291543 75671 302260 262851 108796
191330 176046 365407 12554 446297 9376 93751 224627 35479 479679 353500 490594 301696 367505 496071 19159 457090 356 232350 152592 203846 496411
396991 146211 483475 17954 347403 136583 366784 468418 471762 5459 89907 138448 39895 58878 196698 461792 346623 299718 264933 453176 359804 8108
434622 484447 305648 218076 138343 443412 356929 29354 160175 265562 160344 79352 68464 20881 221749 185748 141000 430080 422706 353694 68305 263118
359506 103399 286495 67441 355718 46741 287926 149565 367036 401828 491814 368094 313413 151015 243780 6657 278817 779 226374 224876 242602 463292
494042 154990 352057 79744 360419 303281 17784 138978 119058 339052 406917 397770 487613 58645 244160 186087 266718 480404 322098 59470 17003 192242
251386 462844 269 250032 182869 456183 429343 122452 131080 302611 430085 98495 35373 425809 91718 890 278584 7650 308104 400942 278661 55433
120231 7154 269088 44798 374257 316511 81041 325006 103969 465056 32450 271744 392310 139269 449390 450579 403023 345303 222535 485027 149541 325830
373220 362698 21509 351581 442854 451747 120712 212247 406981 450217 355441 124939 408827 100190 357027 93699 168269 194281 60060 166155 305202 449814
116946 56100 109313 144385 215273 194360 231675 69645 50542 229320 494578 273327 108818 92385 334677 6376 398886 254349 227481 116271 5264 367109
270021 464556 177352 49348 336794 480129 332465 153975 251325 492804 279063 250865 499715 148103 331009 446971 421368 197912 416307 167752 418123 370531
429732 257127 249977 276310 341014 463602 483445 456573 25495 405795 285489 10636 84531 354917 229868 156123 340948 232392 236504 335243 241847 266767
345158 481063 430156 63172 412721 352710 23850 454764 468515 201548 159148 356692 66472 458768 429484 425418 425005 469145 71323 471561 428276 314273
20154 42828 294616 71707 475224 216547 203863 352817 21416 257475 219264 418790 247389 48632 464026 142043 121285 225078 119375 74669 359168 135053
48820 260827 485948 218139 46870 101957 265775 287803 101954 345392 213871 100347 395152 42182 64209 379947 388237 228378 451068 439889 399396 52553
462921 26778 149705 127100 237594 142443 184642 149898 142964 371829 247410 214906 138202 328391 384418 403527 373767 117950 465358 139676 498888 455959
30538 228318 428147 64292 289327 86953 373352 309437 117926 106706 49667 49358 89872 109484 279227 165295 256752 141095 21370 456849 92341 437938
414713 183539 250247 89633 385208 323892 97101 234922 285207 181795 366681 292713 723 105171 416625 428995 85408 457834 124859 17287 56992 485369
145316 282960 459165 88709 9549 312936 314281 364068 179154 304967 283471 239267 12728 422073 438293 471812 12755 489981 367057 490437 373073 25641
1349 420475 391334 299915 361176 365950 228789 366507 432595 197469 48632 73292 159988 480563 329773 154769 326514 93713 167997 33724 220366 216955
364073 150705 70099 80047 472755 348250 208202 496831 224422 67780 62972 463744 271011 437734 194180 53851 100170 382273 395440 345825 769 228131
31284 122907 149764 169414 202955 268511 390889 216341 401772 363486 81358 87663 405477 348955 290146 336580 224950 356342 258061 216892 122636 307526
149436 460791 19064 255014 118317 391727 134252 397670 318195 193113 422961 282146 370374 67787 368296 377999 56075 245687 197723 328146 391516 408374
124191 483755 265523 443328 497993 471694 343416 364087 120394 91666 159076 49923 349928 192994 382610 454264 236922 264306 29121 58132 200063 419019
190760 414948 325916 176935 144119 139782 452816 176409 133061 404873 382710 499363 203580 428049 498295 223211 241853 383223 444617 52551 36208 350573
250247 489813 349197 301407 298318 290983 356832 436981 393490 276444 224605 165621 361499 19210 64608 358949 100415 439063 152607 129454 30589 314439
73198 412220 143699 284304 280463 231650 300125 48105 301204 124090 285003 454785 131890 439818 340765 161644 282884 449890 134110 374455 6873 298306
285658 189245 292027 471993 351996 249170 79869 441544 232457 65788 249152 385252 451347 362146 163394 20443 240955 16573 354307 298830 255334 472363
314101 159260 494682 336418 46464 426847 455478 415713 139824 224399 466828 341858 262236 266053 416027 112460 141235 346811 449997 310085 266532 7886
118921 121701 482666 230565 125942 61862 170226 254092 448110 123255 121195 171001 295674 273167 125513 475439 429008 163518 74838 295905 321413 119487
26102 287246 259280 281930 433589 403018 231421 76775 353007 314526 472779 387773 448283 414886 271651 341864 55381 389400 217077 117128 391303 134820
339888 230838 137651 155031 118686 17810 271871 169914 372186 410583 336702 308631 364975 135056 334807 319995 24462 46661 375700 294711 492075 193933
301482 193281 44469 165095 422207 492023 431760 278724 102781 365507 137585 422267 353681 417338 384597 308960 190944 206271 51358 89135 108136 163557
467947 236962 227342 93649 100627 277890 33193 210013 199774 109467 414569 471961 35584 423016 44357 438893 421459 378253 36609 280793 243216 167043
16440 235101 55049 191437 30444 172948 6502 91594 422375 71739 417466 438916 391180 432208 150145 90341 27551 469942 162361 216969 73902 70356
322297 132558 443419 196765 205234 146023 77191 225002 18305 344753 255868 177027 316686 140797 428279 99070 314661 425868 260560 330718 451662 113721
340711 167452 439115 317519 432429 194211 160206 47835 433100 284789 246804 379741 240180 476907 216993 536 213507 452378 268953 11817 374832 327441
38616 214068 311733 386591 264720 435961 331382 450993 66909 459142 134738 409113 55590 265926 155653 203210 211922 152055 296567 483616 264963 389849
55653 449661 349268 477155 449738 371661 48843 204239 296585 364779 10747 429813 177466 85980 269978 80438 140271 238297 396921 307407 244865 315083
430437 254509 352604 309295 154904 60479 393379 319033 361597 367879 7458 433652 410335 386603 210574 211975 222412 338536 219451 50196 223691 231718
167386 348794 496151 450182 139308 205082 39639 280727 446088 473974 234556 50889 179365 101685 481750 430457 497829 117508 454003 210826 190558 210294
47189 157685 492485 188332 209871 60215 498553 97040 324508 202665 394794 93307 283100 267277 85252 10903 73707 174916 118588 387134 132640 67548
431253 417729 27199 51239 154799 190661 411067 228615 155246 345639 467404 40645 395202 186560 106856 330688 283832 244772 195777 345987 213564 461509
36700 188591 92745 281076 375561 287128 169839 275591 380580 487500 439360 307766 83910 49101 202743 259360 142344 367680 16645 490346 61430 282174
209849 13255 420524 256072 385100 115636 432528 133559 221254 341978 430795 57777 232112 274358 158821 53464 318871 241173 377532 470044 417881 251769
466881 419537 319728 27193 155567 24955 28760 399588 85416 226470 142015 116102 82158 56306 295272 161315 122363 72011 74427 167776 308222 363862
453165 125121 363347 32584 115303 317965 463517 465873 102165 320525 186562 389973 448846 318100 233187 119227 240987 251193 450135 18751 156870 287455
223395 161698 55105 490453 56152 35777 152367 378329 146633 360835 20883 303736 250247 199179 173363 41457 237082 30510 239432 137655 407102 446046
295749 134453 191801 14533 184578 298187 217589 136718 459236 436407 163550 146012 177994 384271 94745 200030 82070 189035 272446 181242 228055 249568
346548 116166 222447 179110 4040 312503 419269 204411 431530 172048 91082 73632 48036 37404 10752 286881 252791 475414 46635 409522 127859 188869
465336 496821 80723 109638 399045 344985 319475 241601 152492 107708 14064 482142 307247 44016 328026 343728 354913 156124 102872 207 441391 1529
430840 411556 338634 111229 436049 292733 109873 167477 323991 341984 480063 308746 389818 495164 347374 362278 174044 109115 191207 236432 466029 394036
402536 100788 359301 298782 308080 234270 346685 496158 26698 100900 416586 253729 473075 412611 95831 322789 228617 173890 20541 357425 181811 429203
478306 77734 168423 188056 344652 127501 220924 351106 440640 83151 128461 23732 454684 360259 144453 255590 335181 216770 353837 225701 414349 68727
266896 317784 83900 53715 496264 156414 98266 352413 400135 356947 135487 268102 381635 250002 252727 53177 388382 193523 207902 464497 347793 30901
222899 53126 401909 362231 488988 22399 291054 81217 202934 125739 451125 73184 489270 320491 70624 432846 217761 36135 436656 351215 166725 223777
381014 186199 447922 385158 26978 181098 233369 446944 412746 268540 73631 299432 71156 121783 116861 494201 223777 291930 469016 46432 27893 431870
478072 78544 55783 256660 312711 174995 472545 147306 346983 365754 311124 153773 277200 319765 415772 385257 322374 203838 211979 438699 266835 278607
372757 71847 262214 322228 491640 131669 284455 143515 229445 355062 255893 296168 277071 178517 183231 267045 121295 183849 255867 302359 226066 481399
413062 268235 435904 424276 306681 204431 47049 395496 309156 253374 213869 45 302057 282227 430344 288663 362712 3775 7097 400910 303203 256629
354510 361782 496541 291330 286830 452752 334100 32826 191490 466009 466375 80909 151137 414256 195269 91321 96470 98997 236133 406905 190416 152205
171004 199579 145702 276514 156318 370640 455493 205831 69716 380988 414647 28473 371382 313581 117842 99201 34085 303272 55130 333495 229415 285246
351219 121952 416608 433150 323688 488696 176106 325477 236273 323146 435793 436528 39685 363739 200750 58642 463036 342407 7261 411553 290174 261124
369757 134122 430990 177059 430275 62533 144013 490773 281499 95843 323148 257513 8701 323331 5362 181907 430728 57765 301541 244841 396765 431958
405145 51111 266651 76202 232210 335250 94290 197799 5112 16825 56070 144957 17750 366872 38082 119444 228303 343735 28598 356511 412286 485423
449679 288620 56391 189868 239058 58013 194176 324461 105269 248112 288886 198376 307513 387866 411613 216939 35367 342931 329527 431774 430886 490699
18240 54948 174359 449051 297364 488321 121901 368821 467998 75349 338060 494653 122430 278885 74621 467473 32469 343323 358955 235268 86928 215140
346525 499336 245039 111127 295696 387497 407249 370710 13840 258807 211390 87628 362900 69436 233264 483831 457523 472844 242655 205791 246246 490265
452776 78116 158748 197958 197369 391254 129364 23476 260955 270301 380890 312760 266876 372057 418177 386349 100281 217796 268473 408262 339397 321204
363277 280060 165688 303133 358941 161509 240566 473042 54515 470790 442650 201580 6883 239199 42815 212803 16452 279428 254252 147417 437893 190349
63610 185846 371726 71715 471619 10510 143508 423770 348520 265279 293752 258142 289694 94039 471389 28934 340407 118354 229317 243654 70313 51392
109415 431840 7805 419685 86350 355802 110582 69562 99377 255563 16219 424402 231178 278798 304899 298615 406998 175705 115100 185298 361160 147368
413944 101225 273578 425330 80149 198786 229233 229309 389095 298758 276283 415182 19172 33313 203368 460440 374316 268230 112562 468022 59635 264880
273995 104660 311501 133570 309490 309350 186037 200400 37713 455580 275545 186743 366773 272910 51973 286951 355243 945 12394 431713 18004 475148
394219 442619 277925 446948 13636 5376 67389 468690 152024 94484 473955 280567 5301 110069 343836 19750 439078 307742 491942 363039 396053 240005
315796 473916 410619 16324 212295 72100 120869 29685 123173 67006 337828 93846 123192 59711 190386 175979 94790 100676 483132 311619 346248 228571
166768 390835 284969 372220 306628 418495 48317 101301 475168 104599 316443 446946 253354 475582 82489 75900 462604 55749 272386 418184 70244 193750
498743 218576 134760 494573 147839 282063 88691 281568 287660 380614 409297 152736 71596 393996 288547 451128 123016 464674 276527 345521 333053 255395
417159 193784 344148 208539 375476 457463 332288 93263 32991 193824 426420 372410 219483 360393 303838 472600 89427 204880 202756 165498 416652 228736
271641 293306 208342 256492 433660 474057 312820 131352 176974 413252 114821 392823 47790 162501 253423 203630 218738 171766 241800 59000 225924 294208
318688 110275 181975 106881 368814 156631 108804 258396 348053 73047 471365 367819 192946 214656 168846 255119 277733 375086 38819 283016 37306 199902
276345 176864 149395 145998 423757 18945 184979 62657 110043 43207 202762 31934 267453 39632 457208 136504 26688 14576 250848 422121 150116 138625
281419 65431 186352 3448 375317 457208 314447 69203 458552 388914 260395 208142 175027 382299 95236 38549 303382 300703 212173 335827 299661 314048
31076 392072 223910 60824 14092 116602 255297 262490 76873 173603 437108 8758 30903 131336 461592 403643 48262 51145 44915 320214 359414 169172
184162 362457 296780 83988 162979 84791 140782 485511 8541 174956 324481 139310 390060 477978 223036 487517 309645 43502 257832 5490 123330 55136
202614 83298 371010 433369 137533 198799 281504 56463 118159 223126 171351 28844 351492 127279 283533 368050 365865 232686 477222 70823 386245 169598
225795 230500 401150 17430 164201 176853 353812 135336 466042 375811 284172 333127 477271 88616 289480 184915 193217 336235 243671 405123 216056 129756
333545 222349 395684 210861 475387 242740 4466 312874 384497 492687 67030 475159 194881 194962 254159 299525 425164 241084 156968 319473 223240 394268
279226 99609 178680 436640 185711 212796 346621 456123 52033 37357 401477 1682 38625 113266 329282 497604 273108 491167 352310 210036 44792 270987
457514 63732 146692 304684 66398 12880 141389 268052 269051 396692 206788 178567 137220 80858 152029 389975 424202 231092 167755 298494 399294 87314
332327 103063 230850 410097 408272 95898 68185 297920 185260 139538 74333 401360 113324 14141 316303 255256 273837 75679 54856 109922 225883 71779
22350 332214 476240 185903 414339 48864 293818 390083 252184 259840 100507 484430 108318 86639 54602 32525 103965 207625 469399 55585 443485 72763
52267 147980 473698 336297 246477 189928 45685 370524 232257 243971 188156 111495 486028 128346 72556 189525 329107 50865 282485 208337 369152 171981
378428 380882 31110 426542 348006 117472 102908 60493 369679 487143 78405 212653 96731 180599 303025 7073 257796 324981 367068 103162 442482 338467
332180 292395 315368 18278 230936 194587 393179 296473 394811 293574 375454 150286 357416 43825 396728 394684 38816 387048 243671 320746 296222 263702
322366 453110 124412 465151 192474 131970 205583 440957 292210 92859 57036 357014 295229 484360 295534 117782 491533 70284 310384 16302 225225 146775
7668 215561 458264 378063 396422 255815 415417 263542 490587 252216 313296 453657 95315 149334 307739 398549 44477 470335 55202 326854 348442 449294
301677 276429 325401 293013 362031 134973 366082 494073 366336 110338 117614 411466 288009 435918 51123 330110 173144 15329 255198 262281 475988 349525
111609 4282 253450 108452 447788 62517 375045 331254 351839 305672 90269 369354 187006 195085 83238 355136 369653 120123 467305 94817 370298 203113
54511 279404 169643 358849 243130 273054 398636 348508 191694 4253 285043 75167 177036 71713 489567 195794 151520 285856 298690 106393 5008 162068
386175 278129 139221 54827 25550 466536 7270 447594 433021 440953 269967 181919 318033 379907 84705 483906 493738 231846 416707 111782 319652 453785
243558 480866 140729 103434 144950
96215 242084 208691 430444 6814
206785 214581 460448 328464 202289
365172 219932 54160 425753 419567
249164 339448 162249 160410 271377
171391 302682 209946 377333 443172
40113 171580 291801 86586 450720
453682 290603 102032 428812 4171
119027 411228 145129 474350 44779
449699 386177 273715 348207 89415
473523 44030 355050 38862 127032
164825 330704 314603 427169 196876
421546 78539 288061 281404 139308
365438 324311 392349 7107 415327
376731 223957 250026 66402 407577
214927 187803 342074 243106 332185
482 279140 437424 148026 132493
277843 180066 325395 39456 496696
203492 173617 194278 489934 35757
418892 7074 307072 93218 199264
214914 417656 137656 318981 108981
15076 7702 289677 293267 262086
252249 155513 13819 488313 49714
313080 467034 431132 156202 324029
144839 171964 404453 284252 273164
174850 40676 101634 207646 209877
248261 496622 479597 354414 183781
288047 220727 260279 73861 272731
96631 478654 447818 169417 435100
303260 276606 159659 164532 401116
10741 78412 155463 326026 120778
114018 258751 287834 28135 409840
322085 112434 351875 381883 201671
169941 28678 146439 135669 415981
223528 134765 164940 17812 347192
476667 394666 120511 199609 433736
235679 396488 292646 386738 394852
196118 47477 407382 308806 240971
365786 470219 238427 266122 192930
481756 45717 488771 422784 276896
447604 314556 197157 82552 293461
214493 372648 54084 97896 65976
411973 319938 372480 162548 30465
194916 337284 204629 335244 255405
479906 188009 102623 321352 80899
161777 89189 398020 317914 223210
365206 404784 72341 156247 460671
434927 449718 35213 475805 28984
291036 453530 113575 115565 227706
355923 240076 38742 91689 240153
493970 288538 274777 91815 163389
49561 115106 179259 497488 123496
180986 408830 91918 86441 68575
197202 83833 244295 6739 404055
222972 335403 394024 90266 171844
163902 435377 305530 426888 43132
86136 60600 181418 355057 300686
257242 374774 322643 462205 176604
173447 398907 366617 117237 412969
125505 72373 316001 201721 291027
196657 201456 295784 269905 411345
170218 364766 181096 401513 434301
111772 194442 498485 298533 125786
237639 182629 234742 97967 161386
305398 316553 187950 441777 496347
80385 107853 116874 224858 282265
121250 19623 418931 217228 142054
270558 140699 383936 89947 260576
254151 197967 31306 218900 453028
23156 80580 273807 38531 336559
143947 207057 421777 365364 476809
132575 30757 6646 55422 16761
426099 338348 92567 266008 448797
472606 238137 268454 208745 296398
173982 254681 161742 488389 247286
5197 365192 84409 69998 14525
389099 7320 24046 112222 157428
32787 279900 138297 474298 461258
487359 62402 336900 434064 127390
410233 222356 283963 485158 360509
290209 309962 393162 481000 278114
168403 316101 329419 486822 431944
26363 417478 417121 290853 254333
9284 391393 464185 129836 444241
12191 69327 410805 12185 353968
339896 80314 287615 283515 326358
118641 218326 186757 313895 332869
126048 39464 120268 79930 140480
263042 265269 54543 398622 226826
151404 495260 20598 164925 224762
82939 355933 402966 152409 285347
71922 316637 380536 326126 107037
144054 373348 399165 474951 121946
213273 56402 120821 169667 213061
452410 484386 291584 495253 457614
49239 67144 309311 457710 460778
28524 435947 212334 343825 401189
285758 238349 174241 121549 95972
20224 193095 321897 69337 185614
223778 444996 415541 177908 115579
439511 45298 244361 103459 93699
200315 183835 178567 342465 160018
431736 466098 5201 371166 261577
407200 419472 289136 67353 411418
150661 490192 20435 408370 341561
394537 354857 266429 370758 147373
113937 459208 68840 442982 33034
190744 85649 475739 371356 472866
316217 429563 147101 348803 189778
236488 413232 313566 171609 56547
297161 419440 41800 125681 22763
324689 412809 64359 71314 472778
259333 425431 369900 310509 144251
298294 120481 253973 165548 499689
167060 61819 454770 93260 305570
492978 62513 410654 430568 291840
55014 417645 40353 333753 337948
469049 276780 345593 104189 268584
452012 69822 13637 210245 407049
155968 434419 114646 453683 183758
164313 172217 486535 119622 480530
30873 395947 213681 340659 337267
365139 101017 112378 239935 445190
163527 413667 467998 367770 479677
498554 214143 48827 313773 369450
295757 93419 90260 286388 392377
231908 382295 461019 454623 253849
422456 130748 265111 148154 1045
191516 441787 490326 118045 118169
144432 283419 401136 263906 363059
291097 343122 72387 138497 193508
221803 254360 381987 186232 437822
484898 335284 312311 112644 184376
314512 196910 456996 478357 198234
400886 433298 336239 118922 13334
252129 260712 494802 305349 353926
200765 394188 60621 84171 8060
463106 225291 170668 284466 268889
12723 104465 110914 217914 15345
457576 389298 338494 155338 419903
187456 203062 444769 89211 15153
326581 365973 394584 498154 303738
169415 276606 298168 13213 478522
134908 131785 31957 64947 71331
84701 347812 51616 335458 428599
253568 97589 482649 254190 303423
378513 317404 200001 375614 360863
194886 40039 201166 322969 162423
10019 109052 122662 307692 244502
105595 4580 417690 398959 39247
106017 345062 377725 197785 262083
121892 173382 475898 58984 427082
475344 144198 352487 455855 226332
76743 383733 122790 462642 246731
199044 226545 273592 266987 272070
141156 475868 299800 401327 199000
407089 362244 34232 24584 380086
446698 346048 127979 48337 170268
297357 180622 74491 363751 100720
65101 428533 37285 129031 288654
411929 143583 340828 400955 252235
68092 123146 2138 217294 106122
331487 143242 472467 230472 447773
173052 385196 286381 208923 201228
392734 367769 499241 304570 207253
143383 177201 165641 276817 481131
9176 286164 211070 16285 279299
349288 224898 384770 160311 308802
337264 290276 231288 383141 397945
267374 405715 411736 317090 203509
370040 321786 222416 339942 345279
224323 319328 9736 273644 215768
49683 99246 350028 403146 385191
435580 111647 3308 276609 125042
194544 203663 44805 60090 266879
224668 26472 368298 179199 183758
274781 331703 87867 281833 425996
205206 17332 113243 483457 283888
395174 35213 105216 123361 261065
6373 96022 314285 27314 82364
282986 168928 399993 385527 383539
372512 419446 48452 181955 385554
77957 241011 210913 133925 451272
287790 267477 388830 487468 382647
420604 488961 2915 328892 181691
283322 304656 160697 98127 4421
47106 471979 186563 160096 421623
204 166396 102762 284258 182192
428590 280600 430504 383483 19250
157012 87459 161757 44687 407186
92297 281355 300020 56209 110599
134330 132840 282346 288039 198554
295000 337369 119058 39886 250767
296485 188174 109828 158245 13677
367591 34965 439534 452496 90636
274586 207411 2041 483121 63880
168606 391078 487314 281227 223534
456915 27959 320123 77963 286760
370738 72860 111059 414300 83973
376600 23955 443492 25089 122833
150129 341916 162986 235238 60134
115248 162998 172420 141961 46695
258740 297606 267686 384301 206697
376042 390606 181820 460021 24433
421288 270118 311028 447699 365413
257890 243009 440733 411922 180720
162069 318888 363174 200714 339853
481719 251578 335050 189546 106221
280632 318066 203281 201256 229420
463036 233938 297182 62072 195422
334950 144530 498756 469913 125970
383091 412466 181599 262217 161554
378704 285758 220461 269086 211398
361133 449782 397917 180047 51026
104139 1449 329732 19342 229324
8036 397716 179526 259699 159002
155600 139695 356975 233650 414178
198676 194256 495920 300638 134695
48321 11690 174097 167874 111630
449189 328790 22808 441415 99531
398855 370334 115325 397227 199377
370447 490474 325070 27648 163072
205197 357489 156185 12673 353266
448900 486471 234957 468848 313053
279692 183086 157676 373562 369337
42511 333404 215441 102458 110368
193029 314614 28936 281344 455365
383497 187682 455402 484621 97208
494134 159774 112710 78488 92952
161866 427669 439196 82485 101397
485273 149680 293474 64009 12944
23125 337741 317338 210201 375320
322869 173815 271925 200209 499606
108492 393927 261333 381020 14449
401242 238937 274329 278643 285250
42852 396401 268893 310266 365999
381042 389987 61453 98075 157730
180298 234704 309231 461744 6519
465836 300717 389229 85651 195161
113648 451187 499671 167078 406629
28515 161146 307382 234690 118541
480244 244292 181287 420072 34478
497447 118800 38913 7113 293200
90644 484976 381095 231728 32061
415719 471002 403511 21604 230052
456423 47927 227496 1701 8117
367175 307883 485435 446104 192131
227401 60279 16981 2097 242358
48320 436434 136862 425043 369767
400380 175847 7981 163634 84019
4308 468114 126133 170678 304030
345776 66303 428774 5138 17388
322575 255898 437357 421820 32711
172735 268039 353442 49401 419689
21260 264773 295551 253403 268293
40333 359655 303343 86934 475675
51498 134722 75424 61571 291134
193503 365798 24487 135009 10054
145261 60817 62070 322713 290461
105004 26988 199907 163716 418624
473465 33990 136026 450120 262631
481727 145887 251313 260869 429303
345984 108018 256190 138729 151320
393027 12070 361899 26547 411451
75568 430587 379950 339626 397852
20071 114298 363279 214222 143769
422432 320599 334875 135645 128126
498003 215581 148881 47119 155060
407877 68552 266153 489510 162639
399834 106144 151078 197009 67052
196040 135041 292878 458743 446967
238987 264327 37944 88777 160857
341105 148243 342845 312315 120002
399461 182621 161753 472388 52741
146779 54921 242444 314549 21334
54219 47556 461611 401660 495745
330916 245910 452266 394670 163040
323440 117038 17385 414779 362335
1965 194398 240729 407527 93025
28225 167506 225168 47322 430064
412098 299311 246854 312741 495421
144499 266763 268340 342816 91950
27248 326631 148642 455263 83196
74132 454250 11672 45750 103895
305434 130737 147179 46865 323625
355368 166606 433309 401583 286034
153978 429195 259321 233571 333075
137659 28668 465334 444267 128855
100294 1529 374976 57389 207280
235673 108386 93608 221071 108069
159507 268362 281642 307553 102663
388136 255622 40938 275754 354978
244285 287296 295873 320285 56430
332309 242088 445759 415405 243025
373723 96199 121979 488960 487792
278566 214160 23448 244258 160382
495669 287466 399112 167925 4206
166596 390404 71733 106484 236897
357336 68612 327361 241646 365298
15355 427525 424666 237032 172646
197045 15545 29150 228567 111651
303509 324549 295943 385032 270706
169341 45641 321598 55163 235771
299148 390411 191662 17542 229262
472791 217697 163067 482328 415870
225616 114737 388410 399265 178437
210103 26051 329399 341986 35609
168476 204417 352749 61665 188066
90588 227928 364026 456223 100911
205613 306351 113924 98979 284179
282450 293669 218770 188319 381113
228209 114969 202073 477923 239820
127943 273834 309881 387595 223608
413311 30607 141643 403355 225885
149993 206574 336942 385569 266618
317971 316523 175954 222952 335313
46076 323526 28812 487503 158667
14061 390709 65347 239412 438078
463660 353926 199771 65021 195634
474705 107258 386693 1029 13782
394003 143767 424673 163004 214340
94495 356740 170392 100600 19872
321866 339045 79706 99836 197079
338113 389764 35361 80947 25827
113397 374387 478703 260860 222945
461810 118278 184393 496579 430536
148094 376082 331374 462961 313582
240162 163457 296423 185849 87396
145496 178185 446585 71446 87039
