2500
372920020 -30142468 4663363 2623707
413241172 407773829 7849965 6795510
-291780604 314016594 7509173 8359617
-414108644 -254574228 8939533 2741681
335227215 84237982 7112256 2100626
-139276982 244472777 1751104 8971891
-88370855 -85498982 9009970 990506
97196180 22582027 8044447 319913
207203172 -3079507 4805456 6201353
-311825758 439895370 6384385 6423524
-248883499 423048057 633055 8887784
-171019764 -471998188 8066091 7670934
-201835469 159984780 892562 644896
-75587804 -143887897 2903119 7996661
-168758136 -63337704 7760412 7491650
333146960 -413028632 4463210 4560289
229027195 -345470478 8258746 9808495
478615172 -187719224 3315099 8322875
470098540 -493712332 556992 2122713
355531615 -183695719 1670205 5729687
58143237 -155062409 5506654 9001863
-253310872 29420707 9364091 2965758
207465496 222214798 4068434 4773819
-486659746 228913503 9604690 4193527
-451600289 268476890 1968951 6569433
85763572 454112687 4081804 4896563
-250111195 492056035 6333149 8669953
-101620055 91098885 294398 8786030
-126013885 -44389256 9006453 2013551
-313180744 -75016465 6896901 1437326
314263403 122267128 7234264 7773121
-67621737 329941679 4032712 5304056
-336077527 -37196909 9894474 5457846
-469312712 24035189 5968247 9691991
-160114654 -200992073 8983536 9136709
-259045210 -38277107 2624467 6479318
-252671623 -66779525 9283633 4129504
158874648 -80215792 1442266 8037725
496375425 -105331820 6036385 4915690
-327043501 225601359 6277339 1128490
162888092 -114191759 1190918 3812538
-457216815 27382817 263429 2749900
50555863 92542757 3316745 9327330
-475626947 193158442 896908 8541865
-290652019 -282321290 7410928 7511225
111082390 44055651 7267523 242479
-1275652 409493287 4435600 9799646
-231168638 -434559884 1434364 650339
-432041366 243105099 6250502 9545728
-336196958 178297159 2150105 7409266
292492373 -337235825 9424072 4299645
-248613936 -270605641 5876555 8296677
-259702343 9819274 1809166 9145524
-107587325 -396364920 4678011 6523815
-232035929 -341359386 2459349 8186783
438521522 154221520 3845131 784452
37695320 -408852987 6816146 2120690
-178550687 -352362362 4025421 9618165
482272863 322115289 4195593 2413794
-323255556 -146323206 9446687 4821780
-306096787 350622175 7899837 8629058
-448725501 252202813 9932730 4108897
458839134 29540531 807100 987079
-53374865 67763591 5068021 3951756
52251047 133649720 8000407 9314986
-78521886 458503231 336145 7046643
-439513516 91955091 2617968 7756513
74634870 489824840 6321234 1291019
-217093238 349368705 1647412 951246
-280985752 157511732 484478 231354
252509956 -269987489 9892412 1039349
-67397497 -129514573 7686245 8365273
-304680839 79660470 2996899 5550369
-277843073 447050122 7129772 2390147
-68183538 216224743 1436017 2517383
141076038 -239330001 9159552 7521591
374908295 64891159 3504689 6282914
380718402 428177642 9280044 2883231
-377667819 -63536623 3292333 112084
411956902 395375373 7538617 4381672
298532562 -377582860 5547515 4193430
-78284179 444312019 2049722 8238291
100177044 95503262 664446 8094535
446559775 369030065 4503627 3701864
398730291 -117159029 2024885 1222773
351239910 428073994 474765 3976152
-195558788 446116252 3921834 1079318
342128314 214147674 436413 9393084
-204725998 124988937 6402342 8075231
245104320 449026715 8393167 1047278
-279864141 68722383 8660647 2327840
-325032427 -25404685 1820214 5568396
-356872839 -66511926 4918114 1702231
25227936 -144456312 6324029 3568903
-454306072 472941305 1771528 8631798
-345921966 237290690 1971401 6466531
-412401362 -103943488 732932 4791843
-22379419 377887629 3809689 9290741
425525347 40680993 9834938 8323058
-176528737 -195886700 2056198 2903075
327524097 -349043770 3598381 2585487
-245635193 -54017596 7900327 664074
-333371799 232308420 1832460 1801035
-139589291 -443036256 9987148 6307710
-7173116 -409260164 6630328 5786867
-6844990 347406766 4423779 1166744
238494675 -441846181 728387 1004179
418137835 -342605827 8940452 8799575
39149495 457172794 8145442 6501996
-283584330 -366167877 5132181 8976016
193993137 138088474 770839 446968
164901081 -120353230 4003508 8207228
409288496 385764266 8932656 6059619
239273758 344853093 1049942 6680522
-348376287 -471363085 8071505 372860
-229032672 409446079 3541997 5864458
-393408187 182675664 6082074 8947240
-426557752 -485418181 9780112 2176293
-354730009 476002345 526860 116870
-308895871 318420791 8952894 9844867
57028657 434905354 9538506 5917599
-404062081 299867758 713734 2699815
-393980877 -301082551 3021712 5961679
-280365593 478749072 8682641 5441038
-159611787 47166380 1061843 1185845
228359564 448225265 6803381 340601
-40785675 -295346503 7080505 639519
-395918351 362346013 7487672 1043266
-435587905 -141616049 6736181 592196
-468311494 -75710569 4803790 7983695
-472594530 133509096 2287566 9281031
-497851362 -410439585 9327310 5364067
-499300137 -423988130 4639283 1361325
-5295381 -362027193 135800 2769051
311944073 424936528 6773182 6145032
272521199 -265608114 125275 371654
426530017 -478255481 2874921 7053208
488875324 -83247136 545015 692847
449624416 47595932 4845578 7508344
67628291 426853317 1497662 4585070
30449897 362903058 90343 6975716
-272790119 336478430 7505674 162238
176120594 -274909412 6603913 7117400
222859979 16307677 3221505 6099925
235002014 258140142 277444 953239
239418783 387642477 5632587 7013694
-326114658 436642853 8761499 3460261
161381889 -423821710 2956551 2206222
385960034 -390462281 7186638 8078548
56549412 310320460 4872710 6238547
-52875820 303850811 4371019 6817582
-394543956 381167123 9951037 6051762
110537325 190077984 1149330 8237692
410958714 -423376369 4751526 9677206
-217630651 -465423602 5610789 7577467
-426922486 339208875 6270547 3770561
-219718863 254305736 9399449 3524050
148908136 42365610 3400496 7939284
-180720803 74400816 7260393 6831915
-196118763 413148181 2878996 9944685
11066013 -405673320 9760242 1931562
267855029 -208911610 6731814 7114430
225975319 -285239945 4615319 8069273
-138746910 -237165076 7321937 5407657
-447848 -54095267 3673161 2988145
-480842447 191232351 3706942 2749378
-172168884 329225071 6139196 5942168
5585536 416881886 870203 2407059
-140395823 -416064424 3295716 4524943
160287294 258764818 1302515 1597027
-87445641 103489424 3883191 7606323
-126070355 -7885296 2920375 4909682
372774785 -130669162 7142639 7251448
196728469 195356215 5052476 6426979
495797303 -264904508 3174958 4864184
482393417 168387144 6553140 9296002
278996422 -448767179 9563838 9441841
-426710273 261521824 8567688 3802741
-160821149 297672513 2853228 2005265
321741553 95111392 9222345 4930744
233881638 463434643 5891701 4677126
67566819 -17901664 3583928 4395957
305096873 -292583187 1211594 6266381
358154211 -18678877 4074608 4494679
180417356 -473192758 5330318 8545664
-241178413 344312448 4551251 756967
496055960 376137174 7382418 6843076
373933588 -274756536 6100017 9048884
-196192939 -325627178 2716602 6884453
-361398682 -446669117 457999 3846234
-294190899 -433595415 3918394 6242907
94717229 158278839 9920354 9076605
-15428340 -19292727 7001050 9357769
439645359 133967650 415572 790924
-291725022 321072905 6975795 3838267
447629396 -32510339 334462 9115008
57397086 -136226987 5232368 9938661
-387732252 433472505 1804972 3467292
145205140 -103644489 802829 5306472
225115340 466606787 2010524 9583916
-428567720 -141044018 3189659 6565134
-366288807 106642241 7368766 3879880
-360202687 237456406 7710201 9370507
-387900934 -448269229 1158132 9864207
-54577114 -16870108 6717084 7641916
-494114687 465979541 5074387 5726830
-350241949 -423681559 5484487 2609641
13795170 -462801511 1239136 8620121
-421456107 37365484 37715 1572227
44886771 -85583569 3759572 8002702
-488566439 -272814446 4309352 8054504
-174188374 201113247 1385560 6877783
-60825200 -133186985 9096129 4498844
-224783007 -392885781 1532873 3230277
-84478956 -102902165 7635728 5639958
22005519 -376412941 8759543 8804135
64888633 -97600762 3468125 6294819
-283688638 -290958375 2169299 6705488
102629393 -93146749 197255 8983817
124962357 -384105492 6350281 2212226
-408285438 313597668 4003515 2888874
371989328 458256720 9276949 3729577
-128779905 -41114734 790025 7532538
246345882 -459950342 9501169 71112
-225268422 250593101 5514507 3487951
-322535148 231797258 8560775 1057064
118740943 88529177 5789369 2454632
-476037386 2242779 5189726 7650362
415412489 260368587 9005308 8647576
-280362578 -267118383 8420199 8818214
236016901 90567459 29151 1060651
-347644391 -150941992 3683927 5127724
185639538 104673035 1365969 4384039
293314247 73170088 4470372 6286441
-408356144 -147737898 6390623 1053068
71325242 102113281 4788616 7354129
161394356 -242496125 9956477 3982870
-15276249 94715886 9761980 6767668
-110528510 -351020040 4609470 3406327
-471681869 -273885692 7672254 6417403
309422129 -113180599 5888919 8695199
288790710 38071713 3454027 6588649
-263841142 237706480 7763232 5897846
313376251 -102117585 5528548 9610524
-463398807 379051540 2134354 2859806
-315857795 -47961590 6733563 4311877
-313488568 -152944206 3837101 4227954
360638088 -202424890 3788925 1326012
140486145 -246255221 5890214 7306346
246259486 434779579 1772034 1248156
-362944227 78796280 5769854 5145433
-166700970 94497773 3876781 5670709
423775644 154042371 7755895 2960283
456297404 -219757635 3780594 4651452
-49439453 -316714063 7115337 8651668
-221993572 496526116 2128088 3520662
-165320650 -227851456 859610 9623540
477666115 -225498124 71226 3786253
358382717 -279315352 1132677 66674
-250679996 -63067364 2469505 5764246
-13384957 494222748 6999895 1588370
185483696 5638626 1002603 5482387
-85339320 -343981109 3153249 6861917
-462326488 154329542 5675148 3931736
-270516974 260199829 4430517 4458528
218759337 -220279755 5210486 9897573
186271002 252303982 8207889 9677755
-450570006 -328930579 5861673 8990141
-382110368 -348827189 4158092 713835
163770363 84586968 3997515 6125691
30207917 227902694 4806990 9355731
-37269878 195634004 4278430 2360608
-244737005 237092716 7329019 2594317
-410667916 -107915551 4276532 417475
-268431201 22069596 2627567 592624
19855025 -98165707 3673048 2725383
58052210 -170510219 7603629 8518652
58644107 224075416 2826823 3231219
-418474001 488282908 6733810 8730459
359907766 92276138 6380934 5073364
-132561780 316107395 7037651 4254483
-319163038 -481593630 8148181 5954072
-248290928 17022415 3011393 2539998
-411647998 -417447317 1481866 7503806
449529231 457907416 2122623 3937633
-224677782 -47706681 3321105 4580576
-272867151 -64688481 5084851 176890
315630627 488447559 9354330 9856497
308399855 36192912 336164 7115009
321670055 -397851582 1958549 4630142
-174486957 -421419397 1230729 9585827
24480348 -251257613 996718 7358013
-39189453 -241786619 1777949 7188660
-354451774 -433413821 1154840 9658511
99334127 437303812 3389737 1781483
-328118926 128117720 19495 718951
-407339511 281603840 4293318 4516439
242061762 264099235 7360830 2911867
402046084 -238262135 2594942 7347792
-377045100 362931058 1361536 9373298
-143798476 375867156 3936952 8417452
404539494 -86798160 9464870 3479966
37561550 -132752560 2904715 3741321
-456825163 345016479 6898231 6107323
196520746 -80480412 4561409 5495570
70329411 89839005 9515601 1478830
-303017599 228102708 8479319 4404663
465930833 -197420960 1887966 1130951
-190472017 139742875 7076027 8090230
-69601819 -446173893 4490463 8630401
127497586 270702256 5014668 9218710
382609413 100510041 3667109 8371007
-311125336 -340040445 6215069 716008
343243258 385752063 2871185 8608143
226458005 -116528399 1472647 8464527
192323019 365082074 4998632 9922331
358830726 155038720 4354454 7467342
213517817 -62084025 2705900 5035135
-152901000 -222337167 9712006 7840328
296825242 50953969 645416 127530
11680430 -150877986 2731727 4255565
36318940 493357827 3362129 1862756
-21183270 247637779 2154419 4653871
-339769785 -178193926 3926407 7194266
-27160409 258421838 7736320 4687491
348955132 364129252 5334932 6579225
467073789 383363199 7841100 6014688
348117238 100595620 5595563 5797840
-7261893 -170179191 3165625 5222173
448545068 331063466 2444178 6864765
109479807 38995119 1147415 6652649
-267257920 -435535271 3398225 9659734
-105665305 278089894 9768552 5629786
-336420295 -86312405 4270692 1329939
4276474 279687215 3867777 9131456
-283166598 418370430 756706 4953498
-204186289 -141772709 961551 5355982
-402960446 42905625 2502138 6723698
-224547799 351097906 1949332 7629284
232120033 -276205808 91008 3919714
-64818140 351848138 3330664 211203
196921740 323800741 1237677 5824543
186986830 -494294073 2694732 8708896
286224458 184271403 5650664 9548618
396832549 -269968786 4262043 1005318
422712902 118734187 1684428 326249
456658002 -99658264 2479608 3731746
75973643 -303400706 2653780 9264114
-198724838 43268347 3431452 2316479
-66679484 -110427602 6803087 3137395
293023552 -335941039 7572752 4924788
300382890 -189293421 7804270 9361595
390472463 144362562 7202749 4815507
-489394648 90810386 7766371 4088049
-415340252 350009356 8740655 4840426
97752862 31440918 1440547 5866965
18170542 -276252901 8377042 4845693
172888731 373689559 9724132 7214595
285294510 277044800 4325687 2306511
-485713502 87867540 449952 2824880
499045687 -324245764 9103183 8390680
203877733 -456876838 196944 4783469
87644852 -475652307 5182605 5220110
-137293380 394754784 7613835 827900
-438829752 -237901797 4550768 7556635
232558978 -73152747 9683406 715832
474669102 332547927 9031005 6908869
196521625 295450024 8283344 6125428
-277345563 -220072255 1791287 137722
-415433743 -19244302 4255891 8922905
471883358 -334492006 306917 7587814
-396098638 -301244721 2356773 8022512
277215875 424815468 6225744 8519602
-404980872 188500139 1698999 662248
364181006 -449288352 1391041 7211019
156666599 93589490 3609040 3576915
48954622 -83539813 7268803 4000916
208347638 372647004 109844 3924021
492966795 -175957375 2869794 3609416
-151546327 -407538935 8069067 9072540
-263720383 -36569171 1382395 6361181
91524749 281482070 3480015 352011
406926356 441071606 9807768 7699321
105271958 274262150 1230259 1672291
470663654 433058235 651718 3055556
-365563679 168318883 8514313 1290443
-415922870 -273983499 1909286 6477596
-120892670 -81297396 5958402 7919102
-30297275 18890025 4813886 5432247
111354255 215923658 5416149 5899360
-22045456 -174997188 2875352 7957169
82676815 -495448254 4481151 8708809
126176897 141618634 4564794 9568807
446096108 -232904125 3233607 8191385
195810062 498785150 637420 3543658
-253499581 23757230 4817871 4719415
374629938 36676750 3340661 9889122
-53861158 -128568927 2306645 4588320
129923381 -219298155 6992025 4812718
-140250746 83892673 3614320 6781729
-209486268 290273998 7606546 3378138
-208415069 198669169 5570386 7906968
-364641349 294349910 3554521 1613479
47261271 274861080 1561732 7688118
461164381 -470323603 3599580 6519238
357224149 153021279 6682030 1780415
338046871 -423554891 6438599 5399453
-197767787 -285438096 1916366 578503
51140802 107743601 4719294 712320
-230053217 411107965 8507382 4827105
412593437 328601207 7627840 9819046
-471704017 402532444 9963391 8192193
-76055554 323443431 9098611 8203327
81170508 56958912 9842360 7512514
51151346 -131684685 9517613 9432128
-39853392 413709400 5939472 5468637
243418324 213475451 7877856 4042937
-78519246 -453123851 6260496 8089762
-341935123 -378269514 8595175 4383721
277730533 135689445 7855095 933586
-210577219 -370780642 7833527 5581604
468179335 -245706790 4831936 2797665
48590863 410059757 7435552 4330000
304595137 -157518808 2703198 7441590
-143457993 80999563 6432611 8211172
-74942204 105543681 6806376 5352151
-324111950 235838779 7742118 5315371
-248324922 -311219887 7595393 5404819
-22411033 -46798449 1440756 7247869
67766055 486853424 8127422 1122273
337371522 167762620 8296763 7674409
57034115 268259067 589517 8040125
309368582 -105716331 3959673 3835050
167195928 155077447 892046 1577198
207607034 -390677052 7778303 693602
291448645 -494596655 7850564 5110184
-96214769 -163113552 2208609 4747596
187377505 272813725 4022107 7588440
223042709 -264132413 4108188 5033744
44551100 138285799 687832 4287000
-296733680 209220861 7775032 1739606
13085750 22362071 5886120 7015670
-68469997 -456019463 9578174 8078471
4633160 -26734713 9960261 9204291
-431614389 -426644641 4944486 6090859
-49727965 -424731837 151282 3701073
-313872704 -312678609 1514191 7877999
94411764 393871306 541436 1645493
393416978 50663415 4988226 2502112
-11252958 -207918710 5119737 2097158
132748477 493343000 9098612 9925422
251410315 246223079 5897482 1290395
325115223 177308420 5096130 7434794
-287597876 -296952204 7172506 530129
-178394161 76906370 3443700 1595847
150421368 -76906697 1649310 4056003
-160287826 -423711768 4949628 553308
-421597091 -402233111 2305876 1274383
61687383 -298050209 2757942 7508703
110331332 -139999180 9023622 5447063
231244359 203961123 694951 5154091
487493808 -330037005 4331206 7055805
-7055273 -246560064 818624 5730107
466364955 -343056268 5019953 808741
426349815 90875477 1275674 7695084
231639614 368571321 8938926 9082870
-13977229 410706132 2847289 2971966
451251143 65535922 8874926 6146713
-242588369 -178658240 1143755 5730323
449323297 63989124 156267 6516984
-361446676 42253805 7697128 9175150
230453682 13802180 8236202 5410623
272862211 450343618 5141073 7581877
241245974 157274556 2664571 1451806
436487590 -70648966 9354290 8211695
93612135 97234853 493045 3968133
-447150557 175968478 6090465 7188103
-259575434 232174827 9658876 2727782
-292806644 -127210466 9031430 8692753
-217890964 139261180 423671 5402341
-312820045 -350598830 8489692 5495100
-253525320 269171435 3279365 9846101
203682003 -52204778 7056633 5917395
282432719 302963519 7424696 3886979
374198429 -40949336 2769665 3968621
-382516115 -35836052 572046 3831331
292851863 -331264987 2399370 9630768
-254207716 -371687507 4428848 7971884
126573013 368762882 6818817 4838769
487427899 298386755 8527521 7914984
268992466 168351703 2929487 2969212
-342811598 440970925 9596288 745265
-434706509 46746013 9065494 4058445
-179440716 -175798803 8616642 7768500
-455654008 -478148879 8449011 3451602
-366029569 -115440950 9949817 2009648
-352608884 -56221362 5387707 2450218
-241405416 181728520 6242065 4024376
265360738 350543422 9444584 232594
-48484175 -265221909 7309529 7048843
-254172919 -94050354 1730885 1705168
-488889007 466665026 4526502 5142669
371524630 419990166 4400944 5812436
-135428413 -351614549 752741 3920317
493765413 323911351 8986912 5609320
-297549753 -168577225 9301789 1148504
-193363361 148723503 3502459 3795770
89257918 -311830767 2165424 5252152
395346064 226850003 9875158 663329
-472762596 454427618 2302147 3712217
-170679360 344002388 3601004 2419688
459964902 -463045718 6259982 1069676
-495649224 -15247076 3415559 9626912
-196997701 231185297 3590673 6402317
-458212267 -79884644 1511836 5582809
110351835 -36359351 1306382 7534017
35272153 -248252818 6305584 1602757
77816209 -456394726 7562424 7092835
-69559921 -233770965 8251635 3759995
-32428310 -222477042 8339409 8010778
279017275 203292801 5959601 5096304
-391382568 243022362 4908845 4409653
-487987431 327671169 4613219 9942219
-438865362 -271182696 4591994 7559443
128132100 150086568 8195584 9507426
-240115928 -400933640 3302937 6172807
420603010 -220351294 4529342 9199326
132796333 -480281037 6660125 5887270
381585758 -453470576 1161741 1943665
-165103502 105540268 5501620 9290120
299620146 56605719 4544126 2445417
-115845947 -394296635 7326806 8380013
-124795391 -398575652 8805535 6102376
250848769 -350748599 1053285 1031082
319811551 163855864 5142999 5267554
189405008 448875105 2200808 6301855
-1735932 -128703037 3958480 2831985
-151979265 349579277 1766479 8347304
275495471 -51978758 9782739 9855372
254122581 -108149836 4644203 7217999
197848718 -270769261 6583268 2073889
176049789 88741505 6663266 4791704
68407682 454917490 5252748 3459401
377667668 7942052 8593229 9086979
436411314 23633234 9685693 8046393
-25270692 9941899 588535 2146382
-285055129 329255480 8458277 8345104
239605115 222118252 8831840 7588302
-383714201 -349496254 4548251 8421261
431065803 -358535488 9843036 3296196
-165059990 74484390 2358858 2543037
24386068 359081321 325855 3316085
152095189 -19348843 41070 7559987
-321319877 -292188160 3241951 6201908
19531360 -18137917 9932456 6231468
-176299857 88985558 3383514 4331899
478532551 89008199 3920727 4182893
-329506953 -494593769 5835810 4196782
70623409 174857550 3790153 7339613
-438705657 -236205416 2921051 5278859
-359364789 -50961263 3664984 1820585
-221268409 429077620 195321 5037709
461285466 116354838 7796417 6051433
-163406320 -469749381 5987627 481973
468670044 108542597 9653362 5165099
311424456 152405483 2227275 2132346
-470682397 287816511 2235299 615173
453485217 -250139654 2999381 6727485
403481049 -181068678 6682913 1167406
-104359619 -18251572 5297322 2412558
-204722145 -178555538 2027665 7670098
355342230 380745775 786095 3247070
362288204 90796851 9182318 6554964
-205259037 482894867 7811269 8794766
-61099262 -57173215 5002446 8223526
-265719040 -375215928 6255877 5271218
-462720469 68289298 6008735 3763725
-494660684 238419268 3697796 7364432
81215035 -420386396 9554027 4634208
-281670669 -499955877 9318673 3117729
493198194 3221621 1759766 2003401
-458774248 -72107516 905204 2528591
394495769 374302820 1087900 6605569
-401991640 -234091110 5223599 6788917
198829761 -54237226 6663510 5215383
-454596845 -426076136 1437758 2083746
-332623479 335733682 8366122 5539829
-299530405 -381566121 7322261 8260184
186216916 406313088 681130 3798863
170602852 -142476628 1547777 690972
-148817681 -347803358 2831386 2478927
197015187 -185854042 9225866 9221138
186546474 -397210408 5421264 4687758
-100239892 34023466 1611718 5397630
449358386 227849084 6769331 1956302
-83945643 24708182 6813309 4308719
412870337 419541627 4900922 9332183
6779330 -96737304 223998 4240421
172557172 -430275468 512552 8040536
105196225 -303229451 2699662 5761266
-20808515 -444210757 4882008 8089701
405780383 -51758847 6707723 9111891
204988252 469301375 7000499 7044333
404371426 -496488675 9376557 823932
-1425170 -388940351 9727630 9722238
481492362 -322234295 5529139 7739880
223537958 -325206123 4829159 6671243
-485946286 106108091 3358890 4176529
-50419434 322860382 4989988 9183526
-223578855 67085874 3141991 9948309
426250199 -395272764 6746318 9482298
100529668 404448907 81050 7566722
287465727 -14222721 4455128 2459625
-387165648 -28620515 6239182 3366016
-301231938 231998927 3449263 7219361
293910747 185313386 7750393 9667260
356596135 -338116143 5155311 5544784
108475330 256538807 2761774 6303350
463469169 232483969 5175279 7793687
-181732501 -332236215 8268376 2838846
287666497 -344253953 2045823 9054600
-87777175 324027818 1357564 7012920
-393161498 159278284 3716137 16615
470408853 250056164 2908024 8175832
-498926571 -324142067 1850098 4557930
335132756 -305247548 7879880 3328038
-268144461 -177573433 6725527 8397945
-373266152 41399996 1573243 5433226
-338753199 226675180 2826066 2787954
-172842683 93467585 8843152 6553637
423761172 -142024237 8920908 7742818
-71933272 99396022 4796580 2031870
-267981237 342065450 2362577 3738815
20271942 -206978646 8119633 5743163
-428102117 17948961 1915703 8030814
80861276 -250900982 4220553 6197032
262368474 -78469410 3716696 4583360
-72936159 -341396114 7353980 4139464
340121514 418153586 9796295 5111070
267157596 -320858364 9783239 3892689
-181872298 342037033 2054281 7567297
93869446 183198462 5982335 7950290
207424087 -215961221 245196 9843848
-318117896 -146944806 5961682 2689815
259136257 -474379969 2996989 5631451
356325944 107969397 549269 7623601
96673662 72220407 210795 810733
-80333174 290518869 9103539 5440469
138750215 -278500153 1236031 3348721
223855159 489904907 6064606 7658155
368693718 -38080867 3761503 8417032
-227135302 -113393370 5271268 224434
-222176755 390602898 2817266 3178784
385632438 -275733040 1131432 5885412
250702039 388685093 6441613 9394193
333095279 -179838419 9281666 676550
113528863 175008624 7467990 392796
-442768631 -134492681 1506984 5381973
-387897754 91141318 2746989 7717197
112039159 158820485 5314273 951848
235564052 24410730 4286426 1346275
-24285234 -342199532 7094219 2535778
17904930 294971159 9497774 5362312
496914416 -20833485 2060624 5458002
-72689423 85104152 550749 7979883
83411690 -64589354 8326074 5313092
-126160807 -107119436 9349787 5684161
266859651 496916078 1546262 2611786
216712473 386003357 4903139 5795199
-271632250 165989173 9947187 5145864
-97064232 -124275160 8380713 2890762
44182856 464847655 3806969 1987765
220533352 -267956600 882460 9523706
206999784 98537027 5471149 9271514
309848836 387925526 2593251 456282
167534222 91775433 4277676 1786771
483142035 418830732 2358754 3110245
-381757011 -127393156 36780 5259211
135403493 -256147132 9848308 508490
62323522 382028000 4945024 1946500
-136160387 -10340434 4698857 4965653
209298812 -393427631 4723853 2618657
409781910 -454077933 9644533 192283
127309032 324683080 5591036 6544082
72156062 -40889139 4085629 3420547
-363009310 -46688019 5752318 7862162
16797793 -63909235 5688402 6110403
-6102536 177297346 8376518 3701660
433737962 384061820 2933220 239849
-92701506 186968159 3312610 9424473
77227955 -259855182 4576555 510790
237615472 -377573114 7213970 2787311
-37026692 -357802776 5450924 9515370
-34589198 -355157804 8780082 6290631
-234265447 26930923 518833 3197303
-455401100 -45191290 2942628 7961720
-305083447 -481645079 7716742 1598552
473252475 71093632 1341541 3535611
308777775 -314422998 1078415 7802088
-469930256 352652452 7020087 5399781
-401637540 -305358507 4766815 6845599
211874122 498072823 7149232 1508610
484395918 -218695665 4562079 1375380
170638051 200904491 5560352 3858618
-38922781 -32333893 9295737 3503012
403403402 -193130320 9582421 5839804
216738263 -328088154 1948242 2335763
-351514348 372197821 9477607 7744634
396778554 -256752587 5247376 1650047
413372615 433446677 8763019 4953283
252743876 -333513481 6875989 8351962
-169633096 -261264728 8001212 9415797
-365503477 175824018 4252952 1022514
353578446 496140028 827580 3817595
62070684 -391794541 9457112 604384
-108869787 -351263828 6789499 8402141
-294005773 132619275 6236047 8743929
335896365 262383326 9890923 1520371
158522878 -242302978 8283909 9319179
229501012 -291034940 1210693 7118570
88018245 206993030 9813236 6228015
283960140 -180961838 7232150 3006385
459414132 -149354680 4719303 5329030
25479743 48285235 5612985 8496333
-218880874 309117919 3225281 3280054
124603068 359069754 3548551 5108721
-227701303 -347523758 8698644 4628160
-452023049 -126297744 3455086 6106629
111530889 332132926 7420441 9691263
280115567 266733143 2938996 9738893
-347280430 -372177011 8819005 9721992
114263906 250047020 3718077 5581260
-442763563 -15339202 4869637 2468678
-435752958 -390709106 3815811 2202443
486187381 -459672228 9293434 4706148
-314614444 78589743 9842505 8990365
-120746539 -371302378 4487155 4119563
460240558 276505403 935082 8034416
-72005864 -148371956 3921518 8550586
-70258478 -60249322 9883309 843053
-260587133 295417214 2888508 7347722
-459995289 340365586 4869383 3696269
-100361143 194640303 3079462 3173105
275420009 11610411 5882832 9195340
-143107429 -362868585 3245871 8775623
310742669 -211157759 742279 5603893
496488878 -182087402 9567916 3987461
175815609 -241594143 5796772 4526417
388985826 446972850 6651865 2774291
-359283301 442625562 7953915 245750
-261073405 124199535 5204042 4444397
-196475589 126120568 8897042 7275400
316832576 305828961 1456568 2524848
-193313193 443165028 7811553 781135
17658855 -423552996 6889946 5853169
289660228 399399713 7173041 4565475
-465638251 24502084 2615905 9545863
351151063 125239656 7211173 4637239
-451030534 -355849221 9721197 5980628
-488247767 100768784 6236910 5769066
-228280537 -164996069 1442004 6317185
69536981 284978248 8065811 571523
346862032 307304568 3180379 643909
-208868041 13900760 8052010 6778932
-444503926 -126151136 7534715 2104477
459439021 122593381 7519388 2147352
-240769268 361367452 1969949 320914
429446105 -16138068 8231396 2701814
360453746 326246446 5279710 5156088
79567069 363371972 6165840 2319230
-483462893 -293557942 3742506 9344415
29362782 192515389 7506184 7459508
-16473920 -465530587 2137553 627971
411355142 73735647 3604954 6891886
213903911 79782045 4254364 630834
358733408 255661815 1815264 1745092
449367577 -270724346 7509463 7476206
-52453605 -153859726 6410874 8662211
263677550 292622613 5126751 8699079
401149553 -142846316 708791 5252346
-85346525 -184230889 4385336 5860574
-491832076 -68087632 7495488 2458608
299148468 191926373 7653395 6411842
11892444 -146152000 3542838 4891597
-452648286 -381677278 8469849 3885178
352528663 486409816 397066 6462587
230189402 224843043 3813706 3851150
87321653 -131880290 4802748 1921253
32308146 -36849793 7445470 7395665
173739432 298095432 4677029 9342435
97836131 323676001 635913 3184287
62512651 189388752 3502266 1051199
-148736105 470088047 6118688 6363700
449848031 -155488051 7323128 6702092
383459017 331987926 1795205 748847
435752877 -337395241 1385601 2797088
-84326419 -77333046 5887880 6160178
298774535 168108037 4248534 3429262
-377623589 -461450166 5466646 5085733
-188273201 -401961916 6664256 1132288
-100096833 142224432 916236 7872949
263747713 410348953 5382929 3273973
-222246125 -82899908 4758783 234435
-14179740 295610122 8066933 4542015
8147643 -402026677 3260544 7511200
164295624 -238774817 4615601 5080257
264739909 -163764577 6997466 1306066
-387001271 -479346717 5370469 2902191
466689065 286893085 5606992 6941133
414595083 200077219 4233800 8708433
453199368 -164511094 3705057 5703355
-23357187 128712877 9212144 4993087
-371144721 -343295611 6908724 4831129
39969235 -96949240 8758949 7338771
316427056 315986543 1307654 2834592
101920613 432192409 366337 8492692
-198110817 -422477237 8128877 3290848
-492368006 -53423675 2823904 3283771
122291174 55530495 3670875 7637870
-67883993 418023459 6329661 6301815
488287468 -280886608 5691373 2935110
-239317008 475069247 4519415 5553057
66445868 -221974782 6614471 692528
227266420 -2834568 525105 5358681
391466962 -109981225 2507377 8751874
217319708 241489829 3828573 6978932
238033454 434219623 2297129 6460251
-4546614 -395470736 4273494 1941225
-447075064 36672730 7751865 3394843
-401649285 -190145901 9293348 6666388
215265506 447112370 210981 9940361
-149843685 -134170316 3740782 56762
305351250 318553907 7972509 9682786
321906088 111638562 4455381 5519811
459395747 -6071646 8764715 4322002
29523114 -361684023 7960879 781815
262598127 277103413 7950912 2001574
299583694 271468972 2345193 7093998
68044630 298212649 9592681 7752046
91862739 147611650 6272340 7176992
244256668 375863848 971499 8864449
-161106001 -144231410 6894294 6475215
207844732 63916976 7639894 8295490
399262908 -483843406 5868616 7638535
-291721093 -300425778 5713146 495661
-393017199 188956816 6461795 2018344
183513121 224349354 832627 2758978
-381709765 259061492 5343365 1063455
-34599932 219560305 2776683 9160744
-38096793 425030334 1902370 5399732
-359534983 -464628491 2445947 2767461
-39270938 481515025 9959666 4524625
360684221 21189232 544230 5432495
422636337 -488018663 2681074 1375073
-197646290 356056370 3588285 5218162
381663534 -353080621 4762124 3997503
497077844 219364960 3040928 3064741
315305870 -123356236 9699010 1517710
116386512 465262567 6573857 3069849
-315013853 -212656233 5984545 6566263
140422989 320323230 9653920 5511549
325323935 369525924 1806123 6767263
304184100 139511871 4600361 2252881
-496492456 -3693902 1058815 4946062
402815690 101490698 4155108 3814430
-52921565 -328632200 8527849 891061
379532065 -261149679 6694197 6944653
-378409561 14314617 4125803 3562014
-97570514 238429820 9855706 8391536
294819661 -403212441 6221512 2171656
31755750 349960002 1580986 3081766
-378087678 -221924236 1724554 8686756
-205580001 -54252231 690982 7767436
-382586123 -9335505 1070349 1948052
51739946 -450005464 590436 1258776
212224186 379977813 8429194 9560530
297182497 289730904 8737237 1110354
333343928 -205536302 4107236 3457792
401956636 33053561 1034453 7831143
35777753 -164775588 6300373 9628300
22091892 270236471 8212551 5986673
-38309373 -71449911 1632899 1672461
-345685029 -58177834 5537861 5377207
-194007445 180901595 812945 4866600
-23517214 -233133817 1410215 7246471
100773869 -5131815 7706005 2346256
413995934 -484545705 7351782 6650720
-118289048 143560680 677624 1706591
246244166 -268886321 3891435 7672522
-422886148 306554436 2006966 7629788
-161254095 -70805806 9402008 9876813
-65590138 189169690 2295734 9549928
-264115157 123083430 7317950 4751966
-498580475 -155789370 7570105 2316255
155534644 -126927970 7853366 3966680
-26033752 454964818 4729640 6425361
-36125024 -152144595 2026589 2937496
497959621 -150505913 9388377 7268730
-2647725 -321662767 7725278 2443550
282018930 217263613 8240909 9180607
479189667 -195488628 5756070 1484036
-215783083 298112245 9992044 4729918
232503448 -395349457 6859300 3054269
-107472407 -155359972 9706555 7547215
-264914389 -312621934 6459527 2755031
-183774537 317406726 2839718 7668485
383410058 92497623 500611 3260215
-305238371 -452520908 2916855 8175724
-44514222 215079852 1534987 4253025
-181185270 -208581039 4563548 958410
413723091 217314439 2223383 1598126
-111013313 -401721746 6313252 3402591
-266992304 -443582231 1691104 1896725
-189669489 12701515 3573634 332711
-454931397 99210142 6394783 1431781
-44309089 197671823 366664 5831444
-276821891 165170169 3272145 4560519
365126310 427742476 4364717 7613910
-383374677 -296045798 9696373 470062
132371966 -370997484 8796626 4948650
349031114 -339275162 7365329 8796619
415931408 -308488911 2579116 597274
304832917 42452282 3376636 193474
402329893 10183782 740329 4407003
-397755895 250530222 4304349 1496835
-479855691 238847203 220892 9534496
392633983 38670649 8840704 3694600
446035906 43723636 1946565 7807917
-85341087 470053376 9532088 3695863
-71671940 395342877 9632959 370893
-444604873 -230183298 909107 1634087
-244011181 262585324 8410509 7899136
294755750 163291508 9133826 9581759
171562560 -271754049 3127932 4359818
-196903963 -371994459 9124939 7062464
217083644 -18797080 611864 5470882
-474017721 409942103 2026329 7893334
-39009026 -499444441 2231219 9564118
401898874 336933652 3494201 6555145
439919995 -316189108 2990076 3258130
-466213496 347542349 1942085 1713670
431566522 -427020819 4608238 3692855
-243495132 458273907 6723037 4282159
-49913123 68903139 372126 3963833
87935917 -147304872 535964 6878232
-187448496 191358601 1078908 8908379
-207642007 -239754387 8621079 1179464
436993542 -149738757 6164369 5341685
-277410868 -342122229 1173530 2048503
305521343 -25455784 8601665 1687217
249056679 -431061777 3221710 2760901
-99948032 342288135 2396361 6498205
330266907 196627225 5038377 1569319
31474903 325199805 6745035 3464321
-9513757 -478834925 4718807 8928517
419325311 -417515180 5739989 8194549
-335083939 24690964 9992792 8917572
261423521 -485231401 3169919 3151881
61320651 -334165347 885846 5338149
-455003031 -492469161 3876939 7498438
367970725 383408459 4278134 4259957
-318975476 65434152 1444210 4771866
421834243 -363461000 3173224 8952253
151380825 45845810 1146422 7757801
117622918 -28254099 3619131 9964973
284369795 437908014 6588481 6033596
-344489915 -374470046 3877512 2160948
-105642793 -206456857 9192555 9099515
-347218669 -416772924 9960370 917318
-449807876 -139718278 7448691 3419315
383296699 -2392206 2694949 2604182
-17710795 -486503787 7415746 9271889
-452937659 172760571 5405976 4569437
-392488549 -56251461 3765421 6891109
207042352 204622817 2046157 1319057
-160024987 -470913359 8860768 2336696
-423931176 -81546931 3972270 9835298
189624258 -222247498 5011797 9471376
-25819897 302270254 4523632 6693755
-25076224 -409067314 3576763 7546533
-43971771 -57245105 7571734 2265203
-339115136 -429962891 9727272 3919074
142907228 426344985 4193952 4999847
136337053 -130809135 1126935 4112232
-63994294 -375299010 6897426 3214352
-364966907 -270165775 2030627 7677907
-130437509 458967034 9719214 7788990
417713910 271333391 2261321 4089849
-230800881 -78076074 9758909 305949
-195768447 361393615 1959082 4580396
-316501222 -290687903 4038726 5382577
236518602 -421925761 7946182 9339765
185219550 -68286857 1508181 4703451
222667590 285301335 729281 2420185
145116946 -19243652 5123893 4157075
-31555332 -356427592 6127009 6314773
-433139170 42409247 7980214 9896621
-407133329 -20835828 9480419 2402141
-374019559 -272173210 2403223 8158347
357018096 241127822 8535477 8996569
-311884435 -305842725 2609302 9780748
-38983523 -70681390 1832822 1729425
109316007 -389626648 5840014 8750870
-29831682 -414264988 7684814 4364214
171222047 -114154653 1019833 3819596
347087879 474813173 7229148 2897897
343399477 164526181 2340972 1690976
259622231 -442605674 6549627 1656574
-118539628 -140497015 8793047 2504535
-337767819 -234238722 3099451 5996658
197240619 69653954 6266952 5314964
464892858 -356484362 4291353 54219
-125969238 -33365422 8651292 1595470
101820777 456039553 5092137 1613608
369283012 268691662 9885929 8441731
175650971 459478800 6261856 690884
351157295 353493292 1279638 9152072
209429075 -138020405 1403365 9284294
-16202092 91691309 495173 1310052
221758348 241264019 1288689 6185360
445890616 291278580 5438315 9330402
413584363 -223360152 5432336 2493878
-246891429 432571095 6676085 453099
-480470315 -99694781 9625582 7969079
-108891503 288396720 6473896 9462180
-74550752 468949932 89462 4557482
-361532927 211522430 5238441 2518378
-42410924 -390733073 9900695 2785413
-138835034 387053743 1239614 5697047
-145482005 -303797146 9724419 4538067
-80983927 404556633 760211 1071676
130389136 -21932108 6041578 7498878
283428872 260561018 2153714 1894887
163878244 159735106 8271621 9091987
380404540 -478344613 5225653 3131987
321833987 265103299 5791465 2195253
-473728089 -95894052 6398532 3717658
108202979 -450938704 1277662 991265
476901887 495476451 8844167 7511591
339311262 -97988071 1089304 9880360
108654820 93152099 1027022 9521201
274327656 345922635 7897499 2335627
-485739122 305509872 9746864 9538457
468021729 445556100 2446776 201931
118359048 -344607558 2513396 2520856
394096096 -492660510 2403295 139575
-131388166 -141045748 8986607 2042911
-199760576 35151851 7245730 8545779
-259282079 -406239241 2275108 8648300
436353071 393397709 1863505 2216790
265266765 70639355 9766589 450675
-153778180 96172394 5483341 8361071
261195281 -288009112 2089986 7607802
-491192239 -350015403 7362311 9735218
79763674 122979902 7604641 9102089
-267152390 -338369457 587749 402979
-209532554 -113651202 3913888 2733765
413680391 -279510268 3628303 4204074
247066832 176814602 4670933 8354308
446630351 200513550 7884143 6519175
-168787954 -221349915 5729188 1852424
-484069206 397753965 1261831 9641714
442131123 189815026 1269002 196754
310493069 70510187 152895 7444134
269471513 -366228212 8303998 6562238
19773687 -310603730 7848892 857534
-302831086 384058932 2914933 6035448
345066121 -46579917 3454457 3681293
-7908457 103417459 6064245 3836419
-490071189 430772842 3741573 1742028
-89216117 -153870911 3473024 3005126
-241167234 -337389843 3064461 6684005
-36203605 -33612436 8409806 2052863
381540703 375573150 484537 4535476
420080877 -304784322 403208 3622136
-98775825 -138958394 2144063 6219692
202758921 -75802302 887570 1622620
-242902720 -317084172 7569250 3258198
-493893981 34805629 1392363 2558128
391155399 -297036561 1682542 8664782
-65913517 -392584544 2870980 7680461
-43872205 -9137074 9282258 1747084
-128357788 -475872868 8402557 3033682
357891054 -170869018 7115210 6016882
-283928516 451809095 1097498 2692780
434487864 -196973000 5493277 9029146
-18013222 -27700913 8232052 4789443
374838825 -242510490 5768270 7590863
-9038749 -165599682 3637353 1657667
245630273 395500997 9622705 7866740
60307400 228311709 1888082 7620717
182923262 -341190929 390243 4216177
339865655 9214537 6744780 2773171
-403149334 -275763161 5913683 3340178
13871693 -427859070 6989890 3440131
-126544244 -139628161 7284791 8437133
327208357 76894024 8819592 450413
-373934109 462877944 6685008 4915673
-315221516 -396214352 8474011 1429601
-462816855 -445460793 1371305 4391154
-379586998 -283116514 9399139 2463733
123485844 351710097 2779480 464532
438230097 157691785 1612017 7171741
-443947631 321396398 9950905 5873663
-232025718 -473544518 1774403 8857072
-64482550 -332585290 5012273 6892693
-260634996 353016444 1320297 487584
-335286211 -37841404 9931822 56680
228004397 103725487 29603 5706478
299205913 337626973 437051 4296723
488181083 235372436 8445980 6493517
219036061 367049545 1423390 9495811
-267866456 -345874865 7458802 67595
395559514 -238624167 3248864 694717
140741046 456816813 509864 849204
31384168 -36315255 8310817 8925820
129090408 317448289 4004683 8704262
31181930 -444907738 5753471 3534561
-84350557 321778318 8032401 2505566
-214052062 -417562857 3527906 9798934
83293752 450693905 7625773 3491017
-263510144 391336882 8104802 8363458
-80777543 108135701 1809609 6739306
-348046070 431923468 7683777 7917908
452915710 -154163816 5957312 4393222
424767519 316950132 6169736 3006041
-251245779 261845452 590185 1293686
150263292 -163803125 5900205 6267648
-462759449 356467921 2809251 1065808
-344720908 -340578044 2602315 7443931
-212759910 186413615 2063034 945125
203709419 169986077 8961247 8616599
388818563 -383394574 1133716 1611203
-254191937 23248606 9409534 4630292
-405890083 -1838219 5252005 1234533
-278187565 -348881441 9220273 8264666
34525231 -379626978 2561047 2676206
-132312171 -233383600 654019 8880194
-125171962 383227933 7146597 1321022
-438247784 -112370541 3235221 71661
-192146757 159226457 6104274 7015724
-188388303 310439859 1941297 6677778
259647677 431019957 9631515 63487
23992138 384147914 2823485 1529146
302110607 280921881 6819268 1721120
-346005922 414975492 5867831 4312441
-165609014 281621743 8833908 95821
-322162633 77686902 2732209 3288814
230677373 362270296 4698840 9128083
-493378125 41211243 9409225 9669575
-496777245 -217868795 429368 8964133
341712595 -440751865 7359964 9385312
-312044743 255881049 1792684 9109309
190545895 -72288524 1487050 6459582
100408840 171134210 3603857 5266276
-434158512 138185918 5877719 8655965
434428612 301372023 2597698 9511643
-489211101 87194290 893252 5690880
-107804688 -13159057 1713844 7565685
-331576291 -113103484 5639946 2105114
-32896171 376691238 4514871 8698840
-354069274 -206990201 1721119 2709138
-362824886 -492257895 9221940 4254521
436712017 -454188560 3187888 9652734
470337004 -212137019 642542 4601635
-308181608 -348290794 9781478 5511659
-456818588 -236150293 8508483 7999280
82552225 481044148 1561763 5000723
-345072090 269983439 2609386 732237
-87893955 -299460827 6606147 2838564
136073262 429322484 3988277 5370234
228487013 -410217305 8004445 8050816
-91454910 -171444511 6676302 9522951
-399997827 -487697512 5824514 1746423
-245823948 -81450146 4871419 6331480
355984787 -262188356 8458618 6890510
80680223 -232591433 1405275 3098786
159362719 68686708 2546059 7504442
-103178073 278943223 2473384 6959531
-15963454 -74007033 8629171 2750245
-462474693 -37301458 3115380 8843405
475942792 241508317 7763307 2095976
-347301292 158037932 5700718 6217970
138594344 -102032450 8318948 2323023
-125210699 -351496894 1824540 1145305
-11320128 -58306742 4675224 2579883
429183879 94293919 9257679 2450588
-480571982 227785803 9765778 24565
485261878 -477149587 8556424 2075253
454003713 255755192 7104568 4810161
-408711295 384544659 8570464 6663604
-370619879 475125084 2042071 5958850
103593590 303943508 4888917 2343808
431671432 -257330766 3529452 7266853
-237183065 -350989204 9476326 9732078
419812197 -261115767 2868063 6576956
-72617228 -265293559 9636692 9620711
368790999 -415512057 4290628 2875966
-135327053 -69622905 6321877 3191266
-258971521 -405182704 1163369 9717120
-103327817 -301123810 8883294 8281971
-150497021 -52602734 7313799 3319152
-270050282 291199614 1732776 9341273
-156706424 -318687599 2405662 6010175
213457346 -481604070 4160156 466935
-181299950 -154988102 6989328 2373975
-41054497 -335778389 6951459 7892238
-276850698 229170854 3387231 258077
234473474 57479030 6926700 6955638
-434899429 -245178089 6610547 225455
198300789 -225706614 2003876 551139
-202548935 96885048 9953234 1463333
-109879184 384807680 4953019 2971554
-209691364 266757855 2526822 9529426
122452833 -495784133 6089637 176987
-423989792 -106421556 5666746 9569666
443642405 -336230616 5683478 2440014
-260373450 -297403927 358076 4580667
-418327220 118383228 2721221 946072
56776606 -75298679 1011452 606718
-91544232 -130059014 4689961 968045
240383147 87075755 991595 9847428
195979518 261415852 6739774 3335260
43375157 -3033444 3671811 308708
-77830105 -482454336 693392 9186651
282075707 469627910 5324007 8333536
-255142967 -439683090 208907 2641853
-457030601 -115082177 6795931 8090942
-7431428 32461129 7654891 6478661
416317520 496478275 7795008 8985593
17172082 -474091054 1740711 4091806
-499216491 322066603 8455410 6586113
297609320 243254863 1723600 531722
2906945 -151753739 4433672 380019
44126693 199400326 1518034 977688
12356086 475460802 5125842 3835876
489900538 41160320 1168562 557931
116347139 67835922 8987995 8621719
223230721 360373447 399951 1830137
210081184 -447612023 3061414 7429825
-180954969 15376801 4682057 7201328
487873454 -289215760 6903243 5778628
-46229136 -468363393 6843059 1650171
491676198 146117878 8716560 5638888
411870291 128901026 5074682 8964989
-29522010 325675545 8947277 6341503
162595686 -249861034 3486348 9966429
-464361369 -341739393 3339948 2234138
-166056677 431638585 7117396 6589559
-248717654 270060632 3166096 607016
63141011 -156600200 8465937 4170076
-50751357 -408388937 4379970 9160679
69761137 -291760283 2600999 7979387
-6030905 399354695 1656927 4071429
82252730 38789768 3282632 839590
-61518150 -152075203 7205057 3423436
-161408365 -246675190 42093 989912
347159448 144389063 5315680 5099837
433461922 368460837 1799128 1918982
-310497696 469682580 6400381 188250
227153275 8679602 6098344 6687332
480344040 -293067319 5310267 7113386
400482509 333592942 3362076 2405501
-361021683 -100613302 636876 5102732
-474755470 453439221 7890599 1526420
-424505482 220818174 81338 6712115
288140206 431385607 3677884 2035546
-383898412 -6263283 8136619 599007
173820015 301090246 5501828 6092338
29666849 494192675 5453343 6859816
-402467699 -404301323 4594468 4461427
-445168925 450073004 2416558 7653171
-393234679 167667514 4345082 5316901
-129877401 -388736491 3564619 7709945
215038799 469504348 9046622 8622146
-291484408 482788612 6063495 4404471
341592964 400703074 5332214 5050088
424508881 126697922 9273400 2073725
-245882240 -82242284 6717536 3220019
-150626998 185678724 2464636 9922829
-357982981 32220365 7773024 4623988
295413671 -424985580 1569978 3150023
-111243759 99361411 5543408 4435844
272606110 -82210861 5044803 9607443
-70311017 413439348 649134 5597624
402916923 284150495 7394255 6276660
-288488082 -313162487 1120359 518382
248241967 -403711650 4023353 7648596
-240587951 194021753 8969443 2335753
-20240608 199883499 881451 3902691
-128529794 430553672 6766733 8870603
413690505 224132499 6614903 5005170
-101837592 -141588808 3725342 9598370
-320780361 113621042 745723 5093295
288714253 103247309 6315366 6715660
125152038 -401577595 64973 2166905
-363013070 -33327986 3903249 1665882
188574393 168573037 3351421 7283619
-214043735 -321037757 6517475 2687728
-408294147 -380913110 8988501 3109681
418669580 -476311368 5219069 2127235
188876908 -437802335 4407450 7216665
-499482239 31057529 5013271 3674585
-346359131 41655958 6762441 1155203
-82300939 -431802604 7299526 2921740
-117319242 -417733134 7601372 6880137
-291007901 197691737 6102197 3053127
-458698924 -204252163 371973 1829367
41713164 -189981796 6226029 9312902
362142239 -303877724 4572656 3817739
376079806 99494897 9421838 4082138
-291706956 -70550143 8598198 2456849
-17256849 -470296428 3030050 3624398
330953500 -243143907 4175832 9301794
125544302 470700566 7138643 2990915
388610863 232475227 9548935 136414
319408072 371157424 5129991 584160
-49832112 410551994 827547 1012320
-212336750 490199821 1056004 165196
145903187 257471492 9679892 5548322
-447591247 108017041 2918036 7739604
-454638505 -397203868 2669340 4922521
-228602759 -121587228 2832813 6818725
29517427 34237855 3903055 4085766
-274264236 427802102 743185 3728277
-6196008 61792286 1672327 5140189
-386431322 137675896 9748899 6284057
25438518 298237397 7407246 7209751
421678323 160038291 3539010 4964217
-61609438 -165270311 9160733 3268399
80896063 16904523 48662 8523074
-290667130 229438825 3640458 7087934
449804429 173506693 2849716 4203834
88264718 86748254 1034556 6262917
-196351805 271250014 2510950 3594607
182784874 -113202067 3542123 7257521
420131048 19743088 8847461 4687226
365305482 -353445022 4264547 4169623
-494550938 -396691187 4780572 6310077
-224646176 60398948 4714177 1840329
3153024 -453095574 4567591 6922914
-48473035 -337924941 2490682 5467262
-128019887 -288216224 3510636 6759941
-208837956 -248401645 5390336 1101569
83134670 -265137280 690124 5636847
-255256989 -360577924 3283654 7182589
488264152 -205141742 8843990 3127471
90444337 312549836 5710808 8077182
-435258593 173316083 4959406 2074105
-67245404 -60102568 1917699 772328
329850227 -405444730 8345301 5633433
-267416429 448919274 9015530 4453161
250496451 -264361397 4704806 3411016
82736380 -51082872 7161088 9072975
-322870058 -121635677 2314172 7831134
-30481044 -138742539 2378367 612758
-465537192 -291701845 79889 1928490
-92504073 378972424 6754382 7330503
-70659430 -38167680 4019381 7517379
-431282547 -13289754 9564034 176006
-9816728 323081053 3071298 5866893
464650084 -194720707 6980994 3332027
182415335 -378739773 37389 2192365
-262933499 -122500390 9982375 739650
328892346 -57385780 7507538 6682138
-391574332 344515605 2077501 7291200
272037147 -372179372 2797642 9460388
402479886 -324501157 1939899 6218177
-7461124 -84917403 9199864 2619549
-404285269 -418207129 594687 5294447
9749064 428463743 1507176 3842778
420059017 307862931 4552408 1648936
87510481 346112113 1027634 4619964
305059810 -134759316 6425771 6286521
-470864003 -327544203 2384445 9538624
-272817243 417686266 9017942 8059992
-111461731 -326839753 8211673 7865935
122916473 475041109 785319 5751073
-305262057 -165669652 1849745 8042129
-36449731 452947011 4917731 6542076
-205898846 -4805887 3480505 6984330
-382833025 28478377 1383028 639416
378295511 488309684 5900235 5448322
-180927785 50305354 720505 6386217
-129752233 -59354980 2536852 6286502
296551040 -478596896 8910590 3039787
61729002 355742963 8539986 9492251
10939236 266887235 5805925 4005714
94434474 137142426 5660105 9388003
-55360956 -279108229 1896967 9574745
458785793 -252765236 5533432 7861884
-351286100 -316264693 1682317 8667467
339711390 151240631 9561513 9168577
19620423 192865018 6582420 5660939
-323867466 335804938 6066064 9221854
-128156872 -131320545 6518050 113099
-216801906 -200119717 9690232 2746718
309693656 -215035948 7002534 2699450
-42669392 267772480 2800395 865618
-237975724 313756732 2485714 7687617
-242876677 -169314247 8841876 783687
253258824 244782851 5388443 1100129
-469679652 -160515345 8290114 3090180
-484497658 -206235743 8930808 2382069
372898709 355466872 3601379 9572424
443456719 307743126 7565728 5730163
62532474 -319489137 284457 7116942
302811927 -30127187 6647760 6176553
288806958 -53256482 9644648 7070026
270309317 -290292933 3071746 5656577
188670005 -15472172 9408810 4502001
-182793890 383371958 3891007 6768311
-378523695 403919559 3640023 7851171
-35363264 477530413 7948607 382382
-16918663 221665714 3196313 2332244
-59136984 404979257 9829182 3106522
-156574394 -41202534 1083265 492309
-423472338 9888510 6480485 1099280
-304816788 451583652 3894331 2978634
103474115 -360293958 3990517 8583709
44108618 -142279969 4832408 106950
54914480 -381113293 1206096 3707664
-322628959 89467415 8521757 9081762
486409094 14275627 9289953 127063
-447592945 142065727 5679747 2335363
126660462 108659406 3966386 6590510
-144236858 297414440 5794136 2841218
295804798 378862860 2806672 9828022
449676687 -51802525 3573091 2634026
489337156 43898637 7944423 8719885
360619902 -249800412 5872892 8051751
473477945 -26570501 7824199 9820027
-178829085 -66972572 4601388 140240
133905211 476912358 4066560 645117
381897813 207438236 1263446 8187350
-236679494 416338605 2661238 4437683
-434308948 161006179 215276 1095321
495375238 128582634 3121852 6554248
414774594 31193000 2406835 4886625
-436947435 454053683 2156632 2056817
228098613 -491416845 3349634 955422
496738234 281279830 64899 2325804
131633826 418519465 7452290 7314861
-153185041 -253879654 3778919 5641987
135535851 -258501561 8080879 415123
254169996 90027522 1644383 2542600
-82833678 2672036 2580692 5590465
264509708 -365328456 8771289 7972956
81432625 -344489774 9446736 1405904
203769962 147027574 6682458 3150158
-479120583 -323480230 3207108 488147
-385795504 -12831736 7903743 7133362
468421667 463552750 2816203 7357305
124491944 -248925805 7833473 2153586
-363766867 194283748 5767805 6655813
-280562475 -352996443 1555387 563249
-473614301 -399779558 3275933 1577335
-452023907 296941818 1583419 7131233
-475346589 434000208 4343560 9056421
484739226 -151893919 3986956 9481713
-308414860 -205297809 565297 2758943
-366874906 -385686108 4786520 7685352
-471328698 -216024096 6120424 2672761
329418699 344159925 872966 7598328
172089520 -209172666 2792016 9718718
64023041 340929612 3336115 1031458
451694342 210627890 1897194 712305
-179608503 441918304 4749716 4867961
-334030012 250312598 8491760 6318404
-329343316 283624814 9581495 9870306
-115211948 -413880572 4686485 5719392
337533376 175275185 2080710 5977685
-44974521 343783113 5490330 2124004
-64367513 60245187 8071449 8559258
-120846856 459497076 9750846 1417088
-363036910 98210894 3775755 4683632
250787343 175274296 6225864 5567048
484607668 350358493 4234199 4790618
115370195 -252406863 6358822 6552439
317871889 -172222590 5839805 7292435
429036982 -86089226 3258389 8103537
-478108121 -43846964 1128254 7866236
-373366376 -438046771 9596979 7172955
141527762 -363038422 4074792 4465280
468973407 -370806675 754731 2979418
47140834 -368579894 1849355 1005812
-48288239 480851682 3981115 3392082
-289018444 -353102267 8806749 9773677
173166998 237001735 3137484 5276658
-313573951 123071526 6982753 4472618
-495524383 107201108 8223134 3428914
-444748069 249872034 5125004 1236794
233651450 243752650 3816259 4891609
-199952064 447113241 9190280 6612362
-230726178 313717751 9827216 4298439
-269802560 493290261 8412515 7468992
251775295 156737329 514140 2369592
263125498 -9442484 3711741 1661248
-371717158 310291262 8173442 601891
-393888237 356720341 9154586 2484273
109489819 219610962 2588243 3887039
224682812 -380309325 2096365 8801499
-332833931 442836597 5027940 728117
-393479047 -101263486 9273014 1111047
-242791675 -266794741 1455485 3926041
-203217183 -144032796 7571883 5104952
443827873 477812436 1354244 5122863
-182335485 320247380 5407702 7649298
489907310 -329935898 3984967 4784294
-86774885 418392334 6179270 6057968
301857871 -352073743 5866788 2090201
282878790 285115273 3555771 1986042
377655340 113811843 7365580 2077962
58305220 -299946058 8109671 8079201
446850604 -251119809 2793859 4760744
461051959 224263485 4537390 880544
320893690 -390863066 4592350 3854091
225569379 170436292 339685 4180538
-356452862 411078608 2881539 4160948
367892204 321635625 5824021 57344
-127283791 35608683 2948112 3590171
339025093 -479293367 7830977 7453143
-15711838 -230851022 4494232 690730
257542585 -161106087 249640 4109319
-317175522 -447705169 43874 2325499
-104873475 462446450 228646 2907526
-401477509 -43818866 7839798 6946183
437031692 152671491 4799531 4527840
151792862 -464080379 4490598 9207779
88031461 415137604 3736622 9337322
304153988 -101655482 5528427 4081411
-387018539 340685309 7311687 7352342
475232290 -208029126 9760204 169648
157489026 357122819 8442544 1338212
147909458 310097026 9045590 5467284
21212546 34157228 3076907 921132
-168174101 74859819 226474 4457498
482306776 -352887591 6367313 3536232
-236291497 -54477560 5142246 2519202
230876348 392664098 6249124 4730723
67931042 202044955 5471811 8937879
492723327 -2221562 8743712 4149211
-389045052 32597001 9357825 4125006
-46431530 -292439384 6697263 2528939
254020948 77175689 5290151 6978412
154386935 -90597303 5424673 3489346
184632912 -296251938 2022228 9836921
60782107 -493113475 5962004 2116718
-477786962 156721195 7265685 1265839
-150315636 161129188 4987981 9583405
-286007273 271876961 4429560 7600160
-155952543 320717706 5002805 49016
-108154589 105475960 5550541 8942459
-445880122 -191397339 4595604 6237184
-146348641 -204671768 3591366 8046649
401188950 320955095 9447793 4216394
495707358 486752861 4523171 1677895
20578276 159088587 6501939 9025299
238583953 453384643 787085 4032850
-51389434 377538655 7796646 1292508
321730155 87630450 1849497 1719501
95576215 268709606 827363 543545
-411390887 -100523452 5307704 8981885
-456300191 -117447597 487040 9582256
439928014 -79872553 4984049 2978617
217132885 -461295494 4537802 6301946
-79508981 5164745 2139945 2270634
-372322353 368326229 5592585 9637825
-26904234 -340013062 2744668 3122188
363727828 -56104900 982209 7942496
256923204 73643469 878050 8556523
260234580 491186731 6567405 2018214
243871216 147988582 6721453 5886054
323247210 -9081345 4263876 1673746
230140995 400523244 8536839 5377519
397076633 -338932295 683382 4640279
-430907604 -39549240 4981334 3003017
363486734 -372953671 9483501 7598041
-162508313 -477831708 6204122 5895688
483575010 471194883 6552974 6223854
-266539976 439337197 5045227 6872788
499584087 89436029 2783735 5585310
-35220050 -267250543 2974653 1038629
7325208 80201262 7326912 4433827
-74237214 394800321 9437085 7186888
-458825349 -229682815 3197628 4731753
-427372873 -386137872 9995058 7981656
-382700864 -127335553 8844599 7232590
62172569 244308561 3909695 6298117
491451472 70214168 9749175 8384995
10339520 84128284 4581725 3097680
-423535104 -30541478 8493500 9787560
-498907284 -60297271 5192131 7903948
342410317 -36061769 9615617 7901395
-16184792 -393495214 5688576 7085278
178972576 315006531 4953787 1574538
-442126328 390528373 7138236 5058942
-220836983 127385844 1959767 8407971
-366986259 166844400 2173820 7314163
-207346682 281535200 6006205 4992363
160202685 53371331 1026397 598426
-218200390 -313803135 4402065 3607260
-418158163 -264826511 6368086 768032
494253624 -293742092 3353966 8773348
-283841671 -383231170 9853816 2508355
6391607 33215797 744107 8959524
422138225 15291438 4111124 4279517
-329703324 400280343 8599598 6831179
280524947 -391039234 1065399 9613430
209289730 -354508354 4153286 7643836
-261854802 -451066040 3163808 228795
369932708 -302754143 7053920 4999312
-146208123 -291139498 126861 8349695
-479822202 142973097 2568294 3971845
-18899449 19277364 3795129 4096778
-361301601 347753654 4655112 292511
333518908 299304483 2169396 4854623
-427034402 35086550 7821255 1663473
-21310996 -198717726 9531357 7367593
176270386 -284366202 5717936 9998670
311183294 -406472514 3515382 664897
211666678 41442970 815886 6323740
-280725286 426813901 9180534 8355241
-57492664 -395228953 3125065 3033259
478472551 -178151514 2858298 8253766
-159141167 -284028607 4926106 3112662
342591980 338919249 9800950 6839916
-186625194 236363613 2264028 6713702
136589950 27861248 6549054 8585002
368292176 -201217351 4658928 132863
-452918520 -102687409 1618380 5053192
-213883352 183144415 5816693 1704285
498233221 308168323 2614712 6469447
-144769925 -468864607 3741070 1147544
12657728 298505165 3761086 1647397
196770902 -99557284 5834015 9367266
498822170 -125111162 5841019 3362328
-196633222 237505335 7941648 1941317
-207489852 -391899790 1840688 9249168
175318425 -105845918 8049160 3703911
405656320 118622207 4708221 5553463
24795798 219615577 1886898 6641991
-141040413 -274553979 3737510 375602
264361673 232121082 967039 7195671
-166697339 154204496 5960158 7644473
47974535 462680784 7772289 610321
-487578645 -252009964 4201824 6621287
-150503580 493064923 7932382 509390
98616424 -417841688 8872672 3919337
-332695050 183317291 5247571 6804837
-329754125 129470623 1109203 2083410
436355573 -409357777 1549541 9699153
-51110321 -403764962 5328536 3912137
413278828 -424549583 4061676 382783
-184066084 -29096208 5549138 7800609
229949345 -420111893 5541169 7450806
-12755291 -237095529 5300539 7523495
-369020555 -16867482 4802068 1609626
169146316 383462538 3567983 3361469
14231738 -421954600 2435652 1489155
-260026000 -24054329 6688816 3975788
-203462485 350933655 6093544 2452220
-223926597 -421691250 3785179 3112013
164599855 122793565 2816100 1825344
322114466 340903976 2557903 4547479
425321351 357169170 9366526 8005658
-134902393 146526697 5713136 5077977
-53911983 291129227 9866006 3432817
244633544 -6796927 8969564 7003292
168197085 -142854567 7933174 8785444
-492967796 -40763162 3362860 5208232
-217305900 -453157172 3562819 9395053
-207235502 -476114750 1033176 8444981
242938981 -114172419 5117358 8887894
343993362 343372095 174196 7770235
172215629 427527955 9349109 6571305
191984440 137826096 3606626 5657761
310170780 52376191 9134611 4017018
180574451 -495173174 6517740 5353433
-244173153 -155218686 5168603 3680591
331369022 161996412 8115534 602390
358453482 358659679 4496457 8164010
-248080990 -329255582 7631208 7978349
-475913907 -367774620 317535 3398158
167840773 -317946104 4551374 6293441
-469472074 -187674251 7860415 5143503
-36837822 371119485 4561876 8337872
-244436050 228319758 5408140 8041114
77712690 -5964081 8613462 8336771
-388942379 -396553545 1039926 3285187
326427300 -134235208 5026579 4564344
-401183858 143409561 9456922 5815364
419339743 -400169502 8112595 5592721
442532951 1498864 8164670 4022645
-109735194 -24117208 6611113 792624
274883079 -242728120 3906193 5708114
-224080167 -144284623 5294586 933904
324626369 -170917715 3916345 7415046
324952565 233338069 9284116 4944956
442007627 -467475562 8591272 6018947
-46114451 228114818 733928 9087473
350628330 -50245510 7319938 1821338
254122342 351899638 7169761 4779246
2573554 -360159247 6198603 2757551
296706678 391443571 3961258 5562765
-354697397 -163080772 2819687 9589471
382637541 -203361679 5701248 6232238
-489203192 475674589 4331204 3288174
6711721 -374370587 2202410 8943131
421150382 190419963 9263665 3412548
-282272524 249425422 9234530 3954984
234504427 459483919 9062774 2792799
-49733928 477794840 1570802 8662917
202001742 -163155929 6357493 2472943
-170125942 -357117835 5945896 2391736
351809209 357753946 4045799 360703
42224865 477823145 6991820 5485248
-332744528 -475695711 6465429 7033100
57753415 -25931909 8345978 6131395
105389722 -92079122 6453237 3410303
-171054005 -344225805 6089631 4942209
281398300 -35344747 3087131 4295889
207401069 -275000098 3254308 5120380
273721938 242268913 7460271 1538812
-152593584 -152105418 1459132 4370486
-297210699 -112173393 9329471 5458589
-484969839 203870570 3409573 6928500
332330068 -331517425 8515333 4771120
68010245 -111277159 2835300 9102203
-373348067 -443669471 666661 6250709
220408830 -112476714 2651275 3145301
-68381933 -456718583 8040684 9918862
322949765 229131764 8771085 3557015
309153340 155981331 6603518 429599
219961852 299682949 680302 8944545
124408000 -23507716 9810602 7416458
-407211517 161577324 1058247 9790469
-235687566 497371834 1776253 9394901
-481196959 -425571160 5757877 4257004
-96223943 302230379 9436795 8135274
-195970779 -11864599 122060 5239624
-314034606 -249862333 227574 1072784
390424211 -272798062 9380230 3791889
111362193 -181520600 8668022 6282411
-295322425 18965095 3626754 2425914
-388895065 -50987716 7443483 2920477
180690394 -161706180 1238645 4664930
-6512219 -83192487 5661371 8226320
41331815 207956544 3371363 3671696
189868350 395959379 7952283 5463864
420135370 479875390 9394274 263541
-252918775 84294456 105140 6470805
178504802 376710104 6663261 1070767
-211074627 20893329 5316463 5291823
-208904753 -177011508 2726351 6251906
117627808 -283954072 5295194 3133237
-133477071 415421443 5912350 3697512
-342177374 -106603474 6376050 6767606
309947320 -30053030 572638 9755576
116735244 454831900 7110011 49261
-242149116 -153360478 8437073 4233493
-305116787 87984234 9781365 6192071
396430207 -50503479 1581592 9668553
-230695492 41249776 131407 8518067
142023719 -390526224 5268486 7064183
245332784 819833 3765908 7778547
-218141186 150228669 4680442 6484773
125146935 -38151308 1629113 4570622
-127717777 -108331528 4053837 2235727
-484320368 -180758712 8733024 3439504
494482889 -226357105 2525856 1725997
-423730432 261723948 7498102 2925537
273994493 -315813809 3499958 8355946
404202426 151956581 1234735 4158220
356938305 -282722990 4982369 9031642
358399054 -336802101 1040548 5448421
-286859431 295934306 6231805 5847461
96233564 -160556258 9031527 215578
78400478 -465499728 6413469 4601545
-318654625 -166967090 5317501 8830899
-89785515 -188124753 590481 1661724
-265784128 247762321 9978809 5682279
-204149140 -219096713 8018678 2688413
26089411 446461681 9768405 4427916
-126082228 -434147309 5267318 8386956
-139915580 -125577593 9629624 2316893
-237860137 220807615 5072002 1937964
-292984709 -145270206 9770161 5858740
-417645078 202006056 2735257 1890049
-125819590 -312621919 9286842 901712
-356564326 -273929041 4590849 7791763
303687211 -131021580 7176247 1149072
409512824 -198444379 987658 8876457
178978964 352235934 9770422 7816630
-290650929 -175620720 934352 4159758
482468628 -461774251 5856943 4645669
258153442 332126564 440183 9939151
65792741 143336544 8613699 9707555
497916465 -20246837 874223 9991931
206553370 174188248 8219135 1343895
383449778 -279431843 4109359 6579169
-349658656 -439192345 1569431 1814347
462291737 -239791640 9811579 9753556
-337271362 209557515 7807533 5437226
201741074 -337774424 8025887 1573866
148901971 -419524216 9941123 5307652
-265644145 -463587150 3295544 6694181
372957856 462149343 8663620 7385550
244499582 391463894 3907223 3062844
-142785307 91436045 2857279 5069323
360499594 -475812619 9802338 3901326
366105704 179784157 1352423 8344782
391524151 306478260 1337762 6090239
29561918 -66440430 9031400 8530113
131087041 -70112850 4255965 7556051
182972217 444638110 8891981 8854390
496576431 -381771461 4136863 7714384
-202263884 373070837 4495803 7137589
109291546 -292733841 1744629 1341441
109141096 76614230 8371867 3598229
166003674 -226903323 1684760 6375545
269526702 356989984 7047823 2197187
283788504 267652592 6608828 1174815
111059191 85437196 4909570 2702992
15704334 -247781550 7042479 8977341
76973229 173537891 7335402 9113638
-257784280 82287513 5227063 1091272
31629399 85074924 3692054 1373708
-298114743 438219863 2244271 7808887
428311310 -167807528 1666219 9500416
-456086752 211741077 4149936 2689538
305101932 234911000 7010167 5048524
-26391552 61461691 28427 8405334
-108422062 -396517345 9570720 1570703
221914922 14321878 9221389 1011409
-44220371 39929121 8401895 3583734
-419535352 32040147 8423100 3714308
-165532619 473624148 3245417 6944899
174363501 -130883647 7070104 9408496
209214122 466676273 6895706 2068042
450760919 -51185389 1447901 836041
25985303 -338859597 6838218 1692846
284151727 357864667 1146429 9260854
-108177519 -123598186 9195490 8947112
488104070 -209224688 9416361 8606350
-425566217 -141018215 3630245 3165568
18188887 446860488 3341190 8717339
-88710351 -148580676 5843761 7114257
-183152183 -443505672 8446298 4683251
53781378 -277191812 2236809 6011885
-131153844 241874973 8200761 6833656
-346085072 -61291879 1850918 6395385
305747762 -26958121 9291848 7019404
-366596365 309212152 2622356 8354254
366443085 -200075577 8260723 932767
-198723825 24826533 893066 822049
277638067 -326235315 2125654 3367410
139519692 -386236639 1419284 621263
440857856 73871519 5098835 3753683
13220004 -339630862 9975956 2831453
456912627 397197221 396571 7373200
373338482 -109443884 8488181 170051
-183806919 -306488604 9139643 5045899
-100263924 106268364 9392798 9131106
-261871769 -44545356 9754212 4208718
26925181 -137470118 4064388 6449085
28341677 -251331433 9434466 221589
-491890925 74009226 5104949 1168378
-301909189 418823011 5881994 5242140
312098033 -300828722 2984417 6265785
-315158476 -433529351 2604405 1822134
406301257 -129563836 7647258 5870038
-354439036 103983677 7776020 1001761
12872436 -335511664 2962723 8648999
183395770 -431820096 7475712 5838349
38432785 -104287313 6669919 2603416
129319516 -350279047 4995894 1348152
342948612 -393926916 7336999 3793074
68359588 -232020001 3167527 2475705
-142091805 -267425635 158778 5538788
106185522 -152544115 8821271 1580059
387876360 -256113841 4328495 2079445
-180296073 -250914719 7421405 2682620
-177019478 -64007059 6795134 4285454
-158612035 -320227812 5617658 4205655
-479716001 -386266795 9844588 6760916
-322892505 287798942 6875104 3174467
-82154297 187106743 1182271 4704458
-121323197 -341782719 1394924 8970857
-174544767 289155217 7905431 8068512
-69609678 313359997 2967770 837136
223171487 30649303 7137971 7479579
7736499 283481836 7396870 6568344
-390126013 -438103651 6698794 4233595
494475631 -4602082 7489694 4111906
-4309728 186391883 5525337 8279102
275189937 -35355742 8654015 7579100
174429866 106315233 7654191 1962511
126541223 379744317 5283641 7109180
-267102377 -100529348 1624045 7095042
287077280 -36597457 4901199 9027652
145797088 -370354864 2810726 4661844
243761743 233462900 3154419 3301693
148972416 130092396 8194879 1411373
109679358 -380822643 3776765 5019572
-247953029 344507310 8367071 766589
-239747916 -229075934 2177401 7584320
360100671 -223451611 2300040 9593754
-497177229 316153814 8774800 80023
-445892597 -16072346 7802339 426037
-245000058 57687692 5316925 8596536
12647039 239619698 7429481 6151723
-493443046 17041471 1043714 2322932
-110659686 -202285502 208599 8726675
413808656 -310793800 8906216 8723703
-74838737 -185068742 8198669 8084861
444752954 215170502 3884598 3989893
-473113058 392483431 3544653 6283827
10363548 129784964 1603896 3659199
-202087778 64306371 9046266 9791354
390805144 100625144 6970462 3970295
194382958 390280921 3275216 685202
76524144 -130146425 1396340 4240192
-56719884 -118634285 4524589 6132583
177202564 286298037 977840 4680228
-318714485 423814321 1174979 1394169
-225640551 249733717 2946328 2126754
403054559 -132997825 9448325 2164219
163328717 468207558 2237719 6946986
157617288 -389616646 8921279 4317886
111600331 408429940 6364680 3975937
374231293 -319148228 3900552 9995253
349232297 283556894 9532421 1747510
259174969 208227294 3807167 3351804
314725204 -361276023 18007 9778109
-210698543 -496762137 4817755 3083503
191598678 211785997 4292719 6774123
-412488302 -421497329 5406361 2225773
29149459 2096082 5610408 8944696
435649732 481574399 8738882 9490263
-156595705 -446047981 1008777 4837118
-145810797 185482473 3372430 2968971
70294109 -82725887 6812343 5520259
-385509094 -308835413 8935736 137487
-410380336 -104602198 956354 7529665
-478194540 6009328 614010 1218014
366770268 -187677943 7359645 5988822
322430963 387121959 825279 9561566
-222146555 -289870390 9949356 6213420
-238129574 415109643 6174319 4166222
356109344 348056560 8023080 9917537
-472567838 392184199 6839956 3817344
-182821552 -380890906 1087183 2529723
-108091192 -22825794 3324697 9524960
-415229100 235233154 7690845 1360173
442797840 -284005953 7673339 1492223
-257078300 -51550259 6130424 9561756
63111683 427126577 9703254 6195356
205632141 451786643 5879295 5709684
-257208490 57355226 3448992 7899581
418547161 -224536576 686829 3038653
50502474 65908232 1525600 7303554
-395082718 140548223 9290310 5006002
172800500 241710168 9000398 804007
-394414033 428108427 49840 9458635
-392698509 76173875 14235 8332600
331463890 -198005208 9966529 8994603
163705709 -220701074 7609593 4089786
-390436588 -88286927 9704381 4112329
-419693562 175305630 7831271 3740806
98113014 37902327 9722126 3088265
51918601 458514373 3292497 994264
19560236 -200926424 8679491 268934
360027409 -211599537 7697523 8072054
-298786105 -7308286 7472022 9847613
425753076 53134940 728275 9984549
-177073742 -122529641 5831467 2109518
-277823484 -192910592 184196 4566000
-96531724 -438576119 4350160 635835
111441738 369625981 5046622 3998943
-82267926 157100238 7239869 3556391
-71790389 -360430966 2401096 1728960
-260287856 468962540 9202899 8705048
-8059536 -38977353 6678206 4392799
229551413 4647663 2577255 5451536
422810451 -354810547 5836589 5430997
-336559096 -168186434 8931356 2053289
-418701015 -47130982 297591 8078870
-391345732 75292572 5414317 7614664
345172663 60402815 5196907 3715628
-440388128 -135352015 9140043 5629765
-127496266 -256179671 4759307 6996131
-199899236 -49291370 9449599 813207
-387274473 -111915930 7163984 8542357
-222942280 261346916 6279331 1657116
455693006 91024165 8904067 1132651
-106789031 91666298 1521253 6060992
370876327 142760448 26198 6992826
238282382 426354385 9638723 3747424
-490826683 -133460899 4817253 9505466
362533087 421890899 7874631 2885021
338268772 366679480 4901237 9571461
294640269 -304121061 7270211 4483482
-254821860 -485360161 2464951 3797973
-335380010 3639735 4993684 3904828
82431262 105554737 874372 1882185
430856240 -7020439 9963616 8911977
-164179466 147380958 9605279 8734496
145676682 454671969 662362 2186057
2833225 111712553 9252600 1197435
-328378480 -369290492 2200571 3653000
-338613482 -252796504 1122789 2637855
464177382 215485992 976840 9135377
-496977417 -474707582 2362985 5798576
300640873 -100971947 5821712 7148756
231079518 -61340241 8830831 8781559
94392435 278523141 1282861 2869120
348184538 198795580 6279949 932381
-48444906 427664612 586432 3030601
-413405615 -379095164 6909123 946285
269972061 459909648 3225206 6758819
105317701 -307319689 4171963 6268309
246899600 -261286311 8702023 6997764
-21778670 91663574 4360584 9475045
180892270 323957633 2130739 6393765
53264939 463468148 7261033 9193997
-154385550 335231357 2237317 9373889
-219687327 -266903946 8756229 207459
184004624 62222515 719250 3830741
58700318 -481551468 3827245 2444699
149008374 388844089 4043256 58334
374077525 -135926114 5871500 9269710
446308380 162399712 3367581 3887825
132187990 464608062 1564145 6983033
313342869 414968126 1649365 5048796
62992259 -199816484 1610917 625107
294731605 201110030 4034315 3800341
-322294180 173799154 4826853 5645554
1276858 -55555689 1263429 9581098
291815473 283370085 5125138 4858600
-90642153 202117930 6911179 4411102
-219996991 391886955 4439166 6777713
-234449055 223085800 3511889 7004464
249123199 -228125610 1310072 8046267
-150091935 193365673 8586046 6591829
287884609 -244663912 7596374 403360
-389334502 223467677 7350581 8936943
-349673710 -327784168 4285710 110777
-31528573 -403416941 5261927 1526441
221007783 -94888160 1720917 7876049
347714016 -208169505 9010264 6774015
-116699998 354599836 9913301 5235624
-301103362 248151957 1949612 7419137
260287947 328713817 8241013 7212589
-308550285 137836235 9332828 7005585
338574423 -492049594 482326 902595
81000928 -98622758 4956543 7996448
-372559837 -274122059 6151122 2706812
-123775952 316989854 2390404 5839604
85168376 201870268 388832 27737
-433503311 -368694157 3399653 8952903
-215657526 165075621 964391 8683416
21259955 46652465 7696411 8926827
218273341 -316642989 7683450 3988662
368182660 -64675653 3333713 8806379
439359821 -262121143 4231477 5237702
428305544 -432929944 1391253 9952822
-71244556 111294468 25640 3705957
-252844062 282716969 1991557 4240358
-392997615 286400569 7246545 4024698
-5592136 -1633846 9615634 8524927
-238920285 392845594 5637922 5202166
306929781 -123674833 6152640 1434031
130436364 378577295 8853441 2801811
41084161 -429387111 2336740 8147598
182526030 -113005185 3811650 7522327
-230609141 -297420319 5445092 4242781
-259628207 -48376570 1386479 740367
356805951 -61520711 951034 8932680
-390956773 70334910 3431296 1893526
-46415472 89168880 7722865 6596262
-419977195 -214340104 9898595 4786317
64893295 -223086420 7356902 6283061
-392272819 51417601 3352820 4277986
462636560 -228227153 9641863 2928096
137142702 164082016 632389 9461067
200233132 -237105005 6400343 4204027
-174955448 419620372 9824215 573834
84862137 -358651632 1513831 8467074
-382724978 383371223 4546911 2187944
-335070669 71724317 7053279 6026004
-336392353 -222417919 3170363 9663704
-411148890 -377089039 5051043 9298125
-63409129 174243489 6430947 2291950
32381099 -112235703 6327377 9080688
-240858812 138402773 7523877 1907240
258956954 -460407679 211577 579159
182184372 118646723 1659922 5128513
-363548475 -405102227 1257902 72982
264589122 318280924 5589545 1246811
487456078 -6548984 9081131 5067015
-161836859 197581657 1485823 9396459
343444054 -486809821 7939969 136764
-350431032 -197613888 3302838 6718270
4680285 399324489 4303734 7895183
-393715117 -448364560 5067460 8846
438813693 -347297859 3494118 9477302
-287310237 -438054226 9957562 440411
-205205249 107729345 5604719 9752507
-273868948 267734993 3557648 576127
280965 -486871845 6550626 3574006
321887096 -349353195 8648198 6790908
346534787 -21457128 6751812 7129464
-415006897 27093304 1980922 9666431
226092773 76969972 7308960 3078294
-109907631 212977033 4573942 1402004
-9636142 -335152948 5804070 629947
-441310168 480251502 5677165 7257193
118687296 161141164 9526466 6318945
130484298 80009602 1094937 5130885
476522021 295232104 4165635 9811571
-295288717 172534072 5247437 8885498
98324502 -246058314 8287302 162873
-315978565 -272655935 9199518 8073814
-76129140 -490901995 6954602 6338264
-96866039 262132667 9408708 297506
-416090383 195722510 9609488 1825805
-99016358 232016745 7329625 3199520
-206566944 447171186 9498457 8427630
-1416198 -254505986 9747607 201613
103241576 256902816 6773419 8131118
463179208 423530193 6265117 9106654
236022089 -49659715 3808492 716504
-345636696 -388552407 7803908 5221173
-13387269 267594435 8861840 7386568
-453892881 -399591585 4054186 4014095
428328149 -78845474 7252823 1431632
240099583 -11893759 2473587 2523054
233907278 -170251737 7463238 9645495
-400183462 -375753932 759998 493722
-214616434 171697614 2764150 3087339
415586369 419208035 7055053 50025
-289700029 -286020842 2642632 1410898
-492100747 370075250 2186885 177785
-177400768 351294455 7247985 3801264
261299328 296587433 6635192 936482
252878994 -484630649 7997455 6196746
-140896438 320537154 1042170 841400
163243983 -174145272 4140343 9688752
405958420 -230135939 6155210 574833
-226636561 91423435 9376550 6830547
170368727 101410000 6545909 7749898
-34305985 -369800573 6532551 5851274
124901665 46236877 653437 7055274
-273572031 335433122 6481089 544728
164848646 -168273036 8047690 6964081
163374131 -489557442 9405464 8430571
-90658292 460411282 5873202 2798579
-344292247 225944381 7632775 9230501
-96362259 497220760 3887734 5657191
173212496 65933934 2856681 4595555
85877719 17866117 7182876 2633630
-79494938 -57807237 5848762 2952365
88984607 -204452055 6112324 2220285
-140437832 -205640419 116155 3109693
-151278026 345837415 1312670 9941495
-282010301 316505361 5318064 4464653
-172301082 -364030815 9151820 7980937
301098340 -203772485 9932254 6139282
83539411 -78352669 561157 3953659
273482812 139900255 290116 3225462
-384032660 446405946 8164959 3323238
-149587611 247538775 3384786 9987371
-19559431 -451263355 7703157 2477421
-375080808 -393274163 1973874 5711056
-476196623 335546496 6993700 8409242
140184417 78276561 2704148 1507115
-72272457 -61428111 7348612 4934442
323938249 -185143897 7866832 5326690
274681043 115356112 4594964 7579671
-22887793 292193121 4685514 9912509
-473283608 435158378 5995838 2264658
138686816 -182692792 6233883 332966
-4804799 -144282624 4159121 4405920
333885183 -366384008 754308 1906119
-85638222 -119409120 7541638 680127
-492292478 19870263 8239147 6511446
183473099 -326953655 4660156 6082129
-103685317 -23209 4210262 4057844
-163010779 403148175 2751903 1443786
175431947 299461549 6292115 2591122
-290736581 397054702 3845884 8413254
346371220 310063871 6874441 5508075
4259995 -411073621 7006464 1282335
-490340978 474243378 3003976 3464473
-222627477 -52374604 1361131 2542018
282664378 318906716 2388079 7991234
-52238435 -330615731 2369007 1577532
214877247 -361415830 5891570 8434535
-419955166 17890043 9266530 7676123
364305294 -278551082 3539851 1522368
339334044 -116126558 9305688 4295275
264062306 -369830934 6361895 2746904
106775049 -420726541 8664528 1466637
-437576940 -344695898 4975587 2948751
-238653764 74835573 5841045 7686873
417828401 -35804809 1521109 9815664
180494843 174692551 1930280 8185807
173811793 166910500 8957894 6374380
156636220 -251659112 6229103 5330935
-143660556 -445944375 6618440 5468578
-184099374 -396281231 4086358 8564588
-163049024 -266353020 6003970 479603
179395323 62965133 8427028 3130571
-484679357 -209540315 9532547 8494766
17082998 -479657425 8081929 9443187
-471759214 -477526099 2984686 5916927
-320760352 -155182785 1522816 1769931
-410980562 204696378 5942047 5865741
394145844 -64074655 4511476 6382214
497081368 55618371 1566914 9023719
159576589 276265776 6163925 771297
-149081066 -370416935 9569814 4446152
203125737 -133882237 2336704 1744482
-72273938 269681128 2403629 3321042
-473740185 421950890 9033162 187420
-233754455 55978101 2682666 8495828
182442632 -458155088 1813046 9604072
-412928545 229234816 2225926 8143345
490851992 24102968 5538091 1617075
470178335 -156999112 151114 181030
219906619 -290151916 6960285 4205066
426903084 254236137 9551312 1543940
39996441 161540700 1892000 5043852
465260357 267466333 2029559 5146674
449938524 -282631546 6815054 1472620
352414401 400198916 9973960 5094679
-216347901 72470559 919804 2811916
53256303 -187044505 3677904 7872859
9758143 -253932163 2375808 6933927
417301744 75159675 7022654 1360798
-264977359 -126365951 7799156 1608594
461905399 278777309 1877669 2895673
-48258002 236267606 9844465 8185214
-353448823 222914837 187831 4020737
385062906 -494953039 9180116 6595890
-167044290 294813397 2597514 4170373
-307207536 223951120 2694269 743506
466286205 -183009735 10967 3712973
113355223 -57496707 2501130 9380765
402524867 139786247 9776949 7072667
199054574 476950090 8701984 875688
-185820964 302427630 1701602 8622379
-171670432 -268673451 4962082 7980198
-102402104 -116057863 4971252 4358257
-307300029 -292460128 3493720 8358362
-171225668 -66957852 560976 3985350
-418559161 -393165634 4628782 3039376
345348172 195484970 8722145 8734168
-132244354 453569726 7038403 4707565
254218343 115843450 5639935 2543560
-267274062 422597491 5176258 1032826
-325429979 496931975 5484371 8714534
76294658 -109647346 6842645 4720443
327101147 -27326003 5032335 8734349
-61772104 -228971223 7636111 777405
355574344 -318470031 5024432 7139992
-454883533 418629317 9234300 610572
119438497 -125928279 6605383 9283809
100325642 120570887 9795438 2428531
-402091693 -93349517 8113654 7500162
258638732 -227325565 802723 7016258
184520072 74869658 1190251 8264331
-486326880 436317861 3746412 6099725
-175368487 234906372 3702975 9489580
-200566734 254700650 6159320 7888051
-397108820 478715163 9793847 1934274
-464610834 -8286944 328605 4872602
-33616322 298550564 6187739 7104264
337590443 489381615 7557573 4366956
467295821 489343356 1183814 4336870
454205860 -159817032 30349 8783388
-83977442 -455245606 6486501 4760873
-123954251 -6230695 6912931 5556133
-143376972 -263399537 7823800 3652941
-473508455 -395863320 2238182 5536847
150966038 -211880250 419344 6445493
-238790606 959989 3834153 2163179
-431577459 -182995002 5299919 1714414
-137287488 436018378 5644400 2242195
-86311454 -412281043 1568170 1923954
-334371544 -330233684 448433 229101
-461230684 -123491276 5765481 7668448
-201734098 -361187559 4781076 1645415
220310880 -162462225 691877 9051334
-329617478 368360713 6922931 9077625
-206728730 -324396404 6524425 9562329
351648535 -100451794 2417370 667624
436966283 212163216 9495570 8355641
240410415 -130703818 5056839 3568127
472584801 69853727 797774 8546480
-272375600 -270329110 6071637 9238016
167481907 415214751 1606769 3375594
-191182594 -217972955 7193739 8881344
-250015263 147824249 7329242 4499278
181893689 -220157811 3393805 4449019
-119490663 -64151137 959668 9941231
-288228441 -126329650 2926181 5728363
186159087 21612706 8454660 8786989
450156045 363324376 4373927 8370819
251346664 382451554 4373545 5064518
396786196 -375156358 2073692 9324198
257577477 -476491714 9256912 5687926
297130773 -53681957 8979290 3933334
220443214 109539279 1777560 8128964
266605138 -480815926 2241637 3314208
2511748 320424654 3514460 3586132
-175069215 -380815672 1886936 7111178
196817275 -369613684 87820 9059567
-27405083 -354947183 1280485 2715161
334287808 115720425 1478338 5895443
-86742236 -428774296 2582876 6754678
478101578 -36497332 1898332 4669327
423134827 -230216066 7910151 5489712
-141592216 -93198701 1230864 3205954
430359149 25797662 4648287 606120
-144804854 -238045771 2068843 3946257
-483694713 305212430 8230632 8093791
-473317799 4152155 7862623 3182180
283788726 30976821 3121057 7662744
166987959 411692375 3622954 9611558
16419877 383241983 5811749 7240928
244482505 388993574 1103089 4097201
220084999 -47273630 903144 6431525
-108928053 -28134870 9428980 9432597
-173357865 -286576940 38462 6308398
96230506 493494562 2371438 7821700
343426872 94107276 6719068 143328
-398086488 276236076 7781698 9895788
-434690741 115618645 2103289 3579100
253975800 -125477640 9970396 40184
331468559 -348443720 6227934 6968264
-344805673 392987817 3764792 9538268
158969349 81008042 3580986 2480181
227284830 -134887998 1924947 4326900
498229579 420890459 609036 1351144
473218717 74227429 8464032 6518112
187165987 275993824 7335040 262171
-430471334 452628259 4712211 5883922
379791633 -387390022 2640127 62525
-31765528 303487190 7380278 9485574
227292070 304324449 9326747 2173564
-156534632 285095608 6410948 5348875
124854144 -140729736 8843948 8850430
-237873054 -474251130 3917712 7857488
-176550421 429858600 2181865 5484447
-462106753 -334260346 244414 8074847
-126605575 -219936698 52969 5751794
-431553110 338115952 4578324 7146040
100358936 337879983 3739484 3008968
-388754455 358356141 2347807 2325634
-107673269 24557350 2980822 7031138
-203838086 -233951616 2347824 1969432
395374009 406046059 1756415 9466158
-91158997 -487259284 7914465 4146744
-373763244 -327702804 5615975 6300529
36829031 255132699 7217961 6955121
-254043866 -138033581 5324267 5192595
-72596087 -225979374 6567422 8799388
478069467 278747315 8274071 7967541
-214008135 17757664 3207025 9587295
354121734 -139871851 7456269 7701
-90041868 -147343592 308605 5422148
-234790709 183766766 7413450 9532168
-356281082 152357939 5671089 7209634
407307697 -227439712 6911877 7138129
-42521369 229707485 4897521 536673
142113392 -378608247 4813266 7431425
12737074 -187997097 6738223 5485362
158918967 287536722 9280597 1242204
-334906537 245132864 5336979 9328379
-110718 32761381 6851599 8046710
-72579924 402558175 9860804 3903504
286792021 -487481874 7548825 8219511
-47384652 -202767530 6886046 9773946
-240270208 401130397 5774309 9375576
-393335718 371667439 9509115 7823539
-368301606 -110189982 5826562 4477348
223788596 -139467181 7164140 8908136
-24802682 -128400657 5416022 1492151
331288002 -439366194 638335 1537589
418520371 -454463047 7794403 2492418
-12346451 232834956 525688 2406764
-390439594 -69798601 1322116 3183300
-484005878 -253670178 9479961 4928974
308351088 345404449 3952943 4304849
-164242025 -269109386 2616156 641103
272285003 -375961167 9085490 8305999
396309242 449038245 9370805 5091670
426036030 150211045 6458231 1884276
-118309369 132364881 3691258 8407911
43891642 -277849023 3930953 8991865
-121943353 236281179 9258821 8733678
-239031438 -25393176 5861557 6164556
30900789 -446923660 8024134 8115152
406557109 -173242559 2939147 1515146
270672953 -92577100 2649580 3268310
-107862936 -460778671 95606 6010177
-199160832 -111118233 8324775 7827468
-467161167 -71361047 375640 8956367
278861976 -327975075 7394247 7140283
-435026602 -356361747 8640192 7537272
96716493 471397787 4191720 8265517
73720951 296740754 1677094 8992669
-340775326 69418903 1311918 2810734
-56267060 133726878 4091820 3859974
306214231 -254086904 2895758 9116777
-155161765 -43021289 230563 9328860
493357935 87706716 3821052 8326885
30773485 497879198 6690424 9248011
11447462 261220268 8418058 6721095
-295771521 148756228 1964036 615619
346469266 -323855435 5074657 718174
-42943337 -239467350 6874741 5477122
-61844827 287456379 7567508 3190073
81667271 -155690034 796164 975197
445189565 42232687 1482834 8205297
-201981084 367462153 8643203 8936695
49598516 426968960 9247458 6740558
55216356 141979374 4087160 8353092
128149544 299841081 9608346 4394304
357559450 -178824626 4048412 2417413
428453559 -434316036 5953316 9767076
-241425664 136331119 6575513 607233
-60493248 62534727 7979833 4325887
145209326 349547348 4630090 8620363
64368296 -498752784 6716136 1108674
263889631 419966202 4316797 208384
396914066 -186907286 7501775 1380614
454908211 -165376874 4005300 8157575
165199013 -138923776 1363424 9877967
-297174823 -182966690 8184785 739531
475325207 -313637475 2952523 9982431
312977966 -136802398 459416 7331308
192294509 -311709039 2203676 7383161
99339924 112164000 4586038 8083807
-55332989 -344092316 9991173 8734423
191233918 -19785477 8993751 1868316
-262275251 238647279 3846817 2505954
-6670439 177295935 4568435 4523524
292170504 -327381799 3624299 8701522
269679056 267504866 4546188 6569028
207307887 347434430 835461 7910556
215489652 282199079 5668541 4037007
-144767822 323076290 8834007 3232301
-473756703 452657647 2348730 248784
-288084902 -477056114 629571 826883
-45266194 433192047 652525 5551108
-63739171 -342808934 2305643 7659249
51631070 -378407519 1152146 1872867
-57543137 -56412657 6460388 2330293
3192282 -251196420 1903674 37474
-391992175 -8988478 3736973 6980748
-260233242 -28468278 8617953 2153241
66990105 496046797 8989560 3655199
43557733 -35292373 5325314 3412059
416666690 -244569383 2170491 5298043
-66747014 -24067542 93239 4297073
-134785415 138405869 1891033 9462668
-250393271 -203407720 7825591 2278451
-359094973 -62503407 6173146 2819135
231737368 261715185 8672436 2556244
-15101949 -370049130 2706025 390264
-451963403 -289057867 3305229 779794
-152585885 -174148493 3885651 6993136
260997850 378576900 2951303 9980462
136672837 114279247 6716965 6296672
-51748653 496400669 8546952 8960729
-263198473 -491075844 7488571 1636886
497821321 112825782 4497132 851914
437003018 -356221591 3188735 3822599
-45677051 -338190013 4616254 7780742
252666924 208071314 4545139 1883441
450629882 -303328745 6416479 5178296
-266478188 198341826 3463903 1955748
-116039980 375755990 3841356 558647
-277978920 53130252 4330617 1595966
60756973 -436858717 691312 9437613
215373481 236511499 7841876 1666392
288434967 -199802838 1956966 9658956
-333470963 177626184 5576355 5429192
182648730 -10333026 8149897 9628763
-392803428 183711606 2140666 4750363
-136487058 -237933826 4556090 8505599
467978686 -321199342 6581338 189437
10731349 -209881577 1439221 1411951
169009594 -439154555 5067463 6591585
-245418509 139919940 2881491 997882
70656838 -35094643 6538654 8273962
231661238 -414013529 1034444 1069760
