2500
-305021730 422050966 809345 607089
376033925 202213740 760792 521746
153367713 -81129802 751528 302461
-420754982 -65698526 148982 859298
77636523 55022145 814992 390339
319709640 82399508 979531 93754
388247441 -479050311 767463 306907
-397143353 86043115 206281 777705
430310847 175968690 632713 805920
257477955 158245688 233302 844623
308836358 187254598 369180 989314
-476522592 -222432387 306539 201711
343095196 285139322 770010 994785
-398969579 324552442 956003 327742
363132937 288942756 11675 907745
458231083 -89118341 263346 815977
356479011 -317148341 733826 2460
-84737186 335126300 361027 155927
174341631 -189839201 652741 30447
-420845944 -372354929 430500 280287
-93723103 -77044429 339306 41370
101930120 -491600640 24385 516031
-61517162 -301194405 819731 475883
-154690710 -358880901 599872 67496
358075444 -368518291 509115 669122
375231648 -87292623 318978 897786
61815772 117024258 320120 898004
-434369464 -360990797 248608 179403
178804666 -133543371 421048 481253
223712874 -174752721 747873 793282
141200354 -28561909 606906 89037
179625150 -266986511 424945 320745
-415888382 461317361 176208 840241
-353558188 9265834 653266 101096
223495789 -130805999 934196 50747
134507957 -427670363 530168 279491
-269264994 463564729 607445 603432
-69773411 -470713616 382782 741663
-353966392 231757004 590803 601666
-329847731 50226209 951534 623918
-252518113 -267044035 991443 801773
469631923 28900668 158255 782460
-37691974 239329585 420749 141248
68147762 328024798 810105 768505
-259463948 -175146945 170675 840104
184496740 -141040553 281138 323293
224597180 283262136 396796 701456
296774395 -5172795 263869 905421
308403075 391562706 78154 473528
-72758996 -190835754 414274 31746
-51586700 329710766 679185 127751
357421525 466590987 925262 341896
258198063 -255843846 955524 428352
-317784987 461524494 496142 659941
465834756 231411500 536476 545276
-95256803 -260898061 304210 188697
-197518029 -95877690 120271 30898
-178968240 369531511 118475 706975
71860786 -88653167 168409 33457
-183655005 -264662206 723084 751340
148750310 -326110493 868150 291490
229282381 108602150 652875 396781
319223016 -115778597 626597 264712
-491243177 -103279009 228577 31946
-59957343 -4718619 549441 192478
479727314 50666693 919015 470510
-43487063 230718459 364867 58060
-208813744 -322499884 688735 941213
-478766354 -60589845 104802 895010
-290808110 -274700531 593545 357293
-322478791 -365664709 480134 551536
-310087748 -134966579 823477 827761
317130329 208623539 41527 849497
-99098341 -446971433 179501 835756
-227022743 -42603618 752723 418836
-385726487 -47529842 224118 620950
382470671 -176686838 376147 44006
354854470 -82157000 493134 725269
-15648327 117002243 983756 461544
-94116162 -478576836 920429 211845
-473887009 -218266840 506183 549384
374381412 -9637307 715696 616967
-385622171 -396507214 406526 963778
-303655397 277225476 873942 857978
243757365 -244700854 148829 318583
-129139536 -437271730 164134 861008
312744417 214005099 752517 63450
349208209 -371719162 237250 133099
139913282 -281812054 283497 895562
458091408 202500036 693951 764724
-254877261 -158411017 828879 245965
-457188831 -297169123 684962 402850
-172270000 120906972 889548 593367
188636569 -412086048 672355 730034
403686200 -229463878 203851 118978
264397936 276789589 978733 660525
-218366772 -101233904 361158 624981
-43166246 401085990 899182 956023
-358367030 -136830977 160260 67160
438324732 -162007686 552961 497500
-191438474 -273828006 702872 86999
-403492785 220744337 277806 876045
86567595 -8818563 994286 911945
-394917670 -146299557 545839 615905
-56589922 -87858602 151174 816842
-455988362 96745345 463029 736653
-427330012 453651331 654699 169146
261550313 -420739043 530850 126648
493636431 88596805 506162 59044
-150327324 -402117003 109473 715146
-294364068 -459883229 134746 97000
151722454 184612568 911293 77275
-82610377 -334443280 399056 502889
499697587 -429947411 756178 68650
250073450 -78446985 347504 485139
374532142 183277044 826641 327264
479474275 -437869376 406476 348958
414840320 25059849 746489 667666
-318029902 -486428636 465673 742944
41228642 -352702818 310142 428680
-172137648 -132068562 523169 375688
-17990002 -193882074 439882 850041
385510662 124444880 49594 222069
165296309 450285062 68041 707513
-284515621 114290657 265778 156390
469634268 418095753 607799 331554
-450868553 10737708 437042 166939
43436320 -389302774 540026 103212
463448379 45230764 625262 13208
418194935 -176280780 553185 148083
127054085 94282192 785890 566495
448113012 -183202487 686886 440308
323722731 281448376 362452 211833
-236945278 273152599 176045 632911
62868541 290907765 529239 373230
237508645 -233010301 537028 782022
400404997 -117098932 729027 812359
-68223810 446973250 238947 466108
-456584633 492783091 817856 20242
20467525 384110491 854251 808375
74215491 -370257159 550238 513423
-415563674 314215016 138206 761393
-423093437 -227851094 174074 833480
188674447 -248073200 412348 416514
-168864558 472813205 532218 688951
396290499 -9099975 266210 702591
341949766 427746609 958461 311425
469691404 -402731993 63289 488054
-126886891 -385212233 336151 627066
96520412 366871667 273766 657052
-291005148 207743576 384113 87572
-150324689 -267545213 870724 31704
277678611 -436583246 936939 889721
-121687537 106088934 76725 988716
-119336992 154484333 833471 459966
-166659160 369268765 327014 172892
348980780 -488581291 405951 819571
-399648337 402615168 490610 966419
236067245 -461534869 489345 559240
-110329120 -91090241 296890 802120
-464242804 -428929676 2594 243115
466751449 -147486558 15494 244013
-388468201 69244403 196448 493255
458189668 446440897 288669 320935
59133502 -487626880 568897 992676
-69237386 129258188 221031 821276
113435716 -325201141 66854 95916
95799667 -137507393 534544 78603
-76204099 -48799981 698563 634482
368420126 329766146 619533 926033
66173088 -491825682 879113 284537
-440808648 318410670 21975 650809
-174921448 380124607 287189 487811
-247766681 -85964411 526325 513599
296426729 -354659665 474745 198972
-492073140 -249448008 735310 718593
-251882223 -23875447 947587 895554
123725332 171813923 997806 115963
374110971 -93411658 503077 570168
488307975 -308765167 32135 922554
243229140 -326522922 122664 403638
1762701 -476011938 520205 756744
-437585987 -297907495 392537 831782
132884827 363370266 484520 583613
211922316 493237112 782806 756932
-253943630 -304595596 155497 890534
-75507987 66756528 281545 963948
-113441555 -341646504 762405 584383
128334825 360059435 201651 701435
-344338264 373685546 735636 795435
-344412227 -24365093 945749 949095
-132984112 457826874 893778 91783
283388182 -236738755 580085 700355
-472291614 -204455933 939292 287209
116946005 -132761192 698009 654905
-101052622 -417690265 258450 737312
-32373300 418247229 387657 941135
-168797920 56737781 386231 830776
-359584257 -110985274 320977 173093
-171955868 124073765 694572 756853
58944996 375626584 199740 277491
248993859 331917209 38008 996180
84222242 240652259 159450 456205
-487148074 -208040868 986306 739215
-393277355 279158622 125178 934624
-386986422 301245475 154196 440279
158058312 -134460403 634416 844660
-435368934 121266832 862618 848473
-343103175 336163773 648784 154089
199979095 -355983393 210684 822553
-307719932 458892271 733436 702561
38576105 469598423 531103 579272
314294403 -415158616 8769 470570
395972071 312118672 370909 209820
-47200731 458984277 498728 867065
-144963794 -394231041 342026 243866
-418813805 220496248 32163 280687
-298364167 55332979 66618 632561
-370903041 -484291495 281747 101829
214343286 -239232410 884065 592123
122285250 -483240586 223505 448989
-350221316 -266270334 676009 930068
-11974656 473075635 376898 498585
250642056 412783411 584620 258743
193686186 -245882219 190825 499089
284763531 -285417684 482106 60146
-67125344 -186154364 259827 994616
-271919448 325110419 759618 621850
356111618 -148521162 761707 404080
-211599465 228086537 767950 46648
150158547 165459203 398684 634700
98503213 -416918979 224887 570674
271841364 -162536475 943634 149752
-32704805 184050417 879682 658162
301032612 477900767 415038 992209
-89683242 338282889 927731 999106
421744104 -270126693 518266 79194
410425758 -213789721 725346 838979
-414265943 -355200219 8833 463787
232768716 306930684 376160 896790
188422342 -307313200 361212 232817
-484811309 -139667130 224941 562106
-77237764 -322026420 614696 797938
-208489327 108101349 63114 981315
-472270883 427501500 38924 750264
-87119039 -185388108 374105 36173
467816474 -197940639 299738 466829
486763087 -289016278 787803 647113
-325021686 -303759078 119759 459893
292972676 323270723 331626 64032
-163443208 -114828337 935660 831247
-388781383 77851556 351614 558389
-80646477 -277328333 62544 878302
-265757986 101695858 347298 898287
-439599228 318944747 883466 540655
236519594 -427833147 475455 112134
-36157241 388532953 24810 833087
-246896169 -291402276 748791 429135
192118150 444273778 512752 18162
85284136 351312708 927732 661500
-42536380 -286285257 584756 993309
-61437958 -90534490 593757 563464
353270681 476971485 778067 407994
484177917 4252548 965176 405815
412962756 7649401 798491 245288
-270711354 150986681 926653 552476
339546418 -214389641 957442 82351
393631558 41279567 153393 255432
-436566358 -156805484 575656 584571
221309546 2413253 745887 448976
-421623666 -318555617 150038 799771
-46753192 467347020 356638 718730
103622682 486872889 877249 836605
-247440719 56672773 116752 127183
-304255838 -243593451 984711 339188
291516623 366374212 187038 690555
78679765 29382712 613807 584498
163272453 77037008 275454 966056
-465381890 -113974087 48362 958669
-16602140 51426336 162735 764918
-143678657 457032321 638102 706493
491972466 -210537799 22790 115350
449080204 -215099722 391644 960115
-16175897 214795375 15225 424410
302629926 -19788100 923044 567649
-272962551 314899759 696245 561596
370463535 284031809 145780 673717
-9940284 299775006 151712 555528
128857175 401141514 608267 696605
-198117175 71400558 192738 36002
-293455775 342052227 631243 681796
-139791875 349527194 156839 104267
-445188764 125105669 442423 858768
429633718 -197763162 108378 568155
226969348 59761938 490164 645789
128262652 -171464096 148267 175814
-289964867 339465108 967435 246532
47004105 -377755997 757065 221082
-181681640 -381798877 944933 480024
-448435895 250965137 632104 777853
-149864204 -196082626 272717 131621
-34113254 261082582 659900 263216
-223088194 -334825074 115441 750642
-458825843 -176219926 448572 525328
109992888 -161619160 189985 52541
374621411 369141836 50591 45329
-419492043 -313660215 28238 934019
-160863344 447380937 667425 74627
119687130 406925849 482508 554231
-92450694 -567884 809151 854223
-360326433 416839147 525903 208391
-167009478 -10333651 313590 540025
300297081 -470490960 403164 423898
81109085 -401997092 656253 216874
122345193 37362839 415957 888758
122798261 -269310862 115805 456013
-495770027 -56320362 93402 496693
-498606971 -446476277 613549 272988
-133391566 -185924369 766600 542305
-376100227 124199507 287421 789179
160039390 186470834 479538 19658
143148901 -317207025 55409 77176
-61490404 -137981270 267804 100108
-280990583 -368936098 899262 695051
-375163824 213635226 878844 46603
228497396 -367648006 162410 768533
188795838 344945793 539001 386934
91228342 400168309 720335 427618
363206862 76423896 385647 698310
426707582 414610966 844073 214923
276602576 -28259864 727806 288898
392519195 312852160 742536 391519
265720213 -88697052 331370 209201
370733038 -445657639 659146 329624
281685903 209218706 367649 210118
-129859469 -11614780 227363 37
-203894882 -294597739 558917 46679
459383869 -11482126 133167 683673
-335698852 65157055 142464 722689
-140395714 122818346 570872 153574
-355075748 10162438 763230 352830
415067585 268707374 651490 402543
-83259816 172540823 278414 825888
-60752414 -78186961 498693 149403
6695720 -382757199 22113 620745
406708095 -244367320 924451 307558
-465540218 -124029590 895578 835327
493703311 -464842041 305155 394846
291703956 -90298594 144571 483431
434904056 -26523968 378802 241552
497535820 499208307 286287 791663
-442212930 -235160942 864224 917934
-414251438 309419003 487580 767503
414208799 -304147721 372702 547655
-75070939 -115356094 318658 908011
-326516068 70559796 844297 361305
362806200 355275529 355034 508506
369305837 -338276743 62453 896796
-110151596 -57251775 324980 934787
-149071448 422028961 857758 983139
410200433 409125135 22306 146287
-331568853 213080435 581395 651531
-245715208 491073539 441010 868158
421786594 -305658922 762735 294925
180762993 350513671 262031 420022
-42131364 -456827006 911081 268678
375582300 -360388754 106698 826519
-443630821 -273098185 779704 147498
369408588 -426164426 85268 987613
242350292 281414912 646872 655433
-448155867 42835016 989568 410874
-199701844 -67453070 85190 367628
-461038496 101697205 3525 418334
260375675 -145972501 997759 670518
-261922490 338446072 456506 175793
-250554100 -280072235 999877 502501
-255483088 294033208 331288 312725
434157659 63193314 933593 734095
278802381 -253385596 274299 744998
97027029 3294287 314433 680072
92717916 474818071 380833 959227
-259712869 -387619038 392835 570424
487819501 -260283757 513896 845284
-94566978 345345134 778728 620391
-185346909 -414135993 203732 160363
154248836 -449362804 394682 802355
-167788044 463993195 235014 304213
-235654495 -300991903 61701 833878
94076391 -253272380 712800 60800
486992029 172929112 709026 939541
-181479437 -330725256 254980 450551
-288722185 72112260 18438 286376
-260336743 -278403607 798452 624724
387502963 -262983524 786888 249310
-53347918 -487696997 162390 912159
40552052 -415501367 68870 894728
-326695786 -266938143 958252 851663
-218375709 -433414522 421761 135822
-422499058 -17811483 544632 626981
264863489 -118317357 723330 513506
58477118 170143874 30734 22604
-319235992 30650848 210255 908428
-371171365 455186829 971637 914297
-59698315 -288485514 220733 670014
489510520 -499516909 271844 267946
160582792 -158915783 842487 791700
169325006 -444288356 845510 28905
383708479 -125424779 761044 929272
496733292 -354456459 629960 940032
480865427 -331538551 971309 508335
325555902 -219863166 232357 448044
-91930126 38029838 264569 420433
381899273 -370712796 149355 550352
248485687 -74063941 840542 984254
383224676 -354550492 286993 651464
-316152797 58712631 732101 543440
-287098851 -152300539 102835 122579
94024928 110362883 709316 986454
-275656624 82226176 830636 608449
-38908664 147003953 605294 244830
12158154 -470005960 838622 413468
-185068584 185753480 528341 998375
-232044485 426549125 372962 330912
-3251296 15796862 748448 859859
207933615 137677971 203736 714992
433482108 -432755392 288772 253412
376390422 239458954 141167 973332
149360701 141174468 567480 379062
85315378 -126447874 530037 20427
-356271450 -293889525 873907 227773
-458023980 -346431954 838300 212881
-109044310 -123528351 878706 335560
160205602 199140417 291255 531800
-331004240 116903833 188911 57602
-441646892 206010505 83005 26960
-81380401 400719186 348202 463917
132501618 -84094783 27909 664480
7556625 -423242698 629988 823143
265564055 -239407535 563912 23020
-114479181 -411484104 137439 755878
130407473 -492681850 291298 513103
30394467 -32459053 853535 223485
-198949187 233555676 297617 597408
249092993 -227471281 50475 787223
352969871 33675830 103604 513775
-259884450 32955658 745656 752777
-138938335 441098571 228486 482880
220117623 120799818 886977 98014
228700439 -220678596 838569 652315
-314835741 -269107402 50795 613912
-198197065 -190269171 701592 208728
337158703 -316794020 205640 714126
145763599 427866531 955018 72784
-495037101 -417581684 640902 999659
-37432364 -231153334 595314 812753
461918612 297042458 479149 683182
60915834 297682520 320510 209755
107565085 323971407 956567 346445
-431903147 450893669 50340 417876
-87867537 -214182142 233595 618823
-403360086 -293002195 361358 68708
27952899 317859229 55400 539780
-391434900 -384471295 804979 30270
176198436 402614761 920084 376729
298816801 54266196 817777 744683
-115771223 197267415 818770 390738
-321916161 400568934 890085 846606
-235381189 163589570 159003 844218
86226739 -297270657 897137 453541
-235359595 -188064335 710409 96209
434346775 -153232845 32438 381703
260916421 -199332717 343319 769109
-379348615 -440702051 731930 339110
133116521 163739522 140066 796156
187343269 -387958462 707404 334580
26322691 158333609 389558 594541
-131846340 298907289 628127 150246
-98577854 -496990704 693997 916116
104725661 -475541304 84702 881558
157859928 -188241703 366021 230438
-262721908 -216872837 766115 723498
-387197050 416206314 140254 835242
-371737704 202475874 333536 745437
393926777 -321969846 847 407004
65510233 -40978835 999524 799096
64871302 277678179 132842 549927
42976692 480246420 335385 652973
121790016 44735868 726953 384661
-75459462 213920308 751919 560728
98768847 -457285109 411442 707249
163003368 -360279521 83258 319833
473934368 -60322599 960196 651851
-403751217 -487077112 661327 379440
432193189 406916253 926868 505389
224015617 -131931183 921221 483312
146913551 -411172310 468282 544050
-298938310 -88107673 306231 723035
16330548 -86849180 483960 679134
176344272 124937941 736466 343978
-331787927 -455101054 624613 664995
-26250384 -343289613 968890 103389
452458398 45884856 470342 97015
5181510 -18376366 878668 750866
464081859 -441530174 811870 738861
314248209 -204726357 221955 93726
309161336 -40168922 387700 855919
-255519454 -170971392 769299 958352
-454494346 350342352 542724 974432
346570629 129582469 133626 972621
59691405 13094526 970761 702714
91703436 100281270 31384 212389
6380495 -103666807 228409 517114
-478151912 -323567679 667052 636226
307779814 38369015 306166 995474
208309289 236471419 544795 514999
355749440 -384310368 137307 579309
-414281464 74427424 97759 810107
288168303 -343228827 841238 666485
419616044 320778054 475107 474604
407368884 174778081 538330 14738
387496401 -139874906 892230 325338
141536912 -200903551 123369 962114
261507632 -431915551 909564 192813
-132368586 -422267438 92127 9247
-466712031 -145856802 720212 59309
211730833 -219303731 590461 277089
78454554 265125644 512536 129480
71298618 -35235732 106347 168367
427392332 -280837342 202460 716147
123621626 108440808 215216 588340
-238027200 -206241982 184030 959720
366374168 -185213989 426575 195723
-162080076 355712947 639877 360065
378900292 123742786 908610 263979
-347943215 31421622 665688 169205
161521031 -398770085 435474 170046
-254784704 499506912 708886 392120
91106054 298969415 176171 673713
-474475994 70496757 66092 781740
238057197 4171241 988744 859117
-194614526 -76970231 832435 418452
282047327 253188504 706157 648161
378359278 -439714107 610541 527062
384701116 382191196 301290 848250
73293020 -25501281 541061 242489
-298179877 430819120 692630 447785
486990043 412780581 208209 420135
-418676146 -90630082 907285 251680
426535249 -410978288 693292 888099
357111077 -84032430 672020 469313
232373303 278368685 986932 161439
166468918 -224050361 311996 642372
248421235 407929341 50640 790082
-16653902 -361661069 565519 317584
114283067 66743088 803334 658894
-39861856 -339049911 104885 109299
-295948911 472910314 205281 196079
495402789 -444951076 787666 665680
400894642 453068672 690157 197344
180081638 153156040 511201 948979
-414179872 -296086068 841363 309241
-483782840 -418720582 242913 143855
-353292761 212296219 206307 928207
-231214015 198221325 75369 769335
338022382 -267801098 767131 229696
-132376875 96663173 713783 602359
-150972798 -498707289 814432 40770
-173358998 -199287463 87440 208914
-106649709 -308941863 734329 188105
-290405336 -391458445 569283 990984
-9987285 -17534516 68373 86283
-108514106 -360962101 936626 166560
370614209 -455148289 98050 951566
431025283 81657188 669014 625406
3568209 -428323447 570497 245077
338826277 -217794944 166180 742266
-33593654 -436733822 563765 387208
175830761 -187229695 363028 634365
373669413 217897965 635906 814472
-163738925 31346745 234189 903284
-474571139 153287070 12402 545696
99658386 398673690 589732 49483
-14938665 -134909738 312201 454400
-478602485 180993648 776669 822773
25251775 176414355 775138 239084
-30165652 -184567516 738407 801220
-151583800 -325131973 721906 798795
106486410 148147390 705881 997864
59505481 195193244 349168 894046
-306886782 305645732 644572 153278
-346955591 135910399 910534 849836
361712310 221738832 123243 549835
396379632 330101776 623880 699273
148899740 -105080749 451328 747245
-160006962 -236335650 365199 284701
-293249544 -330712331 443254 931658
411350636 313614574 712616 5850
225597360 -450990080 949681 959241
-434245390 -309009357 215172 691625
-309333976 239085943 344799 143754
413087432 278323996 698420 517538
-185640745 469177296 775190 500639
-231272137 -97072793 622516 15251
-131003812 -405846653 29110 646947
344728420 -266349326 544532 798678
1552857 -28393047 799426 250135
-164521542 472309516 299654 780261
484849196 -84336024 784734 572307
202265415 125542399 875518 736728
52087971 480060725 781819 688655
466949829 118832050 981327 332314
22525770 -258848179 368200 192369
82397857 109090527 326956 800961
-155084925 332222259 913670 845361
348010000 -94619879 340753 317503
-368151929 -281581158 561600 288265
-17445982 -60102843 132776 616616
-89356660 -96142424 538251 667831
384298112 -73216037 863298 298289
-226918913 -219932106 682886 277304
-479602771 -36012254 451675 143474
-376250167 -165669619 567321 403854
-498709689 -288452233 118872 358245
-124050036 66151210 166007 991355
-442462778 -164562554 124233 896868
-379794715 -308953862 153885 869635
-229496519 349073039 769769 964398
-365090135 312783518 561107 217261
-21521267 -235501918 821595 755170
160864553 181609025 275336 546724
41793515 -164338112 120433 640733
455536438 46914443 162055 640199
-284627755 -116319825 986114 7152
236770020 -414474857 765893 375444
-121963273 -328932494 43164 707852
355831521 -441853261 701205 182755
-134018529 324118066 953528 308809
242874852 -373830544 897892 731745
225566658 48339447 755335 837685
-323312398 -263330848 632825 387913
-223914432 114693743 254710 526541
-149038442 -411033640 661110 518316
-384187869 -222541019 239339 513281
-132018897 -408493035 664233 395295
359936969 12082821 432115 960391
489267453 -242916626 868596 382224
422883438 135228194 404920 763040
273208540 331711150 301331 423167
180780486 188545748 534229 668646
-277261014 -108259296 969947 550943
235622248 -304555607 830594 470040
-447441434 -345231690 816714 761292
-416468694 -391627863 331777 202190
-388283232 -468831098 193864 554650
333707368 313102192 105253 266687
-274840922 -418589820 21531 629939
496130757 -54082959 17882 786982
324150302 55740769 452269 229908
-478775513 -105310632 409690 107730
-111104874 -325119846 132792 417266
-495399099 229360323 871717 743916
440783323 80992808 513279 834316
236194586 -94047652 212795 531657
-185235771 -125480754 601573 517494
-123827412 -321762445 695058 976086
211443762 -367852856 392698 196746
-143534643 269301123 267390 432185
-77891301 -404262782 368272 764490
32393667 414568248 106264 42563
239532980 -21133467 389349 779282
486563239 144340087 567807 439286
-368541242 247661693 805720 779789
-393101717 -255680316 273632 464186
-45348607 -335701488 765816 750450
2883847 321692792 980158 390308
395107551 -367537658 112387 855156
38078987 305309802 907953 982287
89358179 469894840 151561 876074
-482144951 -185135606 79881 829991
-23399662 423236340 902619 587688
-59315042 -426274794 711294 163121
-154349159 -458626095 413461 248236
-248612074 153584331 812165 484770
202054490 214907618 911029 764018
456686502 445520604 974348 996811
-41737932 -40375481 332869 70450
386258290 53813714 941687 82257
-264195831 460667624 270104 166970
-95457707 119763749 886135 81101
442959270 894044 565013 678797
315510693 -233914700 686685 150992
-388772771 147158509 200513 420496
-457538835 387988672 981107 186208
57539529 -301770651 538877 156472
-18443352 -273524690 239230 232305
229054734 -324862639 876482 219404
490116214 231556291 397436 43820
-13753573 42262335 280034 489380
214408803 210887525 678629 987627
489836521 133029323 454700 658406
-280143264 -40454229 385978 793339
-65608986 462984325 672609 366622
-34459234 -352384388 350424 397790
194195206 -154308047 855698 74195
420812525 -407417603 580147 976039
-175905929 -46485302 585120 41724
311670845 -229158513 590767 576889
222063505 -236154266 980094 306676
427392479 -201429090 68669 903024
-458132877 213450096 664837 964039
-219129274 32626953 967786 201965
-474755845 448711631 578848 697546
-182732081 53723644 232554 629539
-239177917 481643616 816800 64431
-403100385 -109212930 625414 359845
324268684 473763169 992486 220562
272548739 -486153821 394075 160747
-332010477 -290874294 448945 739979
-120005977 63780839 945268 139913
49477392 -332200582 785671 70219
153405520 -36936840 790205 386773
-93196050 -494301481 224131 754354
-317497153 -92431589 211602 898723
302624521 94977101 255896 278788
389225638 -122675443 221588 262078
407790287 359327437 892448 823628
-183415443 112208642 905242 630949
-419370379 -355613470 986649 528458
-224530450 -440715306 370402 972241
-368730403 377943962 264580 464741
109267931 -400929557 839998 347929
-362060173 -436513745 734111 993827
-449729873 -335788809 861747 412172
315979656 87943850 896062 411520
2915246 421518314 150001 270835
-456284800 304136714 172366 444710
-190145048 -410046059 477676 116713
395689112 26698796 421338 6945
342942425 -186836631 369852 794349
-20024021 -336146047 84148 27048
38552433 192074770 538324 682555
-342376905 -380677820 129156 814643
249607244 227673471 176975 147521
-363314266 127921724 110216 558490
-66572334 -60812842 227839 557654
-327467706 -22797086 760343 434214
-170337027 -406678692 760504 841022
215207311 -297611674 207556 219938
307022200 235377823 765616 625199
216607444 -66199731 82208 517086
-486387700 -309546971 619310 18453
-224021079 -389682247 258826 478889
-170652343 -80443265 191355 744053
-443537490 130314873 334340 785872
-197762060 68583302 45921 969837
114242011 357073989 888817 682260
124240706 312556962 48301 965561
-398276939 435610878 566870 388342
-445427427 71601964 432362 422807
-246737893 -248522708 890271 671064
117329713 58346222 863273 330516
-58131317 180899947 349969 536302
-67851826 -460569460 108971 649156
-28839010 -216234829 303759 70295
450680937 -428348020 157497 882667
-248611210 127201103 354850 646394
274046728 -335397534 116532 508339
218274684 -362952749 300872 887000
71195256 -473679390 972947 497423
400108312 61774404 345828 461810
-447444161 376196116 616073 451796
-305106160 -211260975 436946 433462
-34313174 261703020 752529 801309
-151018101 62578415 984473 362051
-245516608 -281613515 12045 134376
104432231 -481599265 993862 868386
-199815141 8101052 227084 898702
-427222592 134612547 115696 724449
-244591252 218912317 627017 645788
89389554 220960127 656329 296606
-1723380 -166832683 201147 913171
294656548 102188283 942299 723083
113798085 310504656 503781 187272
-393666722 -94755829 595690 683700
-33816403 -38415881 619894 986326
-236182573 466860250 424208 991105
172648913 -448980912 745115 901844
82695239 485258465 55526 961128
-266276521 372086076 838046 940434
305148328 191748371 922787 829269
-171646062 101366198 444263 56872
390280060 414718802 592158 390602
252961509 432662099 958775 142647
-465723770 384132753 838979 610154
-101133120 -253766576 530799 319756
-420095440 -15567763 300375 995692
-453653505 -254444453 824599 909904
-271285903 136802078 539238 217251
19553593 243451118 443169 939598
-10553612 -12423959 689260 829721
273172881 -19508410 119723 582761
429384170 -308404309 837955 698167
412636847 -198904503 805476 697044
492290614 443169306 154303 710515
301653111 161306553 427797 868493
-258644176 295595997 91371 918260
75210355 -316340647 920568 329619
-64538280 153287106 950192 783817
332964784 478748702 364198 966711
-255174426 140222707 53153 544281
431952192 -128291358 782927 5148
384871965 159111005 683727 578850
231709303 480582936 584225 963280
-371396140 358890634 230763 554338
239543231 326440591 590856 919558
-402806950 175282286 767807 620311
-77064976 20039853 90868 529669
63609703 -31960929 841131 41834
-326483247 161399441 609387 965706
375821965 -356215509 805883 172874
-78479277 -457484274 521380 768048
-30896635 -406750710 389464 234955
127218807 93452997 875515 4875
57644184 -6732338 232678 134837
-258164732 301371801 864995 717162
-152214584 -452400617 591348 174929
-391710395 274517234 10510 674852
-432225491 354980706 227491 815316
-27808597 58531247 249885 752922
424596639 -205480381 93030 269595
-456170233 -251774869 531556 842871
-147793287 -89627478 77058 641455
107311052 259226810 758570 236528
384209879 -191557856 415951 366272
160097105 69536933 262852 21848
-343395320 -432898710 47054 810438
-302053702 170386140 38753 929454
271002421 495118297 452492 146524
159870149 -264725121 754953 568144
36143665 -28603526 852544 44905
-288513222 384763222 355237 496212
-262173582 274890503 352494 213987
281762527 183102129 282290 725828
152315677 -293186524 531865 469448
68522142 -165970443 466740 122959
39631122 488353338 743078 7442
-135344158 405981409 850495 947789
208131541 420942765 14185 32967
-221145386 420552655 867771 143679
322603981 322677533 659307 560437
-1196375 -29953807 527968 508242
425951871 -230731103 609830 4404
468126668 8438166 259643 54298
-235844906 465065227 888454 642345
405492785 20117348 130919 14553
-258701528 461975464 681087 822799
482962845 116888339 628983 92613
306447103 -322673313 453229 363417
-384761252 -73097209 219224 512400
-426832278 -475988364 712329 799128
465741063 -326033910 526475 986260
481842047 -60736865 157722 936285
-277738875 -126192601 810224 929728
-86253628 362492483 872840 687190
336376437 283270254 341053 978434
-273389808 -405750593 418769 838663
-224175585 -483611301 804170 232132
-414979539 -390247813 315767 370188
-274169634 -167999210 636049 732774
-453653224 147116587 596092 809566
375925343 425523885 82029 824966
458747711 301461514 557605 479244
385740002 -360948902 249307 619705
102901697 -580831 402423 520452
-455206025 -18551359 981115 264145
136834993 -79300481 481852 115017
81738818 47724749 938966 158868
323273343 -8248770 518907 973817
-35248418 -305177672 519439 59294
-442841270 391037907 105184 957615
81744448 11339959 88824 309126
697646 191862929 779436 988877
-348427702 -355286725 592307 546108
-345299168 -102548853 809703 222009
23319541 -246545648 421573 897802
-422219629 385417070 430906 880751
331322211 -46516691 127645 65858
-326989584 231595806 474133 752020
349429045 -367790816 97244 307206
443659119 -100843378 745829 598471
-88889074 135360585 120730 311274
-18912419 449146045 440034 452545
-104870062 -124504719 727070 657718
-359805678 -102869550 560763 142037
-162734990 46019327 144938 201241
-84390818 -205724040 880928 516800
80373670 -263940062 810611 624855
-124919713 -73641881 862616 996911
-92143625 369976954 376054 910124
-423346215 422655672 631974 901691
-274039623 -86688982 110026 163491
232114300 -209057241 561351 342325
483398855 267307798 915616 111070
121729571 428615506 387056 281627
-181202998 -445265114 87684 35979
246009361 491130103 965843 250784
-78738575 340163713 181274 244719
-383355853 -325157319 282968 992360
265280184 112847058 3683 202399
338052194 226070748 146406 39176
204763939 269177990 975288 409986
-283241056 123931012 83801 46602
-405638143 191594252 63435 171600
367344472 -487377414 130763 751910
77462955 468457235 912874 459733
-374959969 72322918 689869 904074
-262010685 -495963442 778621 149934
-131969673 -300768107 187820 664211
144293240 63617587 564293 461514
-395880951 111266868 393582 232273
76389054 -238362313 314205 343593
-177902616 165762322 20948 837062
-188991592 -275920365 97082 543648
-373747374 46742114 266776 412327
-383479216 114943874 902189 288531
336267887 -78086154 374062 292249
160823738 -269383936 552541 239865
-257667950 349362820 614788 957364
269945463 -222860532 385678 174876
-411240075 148711909 770627 417283
270995501 247892253 545557 57024
-380175536 -253114740 143362 568018
211199428 449298002 693504 712292
378598014 434884701 236384 81938
125632081 443409876 618032 679131
92545261 -338165961 135390 163759
397043185 -254877014 859508 12950
411391594 240881377 704799 282608
296777705 232749367 259354 809815
455605568 -352916258 182972 239584
380139224 406894897 139226 394753
-112064218 156144089 350860 392057
227383775 261648537 47552 339808
-85497177 187524418 516253 350554
-301318569 -12895928 488481 658661
398036766 77193363 192050 368717
65420566 292086679 89671 766403
-470654511 -264171010 656948 866548
-359338895 -457495010 387255 836893
-93522670 -99498522 671455 608951
347060388 -363094706 56944 646088
146480235 119577314 841071 743188
464661280 408187703 699154 175011
-90953163 338084873 86167 313258
-156916938 -226274574 162417 384729
-150020789 444452809 61852 551809
134597338 41598613 978706 840543
-40431799 311323437 527702 326409
-420426527 -457993107 299245 263475
-322608946 199843607 796140 435550
466764099 -385461693 547629 570335
-416959558 -326294652 243931 304328
78934873 -473469287 732909 313333
-373695632 393901773 514928 891060
-367108577 -176018964 62588 150482
25899797 203735266 572808 247998
75811955 498565617 893722 443997
89691086 -10733938 761687 768489
473916755 278995673 753336 314502
-104223994 -47499592 780765 183267
92510243 -142198641 703036 506761
-336841051 -333086819 721906 147972
21160676 -111605770 76794 562922
-169890471 219700249 546619 935436
491720830 -468980179 931387 3577
200241360 249194205 133746 512809
226280694 200926156 455353 573197
194207228 144282551 820385 785457
-33050184 344473638 430688 328074
122155853 -170147121 17895 517410
-360442419 -39991161 612815 844829
-362345222 -110405659 683121 32103
110904181 -478745261 321084 966649
130922390 -101167854 409296 227314
-195180046 -56856448 827351 104171
283479331 -246691781 295990 62687
314572075 473258957 39158 623250
337752194 314884468 206847 353821
-59170085 -10584740 120367 575425
-149469554 257499166 201770 997785
-95514007 425164878 105738 212569
61095810 -119129061 71851 577354
388150391 48289641 526334 226546
300129746 106584461 351101 380706
335354504 419160740 241145 121884
-367299428 -245161840 595662 980638
482083297 -469351535 381881 818575
77790428 -426483076 831936 402181
217896903 -98536806 683215 562417
318337970 214241567 475555 525864
-220754364 -420552034 178958 576161
57401860 -295857413 110945 363428
-139149199 -194999715 281887 272138
-128766032 98728128 90581 376048
341433751 263605969 107078 548596
-88114463 -200787559 940148 716665
286104076 -156972019 801350 201553
277394272 -23897676 181582 775740
439113553 -478922452 521418 353326
315478817 -89847231 126127 550022
-475754303 -253335637 729768 339611
-78598027 -114708246 35909 133951
47133912 -202299485 768253 341273
-416186211 477453369 691488 914020
153817630 -394831897 720807 650548
499336802 450042586 90049 263922
421674781 -197917519 700553 184264
383243952 -132277389 947320 709093
-434054838 16700256 118325 286070
-479933078 -461055613 380348 293965
-223758058 -66242197 154154 529309
399800501 -459616781 999975 175970
-858742 -33832132 442224 399454
-137188932 -31549506 140285 585000
204774512 181729369 962010 842188
447413293 299939508 415834 504877
247860756 370193732 654518 914143
126380836 39386210 919 158862
-270807529 285951705 69845 493844
-436267894 466736690 80892 315427
-244078333 -439215572 463249 324477
440151963 287174862 767009 793249
269088131 -448495270 817427 125622
-223063059 386683105 719165 819291
-292974258 182116212 307366 656834
-385685319 -456247972 463934 739098
135603703 367624425 452229 458500
-250227339 -7069719 34334 356440
-97605498 -395054658 611423 695947
482343371 296211227 175624 961146
10813358 -436735653 571089 691413
-307715320 490645374 487068 428267
369252835 122814144 73930 13901
425600089 59776728 272554 700962
-179488357 68871114 695115 89031
-92703474 -131691159 183346 78496
-8495729 190920301 461607 156544
-307840297 -383681236 360426 54193
-227153158 252956665 64835 293728
194636298 63003926 525879 85800
-219202600 53084758 713302 935801
-20367398 -257979151 5605 621289
-319492790 -427095063 601991 115618
259384719 97681891 565840 792107
76766127 164715288 203183 7639
-83476952 -430531960 959580 427875
-251012417 301459279 545986 992472
318519677 14782918 282771 996427
-466790515 -191560008 710369 2661
27860825 -164436477 19453 492965
231139191 -91741742 112174 307703
-317418022 104909116 573659 331640
179823691 -78720595 465955 802283
-71304273 -208794103 886404 357499
-425592274 352940117 856073 35246
282664122 -476133003 481777 383222
35503936 -68261616 944286 63654
-119021719 453733775 824438 494722
227398669 -243904955 744602 833583
-476265675 -403966400 559561 685772
150644670 59143215 479635 555553
340419219 -323039977 766409 94235
-468381978 -375775221 69586 93881
-494894876 418965404 267218 380869
-119751412 6880787 316763 745941
-125147855 126275914 30851 164925
-437423202 -158373337 434448 258772
-289756077 -406563569 166113 322607
-74010142 -179203067 580323 492390
30077904 -268323139 634234 421041
-41014823 -198764415 303861 631237
193743137 68712932 584953 679482
300012248 -55820677 474954 739150
24633613 -450205268 489593 422210
367941930 -3860834 674154 930530
100947984 328971088 854401 353570
-312450608 -179273531 793257 138340
143050845 -102952960 884630 135687
261549632 -209800798 395193 599958
247421683 60156816 722492 273667
-459980276 -454568131 990406 997076
279105538 433173174 971219 543415
-352636642 436499371 70838 123171
437556622 -364078818 775740 984908
338149528 -126745177 459313 527106
109702892 -282471839 295356 275239
-18123659 -148346268 342987 821763
-169787071 -43170249 65638 529683
203900196 197644928 266417 373579
-467651864 441667957 772321 839828
473618381 321896115 53761 485647
364862510 -452387935 304747 799107
96616146 -76931087 817698 39534
-87583675 -97576114 756348 234467
303065326 -183590378 690005 193598
246304975 126537812 851153 752242
-394541984 -113579080 327303 781317
-159117618 12974139 113603 27971
-252459712 -485663938 407957 657509
-60532171 -421151682 744838 690336
-168983287 -323129034 758374 236743
277553047 101895314 975041 814877
427506679 -408060213 717488 976571
-167764376 -437963869 149067 582746
326749513 -53110017 423676 892158
434139458 -184611492 950959 717056
-140456576 -251849233 759845 720950
376552989 -135127971 783336 972864
486995613 -100889068 19673 125490
238217876 -99069628 992613 250329
131923326 -18082219 74796 713832
-207929881 193927685 858705 536545
219307288 249634669 941192 654324
137411163 -327391369 336791 684586
-4149485 -57168517 140636 788972
335565417 328220944 956496 283211
286893959 -123479582 382524 115052
-287574070 229548829 295172 750412
-371234812 446578478 91124 727364
-440205495 27463625 291930 547936
130934359 105078790 213822 217742
477920671 425378982 592575 566514
-167481868 474529908 520588 453719
-432238641 84592327 91067 362943
-335140036 457738276 327817 529243
191250021 -470471424 720111 734038
-235665735 -495972190 143453 401419
123275961 -169385321 148512 782753
-329719130 416727049 720492 659159
-52880892 412033462 410700 871278
316415297 -34463510 354791 978215
-390784725 485597881 885894 162815
43014209 26559860 620255 541685
319096403 364840246 705728 426153
107359157 -311801442 378837 486304
-313816545 -364255593 503574 248804
327177508 1974354 349007 949448
240455757 -49437099 92877 553673
-444085038 -117112915 676642 397648
75886836 -382308289 681942 59861
-331166470 187907389 65066 958301
-283505723 51246260 217609 373603
470809362 -32548799 452622 499349
122094924 -106756892 425068 936373
451300108 -439009812 38462 908128
-3373010 189523730 853868 552108
-300277103 -7275102 903414 292010
81941610 405701332 954272 905419
-368850875 -33841863 449531 136606
90649754 -357680815 683275 257271
162813704 412814649 929626 982636
-323208399 472934785 586008 906233
72402737 -159609572 916397 964675
255446129 -165454564 632569 796435
465914254 -308521514 595863 99939
278628732 270950617 219972 597114
-161273683 458531867 926054 188115
-473234504 -34040854 210250 535788
20080519 341219680 593717 204557
173332753 -117020569 236646 719439
-317558893 -362517240 37302 152981
-265359787 -155784726 108981 355128
30577658 -484042066 325307 170936
104226853 257341415 584477 95676
416265529 424928441 867899 19911
465036344 -59357683 992375 808570
-95433011 -237612178 141824 155648
-481288859 494151043 588428 344281
217528611 353037702 532454 797102
385959000 -9033458 766971 262180
484770579 301024555 658260 155238
177589514 203443029 994268 423148
364970767 -118292945 386629 630083
154532917 -75818080 729328 222184
-223845278 426083222 667673 293267
219690238 432034321 369203 89024
-47800731 -26748405 973358 637119
-63145908 -372397931 375948 783211
-444994617 41335420 665669 369895
445073232 310551379 704340 45327
-286513309 -34969165 451604 608102
449073015 495341424 206380 892811
-395198789 -149368065 691829 964295
6641207 -192881012 176872 276974
-52104064 -83186645 571625 442206
460385559 -495715671 247461 77473
402216053 -153951876 766527 315003
12023371 475203769 563324 689152
-494300979 51409992 85568 513690
-495899171 -318744052 826916 33344
-426413035 -329742611 313979 853004
-172873008 95748735 467567 771323
-82337950 168797012 88905 167168
432511963 -354678002 205893 112762
326889971 -358301442 627580 943377
-377832167 -296995413 281811 709769
452019539 238146027 832821 491516
403051897 -435615144 495838 243920
-101855612 -194644275 8419 165874
-324574354 146669351 138053 14111
491226656 -58328108 542453 613333
-404837112 428128524 884380 611812
372787120 126069863 322508 724365
452072188 -119599224 995208 356485
-405007616 497365227 752090 509948
254071481 453025644 731317 219849
242304962 -158342308 678961 473471
18868420 120663501 424944 138793
256345882 494594099 240937 33465
-237963164 303194258 2591 397112
-305664635 -321325390 348409 855672
-169885845 495832491 330449 215549
-155390372 64075893 711988 800050
-174186491 69625237 631507 852310
222119788 -107874044 164702 611229
285519676 23389611 260101 827710
-222010127 129869392 492587 784431
107276673 133341885 375809 508507
32256533 266818960 743313 400707
-370590252 134651039 553751 546798
58814170 434962437 723593 765582
-467254201 -157741619 804472 116721
76701556 249009210 904078 451168
133183553 -328519503 346999 744920
251139722 -312659644 119581 84514
-78646088 -73467684 476555 501841
199013747 400678914 229491 705368
-253832075 -423449846 649605 727739
170997852 142119184 963230 111381
-353615505 -350508650 513563 749895
-339515334 -299690388 406657 862768
-376407200 367549506 423292 913140
-239698093 414238651 434929 227642
166219195 240090770 759364 760514
203884435 221735623 680445 410614
-461130084 404743791 232944 737206
278272686 273478209 149855 683547
-75408605 -440314534 282055 809110
319483391 51750808 241988 374830
-462276770 -38696665 338259 488216
498569741 -467751765 665842 584942
-187205323 112297571 816847 547955
219314632 405207567 278228 38084
219055410 70126472 380586 777307
-349759259 -115471576 545361 698259
-177626070 -310938411 783024 863169
61435104 -112593243 664082 721954
159022589 434583966 997057 417652
243973315 67748502 640061 249762
204656770 344847161 517401 598551
-106997501 30033705 210867 769332
-407275624 260662592 21326 21532
351163633 -42562611 697388 991533
209480652 462760590 862600 342076
350244128 407546529 863889 436722
-365882438 -39083741 572402 450156
-343523892 397318332 341402 551784
-135112983 186138225 514692 786156
266894381 189219367 346097 475415
-445344646 366114487 741890 545438
-247921756 265019187 941139 488143
-226748282 -352568038 524062 577559
-254772752 -315627091 559543 55180
241706005 -410678773 870616 950776
220193536 -410890783 184747 109208
-362165139 -135289028 964214 956672
-41622203 437621119 738081 60124
-258648395 -60995216 72356 29905
304981226 -237133204 765969 264897
186933098 -69347653 896123 487917
188884754 122913534 808450 770358
-456280664 98457797 411708 374140
-498446052 -38250435 304898 124135
-176125344 -347929850 493844 112388
375535073 -446916573 190314 109063
-269256288 -5741301 184408 87343
287762162 -286549028 143196 610375
308634064 -297680209 772168 365512
-408262692 459976198 154182 540956
199314161 -293284254 149261 366717
-437101211 -42383630 206431 350908
-4515362 -229083291 795324 708062
-475537715 -455903519 560871 650208
410070412 449133580 870290 324572
-130481904 287675975 797352 386628
-405358005 50711034 827767 786186
-18387935 484665354 720505 917730
-177988860 346884711 706365 677599
256147502 -432652349 753271 966714
148693626 310173789 83104 551666
-325397280 111991803 301643 915597
-396562805 -190697226 915014 219388
139658905 -215726993 460905 277724
-383094418 119468960 198782 953305
-397077579 -195211187 222797 811117
-87953163 169579608 313026 444550
-81049141 -427493260 452733 9862
-347926070 -236136462 507382 225316
-261127956 -137083465 2507 362160
-264201037 -166905177 727283 195297
289737498 437689233 802676 459536
242251428 -314862513 545559 631854
-432584685 294471029 168865 619928
-83569223 14855310 1046 133138
-172650807 -22810907 25475 575393
-387209177 242338544 289176 479430
-150790568 335061594 72493 89751
9710233 -332833108 502245 192315
407910155 366755479 447600 328897
387368971 -135744544 999850 978782
172216992 48064488 371873 565377
-225458162 123884759 462644 654357
-262961017 -139444891 930262 160914
458119425 405758641 413312 890532
-409836498 -356287960 298506 98202
-168924282 448022517 868539 812808
-169534803 272665842 589399 767642
-352774172 -302250956 933208 796410
30667225 -237713712 943684 433819
-124590655 11350758 572146 745328
286805474 -279916622 615237 570663
236407317 494268207 32091 594682
465948038 50330848 83475 732524
379912202 -473844876 29905 985482
-366453599 125489189 935315 268561
228927514 -138814543 216738 671485
49484758 -199033101 609827 938927
165634724 -201870050 84301 531001
5523404 -235134059 330997 703945
248441383 418834281 661445 785009
-127927957 449914991 153163 945935
127520645 32220669 410221 593886
202186783 382144834 734907 447895
-462419391 -84385380 696581 156628
-314938266 223736810 6628 638209
-271585318 124993012 785720 505488
-146689132 376450699 126080 192291
-80862522 403469755 777291 802884
-264008925 -400236917 488617 895967
-402009123 -122102319 815039 579285
-58337972 482324756 467119 57510
-105329043 -421246930 317047 832102
287151418 316022601 21346 558423
-81619128 397477556 383722 276002
-38268698 -84644807 698545 843482
-120719803 448684610 264543 284482
443234954 -176909653 950335 948571
-493185936 -247852443 120518 665951
257552644 -486058660 199830 730377
-108119200 238172937 944360 473077
-333014555 -382298076 474900 467811
46284567 -111023753 984320 819227
35372053 -478474290 567523 281898
200944307 -415848693 192245 302858
-481517770 -23629226 82613 341344
262279537 -50920619 145182 653349
169447209 -20560632 989905 225321
-316875491 -325809196 531639 83817
-430404885 98838222 400323 30319
-299891700 -374188100 682533 48528
478017040 -495599894 965986 608664
456808520 294637376 387684 1075
-83005949 288847555 542397 916689
147569708 303408263 174810 963886
387185423 -267429806 634136 64636
-82255812 273139151 468977 593646
-2835324 133450604 709263 369763
-300115759 -253171328 770414 159411
378576636 -320337718 839934 410084
195844093 311470382 403628 625484
-373024503 41498539 849264 580803
-193583375 -169062083 49093 985659
-368185638 346437877 87314 311750
436513536 495190258 663508 208517
27093726 424003280 355644 513639
470813733 -461163347 22195 614208
187232968 166487257 52733 111746
-390658508 75882234 14298 827550
370032792 139098185 108393 874357
391522155 -285907703 835229 265270
-148394817 71447288 316460 98525
352789154 62307388 825709 813816
-317088662 147888511 786131 848152
356008646 273907252 268742 437281
484201567 485965049 642463 811393
45659434 81141781 443072 798973
167582285 -24452064 735374 717927
46545067 -375955262 323277 242220
-474332146 231182227 728534 166217
-78489872 23550754 878327 539998
-383840538 483483154 404967 255003
358468010 84545630 556516 887127
-143776061 -114581590 126527 713364
368033823 -232152749 982251 906622
-202330793 -252400314 596364 305649
-493066028 141192349 274498 156758
408931464 -208630888 780298 234002
406459370 316649079 8213 366456
255389206 298167288 495539 546894
-384483823 -379462291 817518 917242
-381261013 -324947335 944884 103818
97572221 -362351513 340204 86941
-243976558 297064230 15337 844528
-24337374 -59818011 9340 100041
89734394 390566727 471779 539770
-74148873 -453194429 273120 146642
316523676 113432292 69990 187893
82725879 -192913174 579895 520873
-347616098 -472092511 817664 78484
269111170 4093726 323958 829059
-372980608 -234916772 947538 468024
418418333 -23174373 376141 876920
2939544 211818011 914095 72880
-410495549 -99601240 148422 609573
374865907 44697252 287529 701654
-53106030 -121716435 88794 171182
-288654130 -50138646 289733 782307
-117993225 -46871644 92014 855320
200900458 40689669 176999 395435
-191603070 43898084 543932 651119
428014956 -209890958 903821 283397
-368783951 -298152649 908648 793189
-105736129 181441876 221532 725415
-138137839 214841825 310524 146175
73746302 111393141 646962 16838
461210908 107838659 859389 907507
-150276274 -287130527 299336 37480
-150504079 239138980 904168 471017
134454687 -277032536 561714 925735
-265466004 416969782 357115 251754
-35687398 -485789219 470062 571929
-299444637 61806131 505071 88394
351413713 -100804679 760192 267319
-244818879 -423385580 247293 644107
264390190 -95036520 390366 55411
-67304752 294516362 161194 174068
292886765 -368731739 144328 625192
-45769352 312225559 705759 636975
189345705 115353781 757318 740514
-284769549 -438987089 674725 195542
-309314794 206176275 591682 476136
-66382749 371800065 799353 523762
-131438455 357360216 938431 642873
155064928 414611228 724922 285932
-242221490 -105052763 785790 790214
-316216028 -376137440 184990 267435
248812002 121104578 487286 453420
-55405805 -346837224 534229 684266
209662915 362350717 249093 794449
374017054 404189350 875705 954246
-145338457 201494871 950227 328732
-226985928 205417166 195519 792127
-330138686 -10317362 421555 439250
-333721772 -167352446 961719 542067
448072290 126292723 351107 743007
-289755956 -212207955 660529 578280
-48325043 105194679 388880 446603
-132429680 -223613551 955326 691915
-367039912 -215582017 706971 824454
22605272 -438608605 313676 441046
427799743 -63719414 965324 991626
415553242 175379852 180836 491674
-439625378 464443785 554676 565398
427104219 -148643821 526197 362532
328147449 400106518 707635 662453
431298811 -167602336 556855 70854
-292098296 478282125 240456 392140
-248335363 149832586 223778 815044
157862577 260251812 330246 785304
76074066 203382604 478571 932971
225764846 -424122007 663570 695106
-274718706 -339192742 706615 918670
-197819267 -249399673 340451 106522
-268387802 -363410782 529566 189645
118044443 -56749440 250818 7453
68961458 161094030 620076 280593
-33751606 209551601 472587 131440
373670187 -349553346 495706 404875
-85811189 -165236183 938596 958574
238309328 160018263 787130 725221
-148083019 -147922447 662135 137115
117530245 -206007326 104733 742534
458365497 -161737923 55206 759276
-314168587 -223104168 595578 844807
-82301475 8915221 833660 720144
387876459 479072563 907721 460186
-19899200 -295675599 512734 598667
-267821796 259388122 344022 822391
-19666830 177012303 539034 149299
362066299 259532846 463474 13234
134234660 497495098 858039 198214
-475381937 382574819 857912 94979
-103413954 244235174 395412 181732
80980185 193532297 991377 323739
415995294 213154240 191516 682057
233502757 196528796 543626 274192
-87246955 450842101 835559 96972
-159579659 -263519464 282543 128453
-130524588 -286316542 563423 482731
-297604436 382708824 367486 140253
-457382512 -49894075 959728 378993
-268939764 264084283 92575 844540
-394364521 314455904 86799 422496
127918717 -164417792 838141 26669
487112706 -152273433 655686 361431
465356238 475911475 843986 948698
-66749852 326680901 391710 875128
-334145731 -349507375 951717 829150
157998442 -91599775 754792 841574
-118223341 -409445274 112649 806466
405811307 341635602 25966 652217
-356540909 456477176 613087 180598
-100687513 202137158 656576 110381
-173190673 464508541 898845 515178
-207114886 106829188 433612 344946
-210494253 -275662120 813503 796360
10205219 160877281 514792 839307
189307619 466002016 639241 963388
-228339845 187761413 810711 395294
164762909 -204334583 6646 839800
-217336727 260289539 192818 992441
301644298 -69422054 719846 303907
-188119144 -467857660 335025 658025
124448593 297055582 783870 390758
49150318 144145305 372199 978266
-49807727 18092018 391618 443996
23370047 77110674 585436 876668
-446819717 462722449 552738 412368
-353369268 -465217070 614257 486157
387890384 108150347 190610 712644
-100779266 421015188 26757 883200
240011325 -81820718 183214 307882
-274075957 -474434498 595306 190930
201113242 -185214175 602563 762985
-489969227 -463021272 540843 639628
-143630862 -273916327 921634 894482
-178696396 94529894 243214 59912
381599221 -335732420 844544 991530
-489476746 409584212 137974 706302
70248209 -91195751 310458 238798
-242835286 -200457231 366183 814400
278316612 440693706 576595 633392
-39937113 365568055 47136 684501
-458495212 -459186102 723290 475228
-200397375 195686763 635463 528868
-104940034 102733994 117140 398143
17785595 201469486 677777 322937
-159785998 134145305 774033 889899
380496543 -360589859 841022 741500
229931557 209258446 542658 904662
299760619 -243922963 698293 302474
-56749552 90501347 442593 622544
-51021940 -435442167 500206 322028
-428198940 -183634524 732335 572011
-293721463 -442692050 452359 867341
199036623 -69461576 602429 768838
275902699 329617658 292854 171670
402689430 342159257 140922 967394
-306920659 393181668 831609 62743
435496872 289826332 492413 789635
-440567284 114576285 892082 207977
15121503 128302332 482838 217073
466103447 -91044591 413023 614462
-347675644 245868272 598858 281642
481160852 -348634232 643510 697496
-409824266 -275010948 918837 659786
-85860140 250631991 172777 363084
-344044720 -346092555 134455 589971
-469418311 110599675 825546 491455
378746601 -42108697 513 584256
-158575811 252185890 143350 584852
-278493390 174913393 678252 383470
-285007207 192885163 161492 615411
204130678 11680901 633980 79901
476963195 -254042999 611925 614658
-435206884 -344042459 790943 712495
-292346289 307982048 455987 270766
-61787934 443778983 409069 253736
-359056264 -165870010 835892 131683
-370286559 -33140238 198375 707819
-235261035 94309123 438757 257103
229934605 18153406 69177 899203
133501119 273273936 798752 584611
-12125224 -282935624 54743 974664
128131739 -485561464 414289 977917
240513883 -323180762 43187 183483
308558785 -392363319 281678 810663
-317214217 -380976724 652166 513439
24586066 -11545893 423953 845456
398087582 484028701 751669 58706
-246853505 201039761 743596 229393
14056696 433990252 850486 745330
-138560578 443972938 92491 476486
446094756 206357062 268824 397593
-407205586 478092217 206039 979524
7448096 198010311 640736 39726
-346307888 -470390828 558370 835219
307206766 325921359 796454 564467
-412066025 245658066 747540 15766
344548782 -64077403 631818 655617
72427234 319684010 472218 510215
-48937948 224197838 595157 155082
61220419 31636123 838447 383969
213243813 378914283 385551 424534
-12533212 -293936187 441155 901583
404914504 268720362 515852 459362
-192769349 62353206 212039 649852
352523292 155611925 501144 79950
206087317 -428183180 109864 361457
-353603294 220733698 982980 332050
184287082 131230155 95485 850738
362940767 -251957538 172957 912783
255004251 7911556 358035 890203
28733277 -230439846 971523 876135
482231153 481772816 214456 314093
-80247875 17812468 771642 351834
202011868 462189672 28726 440041
49644263 -45785217 704273 588961
-482974066 -287829611 627788 495328
-444889964 166079045 224161 577911
260067655 -201224864 343825 736559
373807514 -227885318 872904 587629
-312576544 -244027746 691566 786800
407415335 -12076639 40844 995382
443367471 -161407852 629401 811966
-390043898 477068392 577474 342971
223295504 1701241 822297 907192
-455517088 -71331269 353184 614652
-347643875 35025218 413406 199052
225598866 82354249 473292 693364
208639058 -161325381 528299 444122
105188133 -74096051 524802 581872
470641805 382097864 875635 84931
48037363 -7855132 992121 757873
214159219 -402639280 690305 641143
-144415679 -390141745 871649 601064
-152010314 88899196 672057 962938
-496079621 410678062 793061 646395
-18319023 -338728202 961244 837153
-72816390 -283670075 875304 979454
-320236857 477007147 921730 965970
-390601158 -32069382 996202 789642
-227362466 155681350 766392 371989
-65508769 174149865 163792 550146
-166924609 -433286774 417527 273790
-49804097 66875511 175004 618566
-117909428 399458553 680639 597314
-320848908 -278509117 645308 836875
251529093 -384615292 271864 191437
-38824892 30692508 104679 459208
130790087 -40655637 196663 11633
-55869328 469549764 788188 922869
80285318 -434206208 342457 615645
-360725263 316634159 458728 167372
-397953390 -451248406 244582 114662
-373932739 -145207484 956702 911755
447213908 215603807 670864 994625
48300289 -91320550 725342 500400
-309542641 423283944 471091 233222
-116999322 359967676 603216 234747
204539169 -423229152 150708 324975
216527973 -479923865 777263 957314
-379440139 -207184541 51990 306966
-147788348 -199044064 356816 749185
-445834011 146231931 690042 570835
121400889 -363651773 525605 816075
315000898 -35782241 727482 411862
209109525 -491074017 953463 968485
158732893 -84020778 746729 298015
349407567 125700111 446126 138400
-176951763 -91805387 976657 999241
303293433 249428220 320608 544604
227232176 296192730 392908 401725
-321222389 340927499 882893 856382
213416434 65695150 185363 154773
-461897090 7301901 122020 57391
-142079494 -289223211 345885 412246
-212888748 -44488662 219117 887030
33018563 388230867 70173 594998
125306563 209447429 571361 625290
179523073 358906215 147692 331592
25059561 -113858788 371999 493707
-128919056 -436489732 319266 450275
-16754511 -240627293 772684 67262
-334609751 -100551771 94380 566562
-102824052 -149127713 49650 120598
-178070207 117397993 379069 662561
111973249 -128746073 102146 137066
291332871 -303379713 245333 656830
287482997 368165029 436440 626224
-416753981 -399325679 598717 39195
-34463388 108906130 25337 405379
326695415 -420434052 696327 971226
-336931930 66905981 295125 335262
446569503 -219503346 619855 745247
-385755091 -166606843 469639 790111
445528050 83434055 103742 297170
313595075 316336026 384722 68932
-215703392 398018200 676227 488090
-393326770 -447423809 465699 704432
-147322605 126457254 197082 474978
-376260850 223963466 470739 355558
360272688 149388167 460103 764310
-318530398 -286961437 319116 613334
103446275 159615768 878503 353834
327842304 172022848 326442 386523
-368354860 -166840920 601859 447558
211453614 -46079809 527848 543379
470418150 -5592999 911709 880023
-412226998 199891103 295379 953930
-108375401 141471639 213162 588064
-4088573 -282801076 729175 360902
-370241801 463869082 136545 180730
-394066536 316440132 359431 617738
-460634974 -468553479 542684 984036
-420525823 490049934 491592 179585
259949626 445780015 823829 95618
-379823376 -298517370 615870 95299
-21619594 137964413 352141 719469
-452658955 -84265182 57109 73001
191304758 365402788 131081 400559
-247030003 -23210374 405496 426364
-46420637 -185444189 447910 764130
-73870626 253552392 96712 30137
-122258385 376957437 946779 178099
61565158 176749536 523725 24408
360925942 -62754888 287714 627348
-5250541 361138457 130010 408419
-183788586 -287199445 780223 888341
299618478 441382658 597040 538209
221923108 199516343 292846 30794
-23755975 -106528219 644436 941550
-414266389 276290365 616547 684523
-291330346 -164697081 916155 408750
348189688 83516981 324518 15257
109585293 -85328795 944527 479504
-195518439 278356724 149584 276129
81032836 79511673 154793 716238
-413159329 282259429 145228 266679
-308444653 180060764 212242 77974
-253424900 -98069765 345158 795280
290566893 147073817 427071 44155
29187252 -86263410 882444 547573
103853265 -366144264 645350 521446
-33759328 67866611 873643 873310
15811640 100103875 154047 983259
-178074545 360711180 331904 239380
-91073099 -207904982 916112 298274
-363479049 176913454 902033 904524
-212190172 -266604682 142127 357101
-425373524 -251856664 958678 334020
249566051 -270766901 83141 562776
-385866843 -414375359 571386 405574
-63847276 69999973 14029 392616
-27732227 -213115368 292516 658906
-197301796 -271707564 925774 156080
-444928041 -484350401 800571 907288
427396705 -333770950 953891 95130
-172470586 -449931473 877170 40244
74405999 -153092694 204730 176699
113419930 -450011848 440728 492320
-262589769 299095379 619827 457758
-465392540 -126555637 217518 535356
70060583 -235239051 414473 22548
397529314 173403439 993699 983664
32376421 318793360 226144 307453
-323589858 -362797199 419173 215150
-468010773 264168851 233536 513776
-23248624 -350494037 133413 609221
222052676 -379023599 153492 329792
417999846 -122814719 971286 410716
161188685 -50254197 727909 623800
-83018692 -353479139 201195 904435
413153653 -431422037 316195 64800
34323556 -268891016 912220 512742
-182998788 246939524 464092 375991
-258669408 75759762 263137 247211
-473797577 -375968446 38456 190883
378039350 -232537612 948368 461451
339262021 -183652586 857299 123194
-10252781 113844031 30637 240422
-138093690 -499905342 353544 578107
-116450309 253022652 496679 311860
286870449 335808098 221645 493026
403494126 -87142109 202004 859668
224117348 490546778 427294 297762
417167790 433248173 687458 682262
34363385 -426455291 609768 751032
-212976960 -256118998 305360 390645
-190152529 -239389191 729036 237803
-492777815 313412165 689837 538452
221954277 -37587640 957211 645004
185965107 2531780 399199 304320
-168793251 197334203 430682 253749
47703208 21181383 767961 282738
-297924742 218346775 524224 209228
-470472171 396539142 942946 203084
-157857919 -477906599 968243 965438
116039701 129090772 21913 237916
230426107 291465357 440966 430164
-145902942 305624218 960271 570834
-372409809 393365853 517413 506055
-149866830 -477827215 455118 977999
183809312 -36903906 812393 233528
-471118359 -112775448 944223 754082
435573046 -493968830 90536 625854
-251924287 -349047456 827895 645176
203692880 23266602 741315 250353
436451791 311543884 25971 17957
103413257 -411517846 635878 124716
267515651 -105722255 312412 745308
395625717 -436385783 982212 926091
-148888538 183842401 194930 307619
-154434882 -334357349 246445 487004
81352597 313012065 707934 294747
-419186125 -484288456 520050 427425
-338463496 -214054879 471804 11998
329826026 -341242116 662413 239965
357881616 405037700 84842 660036
156200015 -445783792 197025 597770
-344274602 85750196 632171 262607
99358520 82116856 748407 600975
485595058 -61438163 200880 234713
-4308808 21467497 509154 404495
217552504 154780736 741877 627049
433498332 308977186 87542 501026
281968428 -94272175 9617 23746
469185489 40624508 792027 365385
124137012 -427372213 224565 928390
104595884 367651081 805105 418073
-61028002 391562399 677466 881322
205739518 -432247988 643118 255489
-465426619 128297336 18387 473905
-130954215 164091713 684346 602433
175869620 309296653 410382 819840
-35565608 471214704 493204 583269
-483042048 -213733512 766924 675089
-11695942 -170542732 133313 777609
-255150483 346417897 643827 120638
305592626 137469879 270146 414743
453973853 199431323 420422 729286
272633699 -90294578 798219 967029
-190448793 -422472246 449516 212190
-8606420 -451383479 208378 778344
270149301 320587817 254993 894755
-472433558 -323728792 767216 800330
242844380 -236342501 837049 41555
-378339966 416444359 574164 193726
-341168318 470432697 566724 228863
298862862 -425937148 169044 539331
305531051 -56456427 510959 758432
-302615667 -189264652 383247 150878
392225759 -324549863 836430 211740
-47887457 -286554391 740760 456417
-76451867 -392293940 651458 950912
-230966205 -476514325 690291 978663
-21513144 235097227 611712 525124
-7906017 397150209 178774 376083
-134585515 380076369 927184 430793
472123576 -128535193 710569 580886
262286426 287524849 152331 679707
-189422411 487527383 554118 448680
461850088 437772120 8348 957232
-247758398 186379723 60435 142031
462971903 -225978265 253925 380439
-242075393 -310543155 806828 799540
188769604 135318348 274576 442296
368196938 -498864828 464332 942149
359875277 -217847407 499282 584712
-337113668 114296722 683531 548182
128671307 445141 211388 50017
-26111961 -444862623 691332 547798
-369150779 247670431 300482 219223
249090772 102955237 228755 924624
-100855087 -34806880 405753 837752
357943326 360233174 580006 2265
188784886 205819160 963341 592065
-339184108 -113167249 842710 868566
166572986 -370030121 422662 733084
375965568 205730294 940567 226846
-101438822 359265237 178073 29136
-440931602 86495289 114938 154106
305170517 213834939 362872 976855
-285277282 339719593 582897 491389
306678651 349906069 397667 662715
278063085 -154717187 496468 577920
197206717 -275395434 229871 494382
-347153917 -16005642 995928 275348
-499743192 482771215 607423 696803
437543812 -398012735 220107 393805
179440024 -464360054 775650 544137
388662245 -290820008 770007 509619
-127753113 -385693057 996401 924945
220870065 297143494 662932 255857
306350758 -483027044 323599 291438
-199487535 -381454744 360321 283857
-422225822 179401726 950248 301587
351518918 108128301 202952 512768
182097633 183418997 321460 769016
-29172245 56608214 14908 17296
56618435 -474814764 425462 196087
-124362982 -33973009 326182 502558
223150510 -71563740 814261 157555
417186380 -216587915 124505 519337
335822718 -364204893 563282 491522
-150619100 -69657580 281388 414525
484603967 -327032624 363281 954157
-115258276 -241921371 566088 966245
-360452709 -108934037 425806 675728
-180552102 -290056606 22223 149277
-160759933 70856887 790209 108375
-278052240 -26835930 53278 575314
289794934 -309977415 898876 570049
-378612971 -137124690 375562 803109
-40895046 -374117002 37353 423520
-413245906 124565722 829220 390632
-413501281 498855480 598414 739607
-371832759 72966124 282551 167006
79773121 -495117622 493642 899674
246726622 -13504569 795078 828735
366737220 470495671 225495 129841
46897806 -114142928 400400 402545
155007767 -389283186 357064 338932
22771302 -300118000 510030 700048
-300530124 -159584224 16138 870991
184891162 426241968 60145 937382
445018075 476627136 663588 177343
-291453108 -497716996 696038 617523
147990748 -36541311 547256 785428
322020292 -323702080 192083 169445
-61962548 442563963 388609 644717
423029942 -219890195 872857 176800
14649164 -412320761 907221 709310
-144028415 234350548 250578 217848
196523334 -464534787 551907 609932
-22996628 353618537 208337 868786
-466299343 253414908 659443 36142
38963177 -447207295 877286 986054
-276235446 -412188254 186538 431502
-28235052 193852948 336857 360223
-172068645 357770703 734789 466342
-478891981 187649147 952428 386328
73487734 205271015 99226 174467
-172326156 -296782670 292892 204736
-68757192 238599948 128732 948677
10020915 35391383 253342 863639
-307878648 -38694297 122582 902364
16631923 -1967576 865059 779982
-53548585 -467830433 320492 604940
238434018 48038857 242582 424331
-177563681 -266504737 561247 754729
-115042153 -29512581 226778 673442
91911141 -472699244 155783 816475
-229354539 98212645 430286 755228
236996216 -334425299 274136 587739
87139655 -307590193 112715 734195
-72560847 318751897 270496 718324
305431364 -275655199 895010 125587
171492340 268843851 353028 212034
-171916022 44393576 916959 558811
-85752277 196638073 611080 694389
-216941622 -163600616 909584 78873
-158451195 -148161650 23942 514733
430305698 85017680 783713 650594
-319234254 190188256 126348 84970
376196195 -184022283 569066 242896
359696478 476382929 609280 465502
11618751 -331635538 920832 841631
-490399694 -309933226 600755 29119
-3346010 -433161262 251714 196430
-208967887 333501498 951712 332771
-65827456 -472821332 951575 381085
11367161 297429335 859054 918533
-331975825 -69312329 26996 602895
289812865 -303548709 21741 19072
-151486576 69425889 409238 276265
-167607718 3652484 770709 532433
280994616 -446710324 732866 233329
79103984 -200863004 297292 397400
294795832 -439725304 130761 236015
-18880312 -320957027 785694 901015
-481714150 -280554406 799943 607470
331656897 156181924 900292 619889
151272291 -469401608 332641 542523
-438960043 256794242 335136 769388
170775761 -192731446 780804 73701
13131222 -325877874 798013 60591
149648029 -171908438 728555 76283
223573171 249910323 306768 484356
253905336 353767076 600983 530129
-89856976 -103822086 145430 578063
96606006 160293973 909946 462070
258337747 85645382 777460 689800
246167185 -1300227 885838 26872
-135572932 -203816154 781964 612100
-206073131 145095407 743910 749263
-321641568 364359096 258416 719644
-337729960 -140082602 526555 687977
31241091 -33845101 18214 498913
368113127 275726729 472593 291389
156690749 215310924 283055 986725
168809505 318018001 352872 410165
185088447 486803918 635085 969363
-402556627 297683559 699083 568191
173023514 371768379 667260 307760
351943415 -450689888 681302 890381
120870203 -306744520 23501 711118
-5016584 -469638783 692345 689371
-354183399 214971783 214885 466130
-276743110 -56977992 136374 117544
-310847964 -319815208 493814 933414
292407267 68198667 304572 192597
-280141946 -130568944 710394 968629
152728691 -341666675 506211 552998
-194028700 -335056252 129143 637418
-42459646 -175700763 235500 585602
-394160100 39984702 686458 400564
272566916 123160206 260547 841390
-103302266 -95722697 348254 159941
68030214 465736209 996863 29782
-490404299 -458192997 857476 131917
-447526160 -421051828 895902 177668
301284021 211576583 537306 34563
-322902206 -220873042 329739 265830
29251788 111780046 687958 362780
320170969 -186423286 766651 193968
-196773232 339351721 93310 697672
422294949 208687227 784673 347983
-327817764 -410824959 936675 837053
168815560 310160641 624391 71723
-74269765 -498860450 589067 991275
-207827588 223019258 867501 586541
449391052 275400314 797678 463010
424795284 373253893 369789 258417
-276969646 72128266 208361 221419
-261968157 -291559282 913609 227837
-17968302 139056306 831515 270622
-405523772 -238240611 276731 183093
-150182022 -203692898 133685 139009
-217847162 -15689743 825548 871156
38243226 460840754 334999 12967
-411346948 -272939685 204167 48702
-370951531 -62189694 712218 337386
321178870 446266995 350964 257699
-365857165 387443739 645341 205638
-399650970 224967648 562511 554439
400103481 412805095 759790 9975
309887260 -217089568 923995 789725
-447963315 -56721529 728409 458571
-220585610 -255251112 400268 143504
-26446312 -30464999 884214 947516
-405616702 359571580 456533 872116
219960241 367065618 382990 603065
-61492589 352564205 253062 530514
-368216728 -338275625 353808 570969
49222273 -118336728 774528 495008
-359180629 209646664 688542 668414
-156481435 400582594 814071 547961
31736140 -454762496 973261 820113
143295384 -394600791 27630 538151
148886676 76061729 686665 918776
213488487 124162172 316507 402330
-272505648 206078740 54115 670818
222497120 315078605 199216 434643
420792575 -20192688 417704 601527
112869658 337404012 62596 16227
291678640 4919466 986 897552
-498761231 -81578496 341609 303990
498229380 461297609 554096 447375
83712623 299824070 222688 677424
41889737 490232094 537307 30281
-56821055 456631463 649152 665781
418648718 262068054 218302 605791
186629153 -107063342 437480 280254
-13407125 -404924158 751204 167671
44765650 -64427063 661371 827825
-358204448 348024952 38627 439436
354016261 62107315 208485 56157
182435051 37908339 167816 380943
148967837 145922573 268851 355090
-453643807 422609858 70092 417125
-178429067 -2855747 802608 112663
162231752 -361018885 64609 22182
-105923897 484782065 957230 823544
438504665 -329366213 799337 470870
466426822 52425920 904232 979732
-28664713 251537899 27437 419937
158639867 -456378782 318426 242188
105883660 32479011 907374 739869
333273501 413085195 899296 760998
258598851 -1339019 249758 692849
30359103 40294395 81569 882200
-120382292 267929688 213484 67700
-355420862 25896302 383202 266221
-394371516 298746466 847554 530801
280297484 -282586907 556224 599744
10632625 -95408754 379841 364451
-2271150 -307366301 964594 648572
-62854910 465623927 949381 188985
358191952 87242632 565155 780850
-452846182 316471267 293075 304653
-60896631 -362600017 72707 120739
-32766568 -151998737 743426 795033
-97043713 373999533 932353 940196
270773105 -468537974 84688 418396
18170335 398208081 732717 965002
-109080530 326994659 152470 341481
-486756543 261402492 95135 557351
-45152605 -212162124 219162 567094
-92257628 -217268391 755846 329264
177866954 63487063 452694 613909
-231622154 -420293164 284633 239663
-261943787 424350809 141770 672214
-398695553 314906410 945846 368976
-421980490 273478533 191184 458720
121700393 -151180441 305951 588033
31772703 211196823 782356 690677
334549986 -476992308 610216 776952
228071924 73648007 588976 348222
-327498557 103046699 627328 935378
382625268 332433464 895652 407242
114101906 423814125 445981 102325
-184550766 -62742009 142713 161648
17249025 140413864 663758 241304
148165324 -6693293 925587 882265
-39228884 -488559596 55834 485861
-273316692 -344237124 929582 853441
-196524584 -248688822 500165 276217
223929988 -301563290 56802 505332
-421219658 299791110 440074 539938
-117748175 137261619 397088 27345
-334766690 -264379162 395423 570591
-267621799 -194633460 993140 337930
-70489386 82766505 191734 951331
420357039 315400985 173635 249314
-232139957 343787633 824760 224722
219589164 -265873661 484236 504045
-109640236 -71235840 346890 855426
103527509 188698168 119081 802962
256496244 -334863874 890953 637179
-371480967 -98770137 983052 51788
-305800298 -64155599 210191 274871
-303436815 167886207 985924 538532
-449342640 -299908670 996397 374946
444052064 237050996 354999 549048
181625506 8779902 204529 449306
28076275 430658298 57575 474167
-155215690 9194514 551263 68719
-475331680 204064775 411311 252706
-21834721 121505870 148281 989540
214947432 307803349 314309 686156
431047196 -224755357 298489 80812
161701526 50831645 27255 143643
-445098029 -305099740 489235 169901
278142463 -313894564 784240 535940
130586520 227257416 576438 250816
37463617 -246656239 32626 310802
210934309 274635942 418441 288686
378257660 41600665 512350 789410
142001014 181260015 241012 435009
-450489503 462187615 398232 320797
-31864170 263734014 55597 584771
-485194795 148831547 879951 149892
334737248 -52347601 793682 954473
479526181 -8528995 224798 526044
-250316462 -119376936 707841 854300
290486934 233011165 359190 459426
52789475 353182077 649108 957221
301670853 -361636685 130160 334137
-188409254 -152998636 288432 875923
125006061 -42278812 283022 653415
-163754957 25440324 185221 918578
36692001 -313582839 168954 503892
447909480 -73944663 964490 459669
260339855 -58711857 524524 292936
135990699 -449043698 369347 721420
288759228 335998513 74499 19311
194674343 -235351631 386621 945582
332433612 271674944 365256 387416
-498923709 159445122 303950 231568
-197969480 419081435 92144 614641
-227106848 295852131 713175 846220
444689047 -177755914 820248 947596
217304216 70378089 103555 909691
-313329448 -143062313 266313 637597
279173759 434695705 446407 523706
330698372 428580947 848435 695610
-428891933 316834219 17442 245224
198316414 336186133 752947 768089
-198613874 -209297334 167708 602790
-180934460 147814144 318547 938632
339959892 478525869 177512 840950
-378180313 210630583 500625 267715
-266118438 -286737110 59620 800706
-356695249 243289960 816198 506868
-35214499 38686470 612605 393719
276617005 235887523 761932 699462
340720936 463210230 65347 472579
19298870 -43875955 360901 21759
76538574 406143910 390910 48882
-117609950 -211109541 186085 200628
-92485678 234427698 983721 439136
-52569307 43823571 653113 682261
463590886 -265915692 899440 901526
405065945 158041265 796124 645009
-225671207 415110103 179306 421885
411094415 -109288737 738095 202012
-88382255 -260219944 732181 797024
-490620524 116440765 96352 241450
-463538801 263217414 512860 838317
411537519 374242852 681585 225905
236546145 -282167535 844788 720672
85146046 119586282 435818 294911
-199102283 -7629723 603487 917004
322172089 -22649584 258313 816002
-338968146 129615317 134819 476411
229057064 306537951 927032 280033
-373329522 22067066 450202 408733
-58903829 -144328170 26107 857960
-263686063 214308971 854635 296317
249841898 411483830 927982 847855
-325943908 -94866440 975446 882457
358324800 58747336 223397 620609
448176567 347555551 988375 668403
-248108294 37819037 26312 614007
258375725 287315191 247072 530497
-475773142 284831465 526371 806369
-327615218 355810498 971538 942041
-165655431 457290796 978898 195604
-17135696 120668418 542529 764305
256787941 148302790 395390 239595
170965427 15907997 730197 251327
-358279291 -224728983 517918 531431
380066200 248110159 841562 417837
-379969801 31689080 546913 514126
-301677209 337853877 592674 727101
299568648 98588641 209435 184854
442048165 -427789213 373940 406956
97194392 27597776 214201 947774
62150237 346864557 878067 449033
-372205391 -448395438 389858 304759
40697446 424579817 765080 304117
-232912954 234939030 126260 304546
106251938 -450619983 91386 312419
-441257482 427207214 242508 718675
226886202 85967390 16711 329496
-351721401 142982478 425725 446801
-25959667 268246089 907435 910062
-279208044 323724831 556255 719589
-401823356 -391137662 5791 258077
-180480574 -398290129 218326 311586
371409229 16919710 33495 645055
-475195212 -45858267 320883 911246
29348415 -401126063 987134 958691
333963566 143195368 601134 650300
361120012 -109304578 251384 590800
-20222444 -341123038 183713 146613
196762030 -149980107 807250 26197
409283976 -126483842 662660 337622
-43401648 122567047 426267 912268
462697491 387493103 916324 966550
142499142 322649948 541585 117046
-150053755 433818469 63492 120989
188167294 486273057 860579 881276
-126291632 70080658 10493 497535
-495485315 76865966 447812 841065
320764413 -244066037 256440 595853
-19556753 356751910 161381 681894
-325219733 420756047 886467 439956
74598642 -240833739 661819 55091
284484359 -333964278 150537 582234
-111675817 92752722 767996 883501
129184019 42945358 626331 834656
84540127 -256922207 292808 723875
-43508775 -401063895 415391 811711
-494688762 2586597 316884 855003
314519379 352169608 29453 755931
-44920645 145737092 837050 813553
-380811122 -346836498 929751 536717
426001214 -90851715 647742 860272
-126525242 290602418 145958 811934
403177144 -309486575 614204 907122
-4069663 39609997 266780 803595
181272218 26825473 245548 396836
-222495570 -57211173 750613 470914
-177133085 125493203 44383 964806
-160554969 115167449 633961 102178
271943769 -189402816 611560 201137
-420720920 -92651483 265534 107853
372945272 -84725930 884718 333528
-351166520 -56240874 318490 908632
450574942 98869311 920461 770389
42489565 -222887872 714028 571361
321448907 -60780363 608075 26057
341687405 -422024543 269596 660823
130673359 -456774837 604994 320256
263059936 355434162 788355 317233
-307667527 240590253 149660 517233
395962878 267965348 731695 312114
70659165 -97856539 523160 666298
-207170252 -468868444 723101 916265
449602639 75347858 121155 508902
483003854 -170734568 197757 846890
271777061 344537904 585664 624360
479278816 -271130447 986072 552698
-64838315 -225592129 45727 23060
197492120 263955534 981341 640677
-288038929 494962313 373266 126659
-92080686 468425049 709165 644677
334704008 404890099 180787 27874
9327967 34686090 125577 27319
363524228 -129105626 216414 110055
169145732 458229133 368887 177372
-84142496 396742237 170584 221804
2519110 288660795 876620 746968
194434802 -164016602 722 453358
201572769 -275644955 763172 469262
-68544595 -354933345 838308 890185
18920650 39125897 151846 619109
-47573285 179377849 780116 639229
-490368654 167560730 528258 705221
-439437085 469915256 117647 401836
-464123645 495654843 426996 83290
-123534462 391731505 272876 40921
22638562 303847684 719424 826640
371532051 197459146 190510 142569
-204033875 -444095685 119477 800596
-3132162 -202721665 934245 788670
312090268 -317093652 388377 63858
-90520170 167267127 41526 509155
47968913 181617223 448336 143476
294347951 414252885 83047 270572
-235725318 360192117 693294 284689
-323374342 56640451 26023 689246
-117395157 477323304 306915 716216
-69472556 245695106 660602 797336
162286122 -169836038 459489 897850
45779334 410676910 595577 167491
418863741 59534236 952410 264869
-467793726 -230922691 119633 423757
-456414132 -142105610 839027 187097
345063844 -65434834 719758 201405
116016711 -194188358 866282 781831
-348471173 -460427462 66897 909872
392465678 -301090301 728550 466353
281519547 160469720 236050 552263
444180389 421969992 5013 403943
-32882176 332369827 440382 424382
275403983 39988122 901302 189347
-351474745 -463245198 833398 621340
460032851 32282597 300185 743370
112243633 376671381 291147 954738
351755321 288812333 595745 658408
428164887 -422661950 913434 560654
224642259 -68156925 613494 979284
326590609 -446810120 634972 751121
437280968 22897557 279349 220416
-475677087 -251464528 410551 349576
-344967983 244871006 130635 780003
125864500 -211677076 930658 343518
411926023 221503129 429289 940730
-59864112 462939508 144613 446746
190805993 -246191219 737310 923988
180016300 -71384017 650980 166734
66877609 -133051883 351512 222725
-229420925 -281879236 15956 861993
-204472217 -266987053 949624 736740
447037226 329396303 661138 87163
125145855 139315355 773993 238093
-370153518 49303149 837478 756921
-66266301 -487253836 866464 653213
135817794 -60427731 359042 467193
-110990781 -432014059 265115 745329
154040350 372783097 750018 536689
14940807 -299611223 608292 603179
248432203 -406969109 678716 368401
267918219 85799275 870125 677297
-158649490 -222231149 854558 120843
-355758094 -364146279 666790 420872
-250187932 123146647 133858 775911
-333317956 130860186 408798 717124
64142865 305829830 647568 356369
-249047141 129549719 835000 103205
-105661085 51017026 232530 568750
-63592055 -167569350 212724 320003
-152590386 -401315447 954068 599693
391610095 59095275 232195 661376
422102032 -192445416 522123 560306
-88324314 -396752942 747998 781495
307289551 425060693 781709 318932
304001423 -468125579 134049 275630
241024565 -231000749 122823 282836
-275320740 -286226778 362982 202254
113165854 284173268 694880 895811
26954791 343978207 712455 120070
50930056 -87047433 388051 853134
334533540 299635949 318382 466979
-153317058 -443492877 11010 511167
-35887114 -211628116 291609 758494
134455705 -461088287 696060 101429
-212511891 -172382128 731681 737846
362062437 447371181 964765 779872
31165281 -243364125 45555 61938
84020501 -129323889 276423 57643
-156250667 -497736943 255343 722822
151506316 147725832 458412 514416
201639914 -400451683 107243 443424
-1535560 303722600 960360 56333
-354137269 -449334782 361133 420113
443012631 31050280 564345 822296
-448385701 285761160 965947 112004
43450362 400965932 676029 884897
55180650 447461789 913280 850630
-352077311 -133496713 493554 675774
196228 -273187169 762722 946542
-85018848 400691018 543376 960715
160534970 62760332 557990 666617
353597995 345457724 148856 869178
134155536 -417980428 950045 522113
-306378451 60357429 703972 670309
-19414146 302142631 476213 73393
289247708 311201149 108294 649240
225900105 83284983 41590 482053
-328389928 -371264511 317898 101009
476153337 451706944 651662 137964
-82339442 -207612076 259584 840623
221598404 -477235824 6443 763209
465984787 -51644087 29064 912833
468824751 -123405830 187473 92046
-309413917 178888448 605947 58783
-210141033 439266286 4484 978372
75550704 -93690226 990370 9084
421960214 183644277 193499 578459
-58562031 470293058 863346 396248
323514828 -255082893 591679 797489
59109948 392501731 721240 562683
453540762 355086820 508971 636490
-272946228 -264584715 986350 546104
258999522 -364459232 413549 386966
-470981189 275283699 280898 715245
289500360 -77436392 767907 500143
262431464 22994067 162517 700415
213005939 239531416 269887 775962
-486226349 389366023 436249 265120
422796620 -361463675 174147 227075
493416795 -205737928 126898 224907
-342915780 -306161378 44357 811075
4354566 409615627 204406 417155
457796850 457775677 598316 582363
-9758407 33477277 727020 976345
406796827 -162218347 742832 116856
185932539 423788936 704912 257061
475131815 -285579278 405981 160175
140253878 38659724 122634 18636
180365438 -362743729 327487 840247
-436653398 -281681280 810356 746170
262262264 -332971337 571475 815720
186233012 302412987 306650 317545
-324561156 112949333 333439 773915
127975483 467531327 848830 235987
407938624 -14440389 331456 484225
242240506 318428737 494057 137713
-260857390 276039888 354047 221102
456837541 -112735642 242546 682561
492883549 -19839477 689612 258839
10903339 -29280505 774710 462720
168056418 -486903885 223524 274516
-317446803 -247505425 619906 237542
-161156629 232203101 200289 238805
342349405 417226386 390896 521678
-398680716 -303718832 250448 829356
-192665808 -307692244 889536 947243
-369381833 233613398 627283 269408
490053892 108473948 646543 451225
-339385654 -236109948 86876 778554
-223712861 -342182966 281821 312998
469840625 41812709 605003 451355
-487689966 -243701078 904969 529815
-216305917 477950717 991765 16359
467727904 113797492 486939 954445
-39783417 316950153 563172 818957
421779098 -39619460 943659 557140
100932642 118348047 70342 583890
229531439 51319653 334626 516385
-381572707 387982118 875540 727704
309624149 99628742 918808 956140
68415746 327106788 956486 208706
67377230 -449711139 628542 104018
229944858 194264699 489968 900583
126712407 -370241589 7944 422530
