2500
-246033169 -256968659 108245 489795
-308014495 378106923 775657 707445
-312908161 60496076 715022 273038
435053360 322193929 402726 564402
-38478378 404354973 367212 87454
440005840 481215321 353346 394194
464472857 429586212 788711 548378
211507347 48993411 300280 280845
-91432927 497385124 66928 414904
63564932 -450634088 516940 647234
163144472 311784926 290159 709039
-78181971 395440261 429653 560008
210542551 -327927276 65029 873280
-157463662 247570496 69227 423415
334825976 497219502 908719 762248
237295720 -350958378 414770 651902
286633555 121584387 934439 347750
450558883 350096247 646028 334015
116822187 -201889405 243470 107424
-70352430 -155444595 187394 818305
20986996 -297496188 77863 897473
241110065 -27261131 542625 357315
-391037854 -422506583 22642 679859
-258557854 335450209 175081 449681
-230598194 395935492 940801 96162
256852872 58029454 519035 334621
-53382971 -478036228 889861 834987
447475010 246374032 874681 703870
-482124652 -61297605 233355 280029
-471963453 345036870 326885 503449
153230766 309591553 604983 944920
-300878771 365360907 822814 376134
174252678 -128395754 589409 91685
-244318879 -314708432 300558 196061
453976758 -94788580 844146 577578
-117933192 -143945249 35380 563827
409337496 488809558 670222 843131
270614679 -90776792 516528 223724
-452859926 -249403692 766305 280782
-482244721 150754465 33101 414558
-491593441 -60110308 410198 979508
-481089431 -278458668 738436 905312
-1703430 -478230714 304109 367130
344417769 -126180573 998174 266487
-353752328 166815631 583973 394816
268513314 307478953 464982 809553
497606365 485107522 40340 995098
138037487 485431976 178751 641215
-375581718 100923103 547015 76978
102905686 -142451663 364506 885150
-199452767 286030197 509612 796871
-310569987 294736543 821664 394844
481220710 482057868 275167 763480
280425960 229068736 383509 351053
-244198179 430681373 341149 791896
-441560738 -164815097 522279 303777
-482610762 -44392839 933796 54136
169103395 -146483918 11019 608282
139015210 -101203698 188039 134610
-259102828 -113000337 296509 681276
155409370 -411783812 657573 750855
472434846 75707843 40654 273406
-299768658 -41687062 538831 360587
-88325744 -46672336 832473 545616
75931758 76477663 6228 658988
170705226 153012381 384679 338908
126314831 -25101999 135701 341422
154039362 -375927377 748740 944477
-433708777 -50260638 656794 157518
-100798560 -33006123 51200 461926
381152608 -49194081 623624 376198
-285014146 180374152 669035 684132
-56304683 -445248452 637867 90887
12267915 -157479018 581662 152436
223603291 -212299348 812030 948446
284857899 372486360 731319 985418
-77467836 -423284645 533521 451916
181665479 -367219161 504505 295597
-340979930 -60031008 887191 933606
-180361157 156961863 14899 203633
162038023 18734993 111308 485967
-336984315 67393918 617433 925693
-97857447 365878437 309023 741546
-159334826 439887310 155365 909347
176484401 -405469880 694361 657336
330527174 269963472 173106 777116
-326289031 -139785426 903952 210378
-312720082 -67675175 549635 116616
422823311 91704690 31398 786997
41262588 426749543 82453 907448
-334829640 89033931 210136 19405
-87582820 -208931543 829092 328552
-377252340 255219812 479203 285928
266566220 383700561 239546 865065
-366771377 -452039203 241322 118523
79725452 335125264 750733 945126
341948754 103236440 118845 176660
-197997886 -113392385 182818 519436
-371529874 448255420 899356 497177
28141453 261773413 994633 160137
-53859625 -67013694 624819 512017
-203233533 202022524 826009 218766
38392795 365817908 168217 359462
121521400 -160715344 603383 347277
-45404384 29738032 56460 648099
24195384 -22706209 573645 204539
-329966360 -518811 475511 762807
147507914 467990169 98964 844047
-344865715 -476223404 363245 423984
425495852 399470432 459980 979841
-82687353 208891024 632621 72768
408397211 -125534231 507329 313355
-461827037 422592254 662110 720123
417495626 -235191719 155398 771627
-371517877 296456213 896209 980374
-126886489 466573705 932090 27422
416102402 -330926561 134404 805545
-53851749 -431229630 240647 142502
375157606 78372726 394331 838830
177064136 -435659135 268831 425989
178632430 402254023 382695 857727
-355059765 247420339 1344 128127
-123859796 -367841455 810720 923803
56101497 35549946 653231 283675
-396653174 313905446 285548 655201
-498559709 40168037 578622 990690
369835662 -412542103 862808 202514
222590932 272394566 358302 209880
-238668658 -379936870 437779 683280
-231557327 -27784529 248540 156448
68777117 363914519 597928 486996
459588782 134344101 786154 492602
13462383 -374477096 61818 148569
189092622 -373444893 494105 650194
-276569361 66645 245522 708050
-162019876 367740778 713915 889522
-308296359 -422765587 965211 120107
-356654571 -262520376 630949 286393
-213095043 242971178 398435 2635
-193106325 -110003373 782638 297507
-208397060 -380851969 66073 380688
61221760 -43361939 809710 966
-422437238 -472676598 998288 855639
454676006 184533183 505983 122192
-104629206 -475171628 531514 547506
493658533 4050559 409791 688780
-92970635 5954573 727534 206066
66216949 -76806740 867212 456092
182545875 -250022702 733219 834524
-136474113 149751886 794054 420157
-52484887 95465968 978805 526176
-245016904 120820878 23240 840071
133093633 114420885 683001 273381
-340436792 124121421 345964 446409
296053237 -238519826 944029 4239
398287139 -219783514 303287 871862
370882567 267597241 173074 909904
-232975749 -72895293 972684 239506
-70452186 43141145 1283 64331
102692554 285210091 309170 389227
287409617 -381280302 631000 832919
-140874060 92784942 923324 795030
309371527 251241824 435709 889326
479590499 -266422328 806826 662162
53963522 -221998012 252469 886441
-256752885 -261328570 296711 351351
-432418451 161660817 383341 270122
-445541919 -450847856 419887 277507
-480688751 -242825133 244161 111071
-427252777 75586087 268883 33954
-100734178 402098384 210883 143295
322748901 120469861 815987 885861
260968418 495766473 977204 948937
-280658621 298609601 663713 546828
285310991 11506615 343497 153930
314252715 -395806966 611652 494718
454698617 342274064 655014 594389
-244291159 293684369 671758 215638
15445121 -359769755 404618 180882
-250138655 287864915 750069 497340
-340683726 -346782257 648785 769037
119173392 -169428508 301532 596006
-96937721 152424546 227166 155410
64085229 -213209038 606417 355310
237161692 340693962 2092 574309
-192558391 -443944773 110862 600659
-495760698 96322371 217675 783057
183638481 335259830 474228 488151
-444263283 470672180 441678 37192
240163542 444237017 767698 928791
266799806 449026329 728568 197006
-327013760 42838609 163468 657714
216517269 495783068 441558 507478
437460536 290688499 311055 580448
470556917 -450419258 877745 937373
-427637652 77160198 151153 246952
149564008 -239440774 271675 8314
128517433 -5045129 635810 323700
307398720 41133630 253170 393931
321869961 -275608334 403041 139856
109414802 -161908957 690651 378155
-396455843 12041566 269523 6070
39234647 22060275 955613 618253
-224931048 394563102 84162 672317
-222447533 471485359 868545 183872
333934158 -314632035 204498 678101
229245320 -18773222 385978 238757
-137836518 382832323 885121 178663
72585321 -19569458 589711 558936
66284249 -460146480 186736 472
-499605344 273938806 902113 909046
208194061 87409533 495204 693479
251605551 -113139766 129666 278794
494753803 -215525491 113379 839051
380954833 -387328315 442743 412581
-235704343 112780547 893511 57836
-202529241 -249805753 980471 597254
-285880435 -387894778 171930 994874
-362662473 -350767539 154034 512544
-51419417 -41961217 537090 914680
58344877 414632849 27351 760308
261529816 -143266626 70844 778596
-144133102 152942779 966401 570742
-417638082 -217391512 996077 680985
-375024455 -244725683 594662 435005
356036831 -256933517 983364 616827
472030775 -38514209 688448 515362
-169122388 166171820 670475 262047
-13629194 245858874 573064 865369
-44617414 -69001889 369605 103875
-170275257 -180900108 404187 871063
462581216 271653525 905224 850609
-271387010 -361077486 760031 230776
287224897 -135480154 754968 586368
-8998696 179690287 339881 25399
371614243 -276191627 28642 71278
441478200 -111345029 774255 668141
-170964038 197385320 338235 587888
-426162877 -16210931 145071 891522
-380438018 482387475 323608 19893
382954322 -423704894 202471 836540
273374649 44333936 644753 571109
316209839 -215722876 910487 796661
-12334651 -43436506 369440 521441
127447764 130353541 483650 618727
-240429745 -194814780 294815 319688
208353458 249181058 399724 646498
-424916457 114867716 121933 919981
385354497 -298628517 877970 851438
336188939 -326968 110243 812871
-224945515 410748314 958587 404086
483949908 1171570 725140 205976
-377717389 396597693 112036 522636
104884755 371824481 35269 295277
-71298128 -102546541 149376 764255
-84332278 488221037 609153 985860
91696418 190879694 314467 81131
100704610 214800334 123684 502806
193332697 -91172644 634488 732647
-119233116 38887031 909753 578854
-467354776 -363402363 728251 405105
447959547 465693011 37118 676673
269709090 -321319382 456381 26389
193895029 420285322 388771 332285
474720863 54053382 712413 230916
-268940990 -251021637 294538 609147
238215351 -143906194 176976 861918
479436019 -139334590 228040 874790
214247493 275305490 981145 865066
445085371 283627633 176354 851122
487836645 -180948933 927761 80858
279457969 -355894824 378449 465632
-141342347 -151518707 385056 25546
83735564 374647934 902334 960119
-441798633 -29342780 828865 302144
-465015451 -382484795 106378 110382
440679928 -1274303 480811 301561
-59142514 412743413 635574 920669
346070720 454506596 532771 146602
357475854 -406148447 744714 101304
-208909906 -33769807 206117 397163
86484418 177610045 668383 470579
16685519 274524094 483615 11515
475647988 -344962875 603910 553996
-134715080 127840485 186773 23807
364551420 -460774850 210540 80029
352598415 360666278 781229 618261
-37722144 103663733 45439 333336
-399270322 -250601491 255535 494101
327602844 -290664636 929264 655436
-198017792 110592848 392771 491473
400392282 461755086 413874 880864
-375902334 411625551 138230 826263
255065018 -182240576 824760 272596
158025283 206879892 511732 482539
204210443 416892304 500858 507268
-467128701 123938893 359376 858768
-429015617 489144613 263896 923881
-53255947 -169131075 701756 748057
-17270636 177678883 702686 762430
-167664343 -263296909 698353 666852
-321409836 -98087842 620516 321820
-219107966 427300690 497703 8094
457932238 -133933487 205814 135528
-382267281 -416532000 795043 991362
-399405486 88821016 612155 456476
399925332 -472085031 960536 467
-55836007 416117790 416899 60690
190485899 119155308 840899 190293
-245251981 -354784411 219399 36425
425047981 376430713 548011 136144
269185675 168964028 828266 23521
-403685175 375786706 971553 671755
-440207448 367707910 625084 620889
130990249 -186080134 705087 662033
-284878361 109823097 278643 242519
57199633 290487016 858987 590767
-492312061 -235843877 495153 709408
-335646719 89717317 728786 384307
243560080 50155207 547267 896347
195881897 -463098002 338798 399610
62543590 -362693155 300817 425809
58831201 -376248318 362227 122056
-35226570 177401185 784752 791248
303676204 -330231525 461909 446875
-289743802 -119759102 889362 857273
-387392561 259659691 409392 297592
92159668 289736442 810233 19370
385347391 64574671 154907 124093
-290769770 -314147288 502175 373716
288722391 428575387 425996 178331
-323184381 91732991 454489 971515
202268298 -187121621 940684 446057
-117638801 116770518 867507 696409
-203729897 67781022 424190 585297
100827126 301261847 853449 265493
-322133153 -161960820 137818 245827
-79626905 346974482 49585 948593
280594184 197480937 19790 52589
-447521600 -452317672 467563 327959
311372073 447724806 73259 457472
97953079 183425630 619758 871887
289432021 -461443852 434749 418175
-482531786 -40130721 931677 231450
470001753 -222098493 958783 626405
-32810860 321894162 287591 19314
-15614568 -171968485 208138 127985
179103674 91553610 471269 166078
137683682 -339762827 313454 202201
485300223 241831158 951885 605547
421484326 -91375581 821195 753427
172563924 -56407512 689230 564816
-281587465 -124800756 935105 12780
267253591 194406309 274538 903295
132212562 -325869232 643067 305857
-363690042 -428774243 676514 408192
104704170 371378360 651511 875018
-300732681 447126281 964743 504250
-323113064 -40939462 533337 516175
44919677 124262886 662860 912936
-79281969 446871263 502044 288670
468797758 376093724 892547 519486
142324085 329105982 262076 385057
250561455 -323907651 423714 472746
195397475 74404787 5815 682716
445451291 384245061 614850 329621
458621283 -477440086 198991 275691
289426396 32468697 244506 686946
-78845584 -212826925 361798 887111
-464710496 72054666 107208 529195
306497785 -228713619 254305 969599
62796965 252658321 557000 578377
-225738979 -225106819 412069 100289
288492796 -115748206 974138 28682
-233575697 -400948971 106013 567056
474710985 324309723 726944 260474
-66076237 -447166064 944657 341772
-315000704 467102883 116188 280349
-21900001 209811153 64783 479791
-421440982 290107469 625974 65456
496863131 -410202231 196005 293452
32765853 -423124316 242836 2157
174108800 447033712 754660 266256
-474368057 -336290786 34304 907141
137607772 -342745463 846559 653315
-287249436 -198125541 418853 637925
-274123988 133450336 181929 250757
-207009854 -145369563 693522 424692
280797857 234580300 837402 636563
-220994556 95117104 29748 604369
492015195 -24398417 537290 451265
197674587 203906776 797855 971670
246866480 68923698 403028 195390
-450926642 486170791 873734 370457
493836901 196844556 620372 826069
428242163 -68837554 386942 581928
-173766157 363165754 259177 726632
-470598605 485409768 893183 128842
-178541373 -40892731 235187 484533
-325612535 -266572484 948258 260674
-3005966 -217820927 853717 671571
327157571 148117242 576611 362957
-278454259 -221579830 187379 653555
-135592129 100663034 303264 703008
-487218346 364201670 368245 845985
344584751 417822338 220567 876780
451740668 -194331737 973698 721409
427597653 -3346562 114667 275356
-458336154 421404008 145989 613844
308373319 -94865976 275232 299987
-386356887 -76016755 823787 532658
-97511893 486418015 804890 613361
239199372 -147211931 171747 804688
241346555 -319893327 417506 762828
295787595 -97071799 319004 37241
-315911137 249224184 382930 206173
84668424 -410541163 492766 206406
-42813600 226756929 902781 21643
498695839 -80764953 528380 719921
140751185 49482076 412876 948822
-140702967 -177881699 752810 500930
-439522829 -334857570 382244 202417
46125270 -481425811 292452 615852
456684661 98548688 8901 681965
39511819 -474483803 800650 761387
189559369 -232928523 328821 523943
-406782175 133522281 628332 44296
430874283 446579506 703203 701144
-427978594 486354524 598869 337273
452486299 141450814 755965 90580
25645442 -134690919 795721 350874
244412089 -439873765 640109 205972
-245660132 174121982 148324 35416
382340737 -477893939 313989 677591
-45387034 -281955769 98622 933524
469957690 -322005412 339567 953007
-494664251 71519060 64421 900319
44204084 -22307569 178033 738623
270292293 -10129305 29861 986815
4308713 -215713990 373343 829796
154097920 -123928793 397284 227984
380811603 84362346 56437 590031
471696503 -411216125 1452 102713
446735937 -415504474 102161 128656
202272322 233880490 529693 837308
438011872 276075546 829163 359729
-60983790 201174506 215738 201325
346243767 -396326589 159905 973981
354819988 -478295041 146704 3807
-159851288 -88983247 859966 65634
-431020626 -441493541 798965 100074
-290285713 -179588413 184310 800176
283091905 479490399 866249 547558
331866463 421087725 394534 896152
196426982 241384888 736046 118059
287591957 -172989555 839348 41315
482325496 430217757 996952 228720
326810679 127653606 599606 883424
359324166 -242938860 141580 93513
190446183 346692597 645954 802861
340182962 257899769 300907 842371
426910901 233444196 644669 981979
243220694 468548593 402523 173043
92648149 124316819 213490 871477
-192762518 383962453 294593 106402
367480468 -99559464 846557 451372
103951034 -482338470 702388 125748
-318205675 422422971 221255 217887
392227779 -186202323 343893 192083
55462650 -480035208 480280 759823
194409305 342443496 46440 395941
151447386 297932500 602046 284436
259657235 179264261 750462 720925
112586406 497225057 818974 491971
-348972515 70698446 531999 802731
114074756 304516815 825252 484082
-429632878 -171935193 86434 484296
-290551256 352752150 39471 295386
439179933 -142151433 99375 204391
-203993720 -485774174 939982 364163
245022325 -215897313 349000 735383
-50294589 365290101 217108 956095
-88791781 228899053 176017 713678
-397724512 -63079553 794813 658569
-460885074 279906795 731856 26039
-358165110 -245375753 291283 270579
-321492753 -271553514 617488 242152
-266500824 -128378481 771828 614791
-352902211 -26254004 670608 788004
353067845 224664130 351098 486062
217191263 -357757833 910736 92745
-308356164 -433272395 930268 686730
419512915 316336786 26382 899577
30378807 90806518 580872 280257
216949533 -166436733 80891 349767
-70026295 -210777190 566498 639350
271912214 -208559597 725890 329010
-268395880 -57652960 723518 172518
-257094261 416772773 726394 696626
256583400 173167323 653745 999350
-283612735 -187905883 551653 794413
446141758 -37743358 42272 760500
212073522 -438555236 877925 291945
127550327 424438702 528242 192930
-478208954 -458982324 104306 568039
450998835 102961141 200875 691552
-120983745 434277602 303802 677514
-333553132 -34598693 502631 305750
-133113873 243084758 141534 325925
-483893578 -33668922 488018 111840
-18844108 8158759 776198 608668
360365574 231059379 566469 874670
-152173876 248965557 823053 86308
-345558791 164183024 735804 299539
-240219567 94656161 389033 854506
-89600176 -266882356 695054 636632
-6764248 -372100175 539727 821706
293514590 136099882 338258 468639
475918430 452640637 906275 826539
-184191345 -157573841 544057 173692
-46242543 -97548675 235030 548429
-336434853 -321363038 59622 144324
-48849631 9683139 494292 943694
-469713486 -92031020 593203 204015
350757575 -396996719 745778 479240
411237817 -461938205 665726 622566
439304084 -148335056 674168 668796
108921041 -381403563 206720 135419
-250208340 -424590985 512996 294055
-205889985 27337252 308001 676084
-303689524 -264532413 221023 97491
148718194 -482881265 580127 71237
-153012494 -380987761 757505 45391
-170257548 -188515967 927678 640910
-217210194 254515825 621918 75101
-264007381 -133813438 71735 86991
-31349939 492369533 37829 405832
-282713457 437068177 661033 625013
-495539455 315085410 836436 858645
-153949947 434129788 208784 408676
1548284 484430580 904311 182681
327778804 -315138567 935928 325440
99916359 -31488195 228436 564896
260961062 248236447 40997 969118
38227226 -417882664 539393 943161
170256176 433136380 991034 642684
7931924 64417821 941589 537768
95391137 230099980 409762 941649
-151345913 414457151 110525 86085
167808920 -121319986 296031 948198
146443823 76744088 645345 280729
-350463683 -449559934 1423 621271
262791537 365510879 338789 989281
-285962772 188335272 183696 513311
95835762 317280547 137674 866985
-106772594 -388270211 218257 71216
-117547635 -324706636 461365 121970
-226970383 345117881 82154 935625
-269314159 -248735257 272628 185649
-349997604 -2683360 935679 499448
-249494466 -253654650 299211 429761
379977371 -221580077 567300 830260
-166975496 -364091562 622255 317702
160500281 -463871349 10241 672096
-93478395 194406741 251530 474990
472901317 103657293 937159 904013
486451955 461092595 650642 959280
-140610793 119982110 265752 251708
96957626 -422073575 260270 145041
-210387687 208073479 908306 42050
498996251 249449643 229233 122080
-358101533 -184472181 297930 368371
-425091706 424120256 839024 475287
422361814 -85856019 600690 724382
-168593798 125703555 504142 791207
-231873316 -409410929 503575 176309
495596098 94829255 595122 954647
282665038 80687395 263287 708371
491366159 459128472 524429 502975
-201224409 -397820930 352289 960048
294185117 -51186669 278147 515273
415513666 -246903972 925365 411833
-144075879 -434154609 852015 645732
-127338550 -285547413 272894 470705
-418983155 494721931 583551 500926
-151891951 203363339 876826 86437
-296833004 122001192 95831 949672
60575688 -238709646 367561 855162
-431685548 -447987280 219752 565032
-61729679 208413264 803901 862755
-170711627 126693877 412394 299310
-65165297 -134062888 376408 482147
-53907854 -157379706 654847 16725
388401331 -233132897 977929 52934
301380140 42916288 99021 635646
-207347434 -407070136 569559 471926
403792502 -179405310 175005 77027
142018361 179697963 987068 52112
-17150147 93061269 591754 519724
107496427 -24696070 956831 43232
-439240240 357405668 343654 460853
480567834 -73311176 660680 768806
-121511764 -389386796 442908 230910
-493217026 -175206555 443899 179078
484573501 -300973595 533424 888073
-69820016 -428343925 283009 411063
53606738 214975701 993440 769612
32821175 -238745442 166012 384363
-478292913 8260017 374039 35116
-246050154 -380557719 810506 124366
-390783669 320110686 833934 533488
-287234732 -50214089 739687 881402
-212044242 -126807389 765550 695641
-86595570 351779171 535545 641895
16725401 -359531137 846057 206696
326201753 465161358 102512 660715
-230583458 250039330 605234 707289
347301410 364734868 624824 506849
346218348 -51674673 612566 69554
-124752103 -310033806 32721 110169
-317484275 34803766 910577 6217
238716351 -351539009 959308 521978
311721442 -280403937 680147 1613
6276653 489523604 475810 247647
-176797482 -226380253 135716 532268
-59792985 -118373875 100032 811519
140220140 -112903408 828366 826464
-301859565 -192527715 514959 974702
480137152 266865799 893774 174616
-294416899 -45134777 947298 508404
-82273905 198552298 640592 210879
165518691 445172120 770381 496178
-332496601 79474881 811297 215421
403821046 295436773 98214 606498
-429784021 -123084497 515057 846424
-437779311 292469446 573724 303246
-250697402 -326643314 659894 490011
-197957050 -100478072 476173 832275
-405427855 -146496353 260102 734010
356830344 75630781 793298 502191
-33664403 449610749 493714 300329
-233030363 424206750 484219 15639
405029544 -452526627 836672 735565
-46291852 -443680721 639282 129263
-68132571 -273516566 268986 77310
-125827168 2624402 561552 795072
-171188202 306358635 230009 367257
183779734 -27378016 245681 682115
-148341571 85606665 945763 602538
400375688 -337901155 496980 844647
-321470390 -256730764 738592 392150
27474873 158963574 196189 754774
179670050 268217510 953500 593564
109173693 359943429 16910 870900
-257360869 336741668 954370 547286
-222903109 348002378 272780 566689
411327293 -98321151 487158 762159
-131253839 289730271 220980 847619
196912202 273232842 600139 268192
-409541808 -264676111 661823 444246
-193183762 255901776 165883 588077
-119254489 -121138353 359887 885720
221088086 434508167 903624 844997
181531487 -198457948 855403 681750
-214224776 326496357 986510 25577
299748750 77286848 611794 973395
-292798635 -305049565 609600 22956
-417777169 308547030 477375 956292
-234333384 380194940 269360 851764
301364140 -165363995 554830 139575
-223064083 15354820 812214 311831
32450077 366390005 428234 573806
128132595 375298307 686077 588585
-385680676 288972181 454273 981960
446031695 -117634168 127714 116362
475069742 469331112 948016 810807
-402174908 268086028 943573 460105
71923951 89834507 835397 8120
-386759977 435244254 604498 500513
-341776420 -369289004 323871 609042
-286418674 309826860 592621 264244
-313809451 -204186990 184977 471573
339880241 269989945 936262 215826
476680988 98763921 532767 221534
287843340 -486933595 107349 7217
-492840299 -338531051 954750 73999
-71708374 -284276821 7007 982323
-45909500 -122814309 721880 223576
465007387 82088540 647165 288613
-3056559 456093469 52998 325427
293247918 -68019994 545180 233852
229241286 372801868 333267 124641
113437751 -410029360 13751 995607
-103999921 99423701 757759 140912
-308860470 32045373 900639 610626
18066872 115656351 908153 877814
-143540867 -466483162 355891 791407
243560434 -155090935 207076 574996
75556010 223940002 88615 669116
-169827505 34355758 357906 626997
229068586 -479352544 718145 561713
-73089206 223073741 648347 973098
-31204331 192928319 937823 284788
238869126 202503644 894618 908833
-20305392 480886596 499679 938923
231632110 -164694293 514697 676548
-4472020 -94084667 398171 753483
-445093666 65555085 984393 743658
27189108 -286229583 981072 739022
-102143011 160698239 94660 338762
374456610 223305305 433389 803269
-180409645 488607709 670429 595613
350249784 378270293 994347 77169
245076908 -315590161 201422 868750
-296434764 -448688386 533535 377143
375118718 -17399657 438350 375518
-166305108 -163577516 554068 197533
260769631 418633276 365726 862670
-297773731 -94921610 314397 961935
194294000 -104220649 133547 448740
381498718 -258370532 729621 690428
-224402176 412973832 602700 176002
-288222924 -66274724 852824 189942
54611437 252092984 653648 702804
284636186 441105506 558807 83794
-4597836 -97188444 703262 695899
-231714592 -451065444 120047 676400
-273183456 -469429563 558232 997192
139900235 284269912 269189 542079
147044649 152665336 650885 500677
209909755 230992016 597153 993787
-160674265 -116102007 449878 574780
-344259393 -419881328 202797 898740
290072492 -62144145 60793 385096
-395269513 -147063528 693165 349747
28586931 444724417 990743 566193
483860235 -395434712 124029 316499
145279972 -77754632 635154 795955
48157358 -281675964 699861 696322
-312071988 -245787088 486599 486653
-3968227 -327142481 964487 921662
-97000665 -21080474 588683 369519
239206624 159812784 515005 454553
-17644264 162990523 880048 779994
-297872762 290701007 757821 334325
475636399 -316707587 147652 841899
-473608936 -391671450 838152 453982
-438471066 401193659 534113 594995
-403740842 -429716520 552844 859943
122107109 334500121 856332 959002
-377679821 -363487998 415831 708662
87034952 -388150608 726129 720601
55249768 477563896 963330 212061
350682169 -230234333 127728 15593
-316473456 -264597235 711377 706056
-416327573 -238952528 339627 528260
4514182 375334219 388756 615837
395576845 -168890834 858616 642150
423516011 254504229 899321 395645
-100522432 -137486210 622705 599205
-256890254 -6312519 68435 289474
-146861108 -13603922 963952 183585
201441808 58270995 790975 448034
-487667762 244978702 116429 105115
141569809 188030340 332941 68860
477792623 179973094 924000 301174
449902340 193773593 75527 975717
62488498 239074804 668950 506342
-14759546 200575488 186219 671771
228385080 88331982 665467 733339
-63072047 290068469 130696 640953
140025447 124922535 826863 300592
389943044 29961712 860829 103976
-165966427 -442765686 987426 892071
62046814 -131753377 959006 99607
217769884 264000150 371759 299586
-431286931 298184044 939137 34675
439452251 131374116 334688 97968
294767680 10732128 535596 371418
472963043 101141679 178748 489681
39791156 -174934463 712934 509
274407347 -318882836 859371 822115
97904905 -227082937 52431 652272
408821433 -271233974 682088 212446
104508900 -474044172 455169 268330
-112740448 -275429100 493395 825842
180391280 2705624 583880 70357
496684757 360185331 918874 617382
134181885 391247449 477131 450587
-14011396 -385578441 673103 429293
180155184 -317418557 504195 576621
-78890276 -239621148 612951 24681
367789445 -160387988 482973 941088
-319321220 -397461518 604822 157584
-257996446 23700300 959172 563991
-492033578 275987818 347360 796112
461073946 -318011191 520681 499763
86034673 -413269640 110885 91755
214314421 135812552 226117 111446
-3794297 -352786544 619558 129304
-318911974 41533811 98844 169927
-249842514 40642216 346536 76764
-187517000 -407479502 443420 724177
47566488 -22521165 238535 457271
228761095 -487358430 426790 70390
353389345 -405066481 219834 432854
-297495277 -273247485 256709 707643
456169825 347783429 808737 78254
170097876 63026489 470268 2261
-346624257 152265892 952307 249733
-259245971 235050251 846282 206382
-164099223 -66830088 651782 170805
-349705878 -130690906 226591 735065
348361812 -468463803 44904 761024
-160775043 76898437 347636 48912
108749369 328033052 132174 570645
-414764782 -120232918 456284 483245
-22195389 305045152 302751 668721
-193961805 258179507 859410 548372
-287903522 -105050458 267457 377162
486575920 347752532 430873 286433
137823919 316456386 570967 685871
-211615690 482746190 222037 47480
300436338 456644666 242728 842678
390222026 133871155 111461 902447
-25860107 403551616 236999 183919
111479717 -367522876 200105 90727
46690913 414565231 235885 459490
-61615504 -415568953 276671 736608
14484209 194463118 431156 196497
491651080 -78626223 435660 430127
368190515 -162397107 324246 777464
248984762 268448510 645939 660231
376962373 -95386555 204210 58830
329222279 22347829 279259 753906
-80532968 -129049222 759111 474051
-448599711 -74792346 373036 595543
-108854352 378163353 804023 75394
-128807572 372813133 385746 532915
-352593822 460752956 380421 600878
175949629 324871470 6968 69025
382325269 -453080030 550743 505958
-204536290 -264609768 546574 362964
-165032831 126229625 763187 973378
-117166521 -402490588 870660 157658
-383133838 347469078 304837 987221
-489808971 295878859 559256 191493
304249017 -34546217 46699 783513
-372304200 374782618 129106 162409
78777932 282863639 864010 18862
-229599261 98626790 390049 922079
148318754 425642069 288882 705192
-480837897 309950377 973628 920378
-35973830 389427586 762975 718268
335431934 72781148 742834 655903
413095034 220016433 38275 13839
-282313329 203768124 452332 431813
-271987210 -255426599 108238 730745
-40504824 342292361 599789 784373
232640552 -34241263 179752 822789
280512208 4794817 856083 213450
207507767 -3226158 777651 677742
-123880804 223595753 773333 615282
-387630542 335102648 982987 359332
-290423896 397550532 717636 475756
-382943660 -5709759 544071 477060
80403195 456482585 366284 950472
-8511425 -186518773 15671 123555
72513446 -71201359 637289 608004
-478682599 30071716 924739 530756
-415124523 196861844 831557 360279
434102031 -90750571 489372 368440
202422547 409459821 63331 540187
35818097 354213575 982292 618803
183767290 -119270383 780379 109149
328397288 -226372366 128582 748588
482749978 -266737301 783961 125073
286733948 -373296503 193151 401895
-14165052 -99013542 352217 347483
-219659784 -353875782 804849 243537
-261582851 -266462803 463933 268111
340013675 453854494 62290 188434
56313715 -95046799 998539 529073
-195234958 -190257132 261987 475670
247215967 203646548 184734 394421
343993338 26353270 971438 814654
-404399674 99563845 506695 309598
-10656953 -202487985 254768 915262
102246259 456735567 900599 338435
-98382431 478783572 160309 477847
-240645885 -462152276 500117 418798
-370615612 -6226433 905795 99875
223888826 -274189449 239219 810624
-301880888 321457437 84299 518108
-417666349 -392991425 310638 392799
247572831 -251016475 990945 341638
332788204 -324482960 503508 539203
22212951 184127025 796993 896248
398395872 -13648546 332555 144637
-281193970 248030125 475823 177535
-302734205 -43964654 969924 147732
-254746398 -186719398 906037 857390
-32299173 390600184 243865 52461
-243076908 -462683171 166769 233934
-495642699 -358542976 272189 988545
305790288 50331389 23291 127897
-101706772 -342188420 602397 951982
-379952668 -250424070 506402 940152
234101376 406525467 297962 904734
264642044 479216274 14595 689359
-492082104 498323693 197872 489112
388859655 366098286 579462 513942
-71098064 480113108 275795 484768
-93705083 -234246574 950252 777925
420353710 -458379871 947282 468075
-169761294 -492369871 154432 628246
182241681 -460107693 815817 257281
-472968590 -369385578 687495 856834
56524823 -431995478 191474 840928
-371608277 -488132529 739797 759556
-361997312 -485437486 730301 452471
180383081 -430637294 891777 145717
4908496 -210767824 838563 129770
-492398234 -235205678 621135 716876
168038773 -339277548 270656 215252
-162247471 -68519411 744898 217050
445898093 -452305159 672914 726476
466758921 -208376824 171105 590730
-349960074 -142445035 66037 719459
-256473939 -296757262 840672 253854
44207054 25409415 222339 867471
-125737439 253808614 456266 784628
195704665 280415909 348067 174451
-273053743 345870618 829024 511884
-31874908 -393758626 184535 247348
-51523816 -29429389 976601 118336
-271883097 238537602 813965 412413
196866988 289852 851688 358684
-446515545 284031587 41226 73610
-294409684 -43116959 50872 888094
-58112658 -421113066 493426 311084
-269400401 48289333 399511 798194
339448257 200014214 908311 250866
-125445370 363090877 950351 347078
-401685376 124049777 392551 307478
175074979 -262198320 128391 695
493414956 23243243 218645 454258
-363665518 -299530174 180856 694043
379074972 442034550 398674 456269
-331215789 -32304322 314006 844346
-124548926 -498960382 265345 436155
-25106307 331656739 816191 285569
-183177453 453726718 739898 465790
76927061 -442252359 178130 283813
-350674551 112559767 453192 628718
-443037071 158952648 644369 127635
-113715113 -390563565 442959 605994
-148598034 337472541 245632 792926
448171160 463724384 200517 775539
336204664 -272822470 456206 540456
-33831882 129079330 171557 250165
-139506098 -50926347 771603 201460
264692757 410089582 534962 964956
-359174070 225795216 867559 539414
162621454 204670716 693654 783584
-406724686 -279127439 974539 396622
-96815173 498839453 542547 98715
416344376 -354328755 737799 300304
-437003424 210951607 487047 781091
442871524 -30010781 996839 782122
-36038051 28182710 657190 453946
-38774811 102569756 990937 306016
299600593 -290229466 403259 239037
-353707443 -424058388 40244 48144
-429876662 124571265 77660 702332
179724147 -278265069 26208 550394
-207117142 291106224 47467 157706
-78116874 -360618015 282905 840233
344092168 173291986 561950 879785
-424465077 -70184502 785458 701506
-57398911 210011733 846527 301894
266837353 -8068128 624865 479615
-494011678 476933897 376180 976693
-72341510 -418841423 519988 999574
29279867 126471402 3521 557001
-275298250 -5278319 33308 593762
-424888800 441807457 226624 302731
281378946 -57839555 986832 426533
153678565 19434606 645146 108174
-499182108 -237012159 547469 871476
488409162 66536132 563675 4267
364720905 -48475786 769985 990361
414270814 15695397 606938 110994
-226543308 244087825 14469 540562
-404560171 -47161920 412773 664663
185769917 -80622499 880706 280473
117900939 112109518 38092 116391
-239999471 -425342127 169536 982111
486678922 470574289 933092 210314
-174366741 -76783413 24620 614162
-409186222 -309145385 240447 843936
260546459 -269718826 545427 872022
-157354734 483280567 403380 492454
-300370366 451337445 327268 280525
-385233428 -175344815 399453 852400
139676179 469546263 655410 843921
83326772 203436751 565267 46382
359287444 -19698829 644527 189238
-384624207 -400492056 557236 176489
194997978 -56477909 446194 437643
-143170853 89263897 59293 795908
278369744 -201863717 250097 484119
268868378 264393196 184816 141117
498337904 -37164344 588743 553629
-248887283 -24260046 911951 732587
-147618297 -161466846 272687 331226
-302587712 168362314 115166 654271
-377819531 -487525308 328198 221188
-486946316 -210769062 107332 400901
375308906 -199872783 719436 278026
-374171046 273732242 731306 78113
-317111382 80262294 681251 385240
-371677480 404652654 991290 22292
487858445 -232313072 164867 839091
-179119777 330852022 757681 31318
-405392462 -12993388 57634 530734
-182095093 121085755 807318 754845
459957016 303839418 405040 19769
-111171475 318774449 756615 801720
-139478295 436019801 1399 530104
-106700162 386749791 629735 661362
233563439 35580155 368405 374303
-464788060 -429465709 357917 51795
-413856473 300346183 765850 704511
191741141 156184145 148668 689405
314390046 -59609134 558497 14851
-390432056 391120222 960 195752
276101972 -365606081 457774 612287
392773987 15464636 870794 886193
-28350237 -338455362 182621 891413
106019888 -420511513 507793 837770
-15424036 239828880 206305 578543
121128962 184239320 940452 946922
-183218604 -184631579 701863 594228
8370367 -279518136 881894 869134
372840637 352552063 17255 850578
-265926345 -314867564 145780 346148
33882388 398155234 276531 288711
65487970 -96273161 358179 352844
-119561696 -362887531 554357 315493
-370181979 -481122605 888325 989271
-80643407 -472522143 925939 888142
167915791 105357801 160354 913162
43295971 -327596144 766669 175927
-121502571 -39335781 758465 989723
449314650 15514415 199163 141673
383128412 -177844176 587550 371442
-485421946 -310920373 770001 562235
273291245 298308880 10483 25513
17522142 -83866825 174332 677977
447014528 172225284 83121 166924
-128269530 -353982524 322947 270528
-86588876 59142007 363397 169050
92214186 37240712 413064 700094
130089554 46522807 837397 149057
-212137086 78421783 229127 653046
426551603 -230919935 985893 481551
-32450740 232649555 900826 653641
-97071170 -15373480 90042 664514
-115305251 65240494 38982 756427
117435412 -315940446 353337 783122
-247161041 -132869877 236153 971951
115356572 466905787 682955 901662
-313432661 22226777 830526 421089
-272731898 5126989 343287 280261
235792079 -276907052 571290 801660
-111083180 193200947 884115 118505
-40362127 442784775 60798 13115
-456949885 -352248264 594160 959045
-127198188 143449346 163387 308297
396052966 206488336 768065 517396
169863402 384996524 771196 844950
-225211737 345225162 695810 396228
71848361 338713247 757587 849249
-63920862 -301667553 110291 816657
-342364271 -439655062 814375 519080
130483293 464442822 90077 553502
-422116571 -408249985 953518 225351
440699528 297295076 642771 838508
57985937 -440031936 873271 392127
434984426 252446659 337543 687532
-1419085 -239638557 71969 627979
-496760492 -73344117 176373 93886
124466795 184289372 896698 444170
-33201239 -79784428 822947 772575
-208368226 424507630 617981 672162
-229753953 -452017780 421855 568447
155005765 100262369 999011 854599
339245524 28758957 602314 296129
-168384258 176490892 347852 115006
-196999526 -467970407 880150 854219
147641896 -453474259 71969 799487
-74951422 -490834491 299696 113267
-441144027 -273458992 840843 238602
-223490752 419237508 292757 46155
-162702538 -128798122 254111 829099
386594556 -378821519 551307 653580
-264523542 -300750729 302946 531467
-111620216 81194422 242502 364599
-387924130 321528613 926863 510262
-493390550 -318237053 231330 386621
131575814 233240004 928061 782349
83906782 -85424181 485523 252457
-62135449 -338609145 875499 31259
39319596 -98568216 448169 298455
-144316545 -326161799 674499 609450
475715834 -161734106 536094 851727
-77655120 -429797729 888196 970784
258436342 85305045 666884 788970
124707783 -16116958 733671 434265
-14872360 338309 37386 182866
-157569735 -417147894 41373 79520
-383886427 389681992 400374 726085
-99286938 328643844 398099 832498
304346599 176868596 246378 54931
255362520 -79032419 980719 813441
480509176 391685345 765083 406723
-262091387 -462099056 142511 835575
-107107426 -7864656 83601 461571
-394369843 94552980 744206 297230
215097681 209499976 696635 337698
-3823576 353701005 738406 304947
247198929 -24409744 98478 539344
-88112339 393796745 602031 141093
127510911 288471501 103893 482474
-287250798 -335707375 844114 741036
247640058 321545756 216810 289718
172794482 -495834521 842155 725788
-166390171 -23002509 970235 353379
390492296 -7828793 427657 562768
-53728092 456226949 955046 221068
185609841 220561832 356716 968688
491037342 82789787 569139 198511
-182158598 -445119931 455085 118909
290728479 -275248672 346823 713568
77894760 272151801 68866 9065
117467212 235120136 855264 550473
439815317 58407135 775219 198288
317457404 -221889732 942400 349584
-356715936 93608061 50254 755104
-368354909 286347891 352337 488636
154687521 -435772593 364270 407114
325477582 56419512 776683 407159
-73470741 67173887 520949 469184
354964325 339995498 621452 270669
195648970 -353662291 859919 66423
-497590552 -99092361 286495 346667
297258244 -404109017 529267 511270
-5689420 -244689249 156024 575136
48431962 -189983356 860926 534712
-413443373 393254429 434630 16128
440078823 -446453810 272660 914851
-422723686 -387290248 339132 668279
322215383 -42650434 72608 124954
-447641115 52962793 266287 474130
-494929244 471188516 408668 313277
30377848 414325297 177343 831123
-268374400 499078495 381688 897976
184491209 376568829 186320 238073
-262818902 -235569802 269506 58801
35189179 -475683650 589060 809356
233120627 -273992216 890100 346407
-466784926 -301675820 217760 344403
247815175 -276537594 312370 5689
186854735 -95032685 954550 665303
-75515989 135961673 471016 906125
489837181 -179086688 520098 916031
426887207 194732594 144089 594143
354908041 131748100 146753 969210
-229949146 -81454321 709968 203076
160862559 55938832 129666 473522
-242401975 -408419349 161334 112884
-84225859 -411713675 251346 829053
-482206851 458987731 92770 884613
-130883507 -98739026 569764 6973
-437012125 451461268 936826 744477
32989070 413730946 72391 687385
-46178968 307785158 69858 563604
-433871593 31735813 626167 598322
299928255 45207641 751354 380427
325137288 140475026 929097 879803
-12851897 166154910 973982 96342
329970891 351261699 266733 714809
-183352634 371484552 855968 294907
-305738921 224173812 617645 791747
-387856336 -158109458 596368 730675
-105570967 106376451 272490 609090
-388592416 133864902 716086 948584
351367754 183712530 705380 873394
147602907 370797675 868948 955893
128712078 431675267 711216 990623
191058136 274471653 899881 480658
367786106 135812480 475624 55070
-386949909 -59112030 638019 810170
106066463 412466080 515071 104707
-364395358 -203200902 499830 288569
-131642151 -238745867 151143 816686
316124768 -312679849 723558 3850
28967315 -141043521 97140 355321
-64773848 -205370082 33833 943729
73591802 151635158 377358 170595
233269472 -252546323 842631 50685
375280828 -133474067 72237 878234
321574032 -229743268 723898 546567
8319946 373016531 685150 268211
-267261280 -267921235 647410 806679
-361764689 460698875 574510 981342
-118189729 149712320 511083 544278
112660545 -63886026 419700 715572
-190874428 226141635 655783 414271
209434662 -266420273 555866 284148
-466554640 -246654282 836073 449738
-18087918 -354666279 373022 420176
55698843 -351917361 465083 496882
-486602476 -200608327 109734 419546
-243653254 6524084 792817 464179
-470133545 10160999 53702 90120
-454276228 -341893701 982892 201803
-7395670 -272005623 44786 254098
462681275 -423713340 584800 460963
-359310191 -23564221 300689 911064
-149662457 -197721981 122996 910678
-124990847 -459302586 775047 688058
-393435342 -386517589 91172 966603
-229897216 -172693143 516277 965503
472391044 14551207 695556 882086
-425723091 198127483 128429 718199
221937406 273823539 101238 46283
343313417 -31368782 889406 494014
348900750 -106944533 444208 102842
222412948 -498677444 374584 116541
-299181104 74626480 136249 752835
-217413923 130632114 882453 408144
208325401 -126846756 359258 813900
-430037523 102770571 694728 956309
-189097654 345596254 887874 228476
-455184608 -413654026 64203 772135
-263539927 -223435738 898939 874394
-468764513 -340004815 720797 16401
398927617 -460035023 375983 237176
395659744 -24888049 945798 753083
-276259921 -86054723 672184 91972
107378728 367905370 988630 45078
-421090512 333031488 745967 433204
287860631 -143400757 474025 888951
-214264854 -430384372 625186 72230
258622008 415452257 811209 163612
7648241 319176112 452426 577560
-141712918 -448442817 171809 320801
8381564 464663603 51472 918228
-406065715 -305476956 189611 904844
-197028314 155398489 92753 295212
8346755 -252377051 3061 203339
403968298 -321216035 775834 934589
305074932 406412444 861754 690791
-200531018 -33064917 84654 676162
43659805 -243244140 923293 429465
-176540845 -173741192 682928 160920
456213189 -416274466 825311 754853
14503648 293091683 513917 266016
-108404372 -171757169 74331 468300
-148085375 160455748 138906 902791
260937513 132502096 771089 730613
494469268 202882849 763222 5691
-431038734 -43075688 341869 103975
-306744079 -403794954 850123 354541
-97967405 -49799949 948677 140109
-254902742 122650605 659162 523280
-7371469 -140910019 229593 214448
-469673011 20946342 870513 391575
-271685657 241254866 927552 621984
35774832 110884804 845434 62611
-166437583 369169888 276942 751194
-218515280 -120571680 730094 360753
56458051 400734859 671987 91512
293265142 -395758064 123587 287099
227224124 5621908 856389 137973
427088199 -208295223 720615 711798
-298456085 -165833686 16156 469487
198879649 39720400 951332 539741
-301906008 -133968140 687235 480912
312382790 482022658 58067 547415
-167971283 -408840362 671733 662922
-355973384 -37175147 328803 339124
-84068908 440980907 631329 566235
62390588 301101660 255314 55660
11944668 433252233 319271 681416
-261569897 -72024318 270194 941605
-245232732 470607618 742169 764962
-468029997 489246027 377509 911148
-90844434 208879583 521978 566150
6549562 -321905832 132961 283064
331740701 149000933 916353 803222
-230772775 492329441 791341 569963
54504310 181351697 407191 433283
-108609089 112826234 52641 537938
290524770 202322653 153812 468420
421947451 459304912 875690 468130
461217194 406426491 1157 486045
336432928 -336293653 430531 647803
-479587399 -390128106 835177 536411
-113295764 -176745605 951782 416991
-74424554 -176454021 733006 699317
-433985769 -218204282 4379 786168
-100473367 -290245024 128551 87779
304540014 -482270587 38654 402651
48350533 -6094323 835876 855115
364036080 -253910253 606235 220958
-428062562 -345030896 568834 730642
182766134 -405781014 759538 792113
238749234 236800656 75634 271148
268281013 -141772980 511498 517063
-435753431 297650655 739031 855173
-447593052 429312825 819902 546995
280849766 -118930219 236541 29711
429390207 -472553041 74589 64979
351744653 -152105245 478788 164001
-265306461 198894051 69479 765004
189356614 353628757 551068 889024
-232952431 195673991 402317 137168
248249208 41037200 594761 415706
-247739095 -461105660 300788 960345
350625678 333556307 108767 357959
-65797905 -29902415 915693 375734
-141557513 304182597 834824 246218
435372885 -189131378 328537 168028
-406097487 -9392651 759178 833984
469131716 41970423 452658 765581
411798331 -118160672 728570 620146
155965888 -257745493 82603 567795
251951922 -118151090 804613 443350
-230884705 227939321 871459 907915
-98226355 -305694573 352304 56014
-280927978 290203192 535366 16253
-431756061 -382606294 160311 380404
412372025 -93317463 537077 532431
-497710087 -337332715 930599 844767
-426726947 379383109 583294 356570
-145529823 41019784 404391 257698
23210814 -80591818 136601 589104
-108382767 48329201 533837 356637
-112799589 -306474627 21070 104653
205183649 -270160838 33382 954616
290902900 1788949 534668 219716
496871019 265597158 966605 969827
139118915 -256790693 253290 245227
-80150428 298924391 442121 384754
372292759 -98747910 117509 736427
133320697 187334669 948503 918226
-121533843 236317854 42275 209942
420945590 252465605 161811 403592
-143279573 158428692 42448 393683
-212748554 48319002 18653 763977
-423137016 -411730942 686224 379096
453355933 55721305 734445 665243
315897191 -456762643 624096 792525
327610202 444207824 597015 942872
312041491 -112426372 892538 773067
-305738266 14996752 44104 397035
435383737 -77360562 303776 571140
118856748 -273124281 526672 460949
177021263 -57856053 236105 699072
7267319 121923607 871892 651533
-150119401 -169568911 639882 820177
66874721 192942131 695457 305170
485253897 -277479176 791548 950956
-367068446 94141520 461085 867860
101422487 346766145 133414 147255
240826270 -36884940 103541 233460
185128613 1207423 542759 321659
-355843541 290820029 474112 90285
244583602 213052380 398875 490997
452011631 57399486 885974 104228
-424311020 312574580 444617 574820
32005299 379335549 60708 152363
-6667074 -223491721 159004 401046
291403867 131264241 272530 785355
-398326453 -3947684 646225 76771
-457906133 179129779 692372 849197
-58766266 411196500 926446 670156
325956373 -130157582 273754 251195
-456814252 223310244 622879 632753
-293661247 -290570731 501279 944864
263164276 486786526 926397 697943
415846870 108784881 782953 605703
-252106177 -227685076 242506 138146
-388790992 435224077 514630 660127
-424972503 -433966715 383793 889754
302118697 -482416667 321935 964313
-438724928 -234786571 581640 905898
-288695342 183504932 524135 45416
247324650 207559641 311886 334428
-188670152 339015144 553722 886335
13962537 192410912 817455 256285
191880865 237606401 715584 868950
-103682088 -240064374 17021 942015
-418629170 144506161 235897 624037
-230571668 -202679060 763574 524913
-59529159 250811500 311984 508007
437423285 -155888254 138761 982742
-255402726 267016376 559064 915677
218196155 470259891 402938 640916
24287056 327499891 618743 53926
484717417 311528837 664989 990042
46353434 -196572663 971652 690029
147670541 222340958 983084 651275
-463023180 -249351316 303234 514410
-75588970 94663821 539650 493124
182927307 361068056 460278 230511
167253891 -47250548 552796 535962
313877952 -371379483 919333 200512
109897241 482064413 341733 492471
-450002856 238788308 733341 591926
487635453 -131555494 357118 759186
-435161892 379157914 325602 397796
-242111766 185836819 543104 566736
-7549957 62675057 726011 216239
70226341 26788039 353493 284893
145900868 297276012 388417 323296
-448745961 -412435601 15317 521715
248912264 -449099337 301470 915119
423720841 177290428 899470 712981
-23208678 -150425892 387792 103034
-334555929 -66361253 329980 436431
-331972595 304749050 856102 440588
-289384195 219941682 482769 699769
392761465 -255380672 996313 693181
422399138 161435437 857587 229048
-115085269 -33198189 479294 445430
436434372 -292159194 616552 136608
-418561853 -217007901 139459 119773
405879982 -75870846 65740 889361
231556317 -35039736 44250 323463
12920237 -242834567 88544 203625
81537886 -3590230 927711 972012
-372793718 -379487437 565867 234697
-164877757 338712195 929559 392997
-446943289 -215563761 16511 932498
-459329566 -39764814 438702 136930
-149254439 471701882 822505 817711
165240486 143605323 715749 307918
-135913967 258190660 532022 819251
420826624 -139463131 861384 963069
-154842069 -123226803 219104 244563
-59075219 -68225286 146266 40266
-85006385 345267473 415760 325970
393939773 366055102 68616 227651
-197829233 -145396232 217346 345926
336697301 -79397702 89958 592159
-197348580 -385488125 773149 839112
309223393 -25330954 814540 676121
239103504 -353901279 891374 12706
-272529993 -253674278 670029 733659
-463950772 187069638 985693 614515
389566103 298167155 83253 644676
267625277 294717477 85611 391208
248921067 67720110 331082 989157
-471350410 427255602 393475 839047
-135800165 -79080756 846143 726119
482383657 42917335 792616 590315
-311095049 90721477 166314 490002
-273493921 -422433783 689781 8818
-421426947 -91314976 37818 179603
499186557 233722641 508162 222500
-271531314 389025958 769398 81460
362049798 126023863 875530 443546
7283154 427341665 757446 532853
-491506536 223745238 431730 272142
415000619 300342158 597469 633946
167044138 -322063460 267978 554715
-325926411 52039451 819192 14821
-176576179 93141447 367949 5886
313379240 -135366819 746847 466222
418100968 335724380 85143 225523
338839750 319437855 151439 97040
52338595 -199644983 136552 449279
99847738 115925591 29824 891603
-50555923 236315785 467348 762482
-333649350 372116330 422527 781745
-85674164 415738750 394209 521610
-489318482 -371334520 326043 969724
429969690 -248667403 938870 382016
238854256 -138370584 397347 162979
47396034 -78678557 879837 525124
-176172148 -252246514 733163 909228
-207523327 -129347032 224641 497093
-399634048 112269063 661062 988793
285710117 339668429 824689 428584
-407387012 217970601 658828 386053
-58167737 -368893414 208974 421284
-410976555 -183122731 300902 475256
-254244941 -438754609 274057 698808
-499766596 307929225 626332 142811
11940742 316707907 492850 880323
156973725 143997946 111703 229741
-266332362 -332880937 748918 993112
-316159012 198710673 598599 961898
213378467 201185242 218123 383533
405163525 186864750 192808 333430
-212851260 -255199168 762050 164884
285883527 141667393 851987 692559
265331113 -255777909 815140 499728
199440679 189626242 419361 518048
297344343 288349149 249319 87431
-178505154 175594421 406764 628903
499958218 -91005647 791367 374790
-363910902 -326720241 574762 815463
404428388 247833333 449096 718058
-442091118 144504038 397729 731598
96102717 86404048 241195 610519
-372836812 -30649022 696159 341706
-345697207 381419578 523357 390742
-441846072 -317306084 814716 375245
104764565 -287918913 517170 991631
355391969 112103586 770652 426695
365001608 287244348 660012 446735
-488273397 -307244175 351596 801775
248786469 466435616 28083 688451
-100665076 372057817 354723 302266
244350533 -346333012 297115 591610
242355492 190282269 253888 875809
-220703777 283463987 671843 51623
128579150 -8027985 199631 238943
-13232574 -421524902 440562 10012
293989247 401123960 737958 340593
117298519 -52973480 778586 44240
114053092 -131015520 92947 370402
296068919 42800214 84185 192998
-418752774 46974955 776777 148671
300625169 242329741 520882 841447
337176571 -155964170 556947 797798
-248243117 -281924785 649206 551043
312410429 -224879169 810615 274728
73215996 -90038891 918178 727441
164433569 332561678 285882 767408
-51161634 -362063933 72406 962913
20130226 -360319130 378437 331485
-277492505 -449632749 75901 560266
-352423482 -312713979 978949 60203
483161592 -481070145 812842 403015
476381168 -473194332 125226 207633
494691609 118214364 828902 845019
276780190 -67232174 801926 766696
-1034539 249080277 517673 205726
-213958839 303240030 713735 579866
79718242 -206977935 903846 790558
-465298509 471083164 545653 6117
419966944 413978140 527881 203992
-62409430 -91246945 371249 937369
-33143399 337262629 416376 901244
-480117820 -288154113 371510 720661
235262272 360186362 348691 646828
21175715 -218933867 129370 321549
-128224716 -332155027 367349 566972
-258296783 -255434566 608011 639110
-222788677 97926898 273906 634611
-315665054 -307028841 291082 389023
-193009192 -62851338 961320 270613
217126570 -442731336 214890 945010
-90716058 431093685 358191 305744
-421129479 83586959 719213 954687
196825320 -174737741 284740 903129
192254225 -323980738 509284 588220
470365981 -145639285 668620 851746
381245202 -298116003 905901 124063
-469680123 493988006 556973 800823
466961388 -170346766 683783 980122
26547858 263003763 380303 615677
270574499 -356799063 2771 820566
-3221529 285956125 990260 922189
-423636453 -390007147 220024 93020
-409747301 -684092 872628 717582
-464261366 483975987 94942 130168
71651657 -79061646 538864 894497
-296716895 -53421515 388896 473716
363190480 -448729447 315447 686480
-436127563 -26324604 753617 470077
312152469 291452457 670832 68794
-140806136 262581419 725564 754930
366369155 265810649 486619 248013
-122157694 319994136 816361 638370
-393646242 -170159341 707465 104633
-260051878 -196472618 905166 667331
-2154608 -17631998 865513 259749
-459079616 67230252 838878 372751
160400992 468399453 508473 804489
369533403 147158498 873915 113456
-361617749 -7094638 758268 65086
264573459 -201377401 946359 100693
-436013194 -348422935 583342 876507
389935315 -171289371 765179 172862
-49247010 300572861 827317 3800
-249290565 431546106 335739 605806
-403234471 181263548 78048 858131
-388098455 -243646414 509299 792618
13266170 412601380 728809 195144
156281779 -437207891 440490 335032
198613164 204503412 210072 83370
120466047 29783343 503392 856308
342997127 -390686321 902787 64534
-322551318 -403988896 820334 107825
-334152422 -56854735 286253 279293
134927781 310400736 891501 700124
-92011322 18415037 194332 425564
97422104 201542750 357420 364618
11326309 -64320769 660663 206765
274247837 22157715 862077 931814
212811490 196887659 884296 336162
-485267008 -81234558 532144 253881
-270642822 -309674397 809531 691750
-55234177 -339332425 448732 562147
-202468497 -467034597 516129 823372
495521418 -56848555 637729 883594
-228228221 -142269349 738098 277894
-302805257 -343841082 172500 983871
-228199796 24942259 145410 180629
-379967590 347228868 60642 451176
64396640 120496378 15622 581933
-300259941 -47060829 160650 568433
96732269 314328469 35723 144481
-382117287 -379322618 244470 820854
-403085205 -122853365 678779 368699
58537589 -491845716 738143 731324
-229869197 456600368 716109 827601
-309866838 -443711405 99444 999490
-117001329 -97931910 17396 722065
-432872526 -277336013 957879 171636
193010766 292487066 407127 133339
-481237680 -141300690 431177 338889
148024015 146080960 614 313114
121115689 355740295 574743 626595
407005883 -414315439 308509 718454
440043580 9032250 465348 636087
421325347 60896703 517661 97252
-381868996 412327475 869588 619297
-29672770 299180766 679102 679249
-395891273 -154776592 60697 92753
63503772 441717392 22408 268243
450898002 87821700 433340 678233
314706792 -356948871 612655 623184
-181833368 -77098512 276490 955719
381950019 -91554363 750631 483274
468067561 75714095 911775 178363
343616620 147354853 416668 175767
236906337 186873085 297635 892177
-406223762 406010213 191228 338563
337635383 -289376052 584379 662423
-313374537 324801298 348746 786872
-207872496 325788446 478586 823825
-346862214 193192894 794984 677870
-177884835 -262956270 405430 77048
412467397 -454131251 646672 769438
435401690 435894563 919669 855253
-455389192 -90444324 756966 634496
-405832341 -103659382 230569 798508
27139784 -462305577 273466 384434
128800234 403405816 6671 111808
-343823224 314343998 257927 439025
-296466320 -132752437 53358 503575
-269067422 -344812447 929199 911259
61344907 -475409322 927191 735228
-369475683 17760932 255362 425651
76327303 474242589 550820 348023
-262271045 -182890443 150428 460393
287778837 289877561 613527 974025
-430872082 322297196 973852 385964
-286532120 337686984 138152 783431
477145942 494878067 225371 780491
-73713732 85724989 690590 39296
102262368 -180886410 778934 353403
59158949 -161089675 628227 754160
-136137383 -412833507 551291 607023
330393806 254482002 961104 438357
310293155 368702253 103418 268239
-11591867 340162736 552081 986944
10570090 267341553 233341 698684
60854510 -461063475 396756 88174
-119844980 -399885544 58787 324829
75345721 -198926097 472158 175377
-475828195 325528874 889313 460558
272742446 -105952530 320802 21887
-4716437 -420928161 800438 314798
-183232589 271505522 53948 679280
-6478016 319276768 935850 594590
-3405629 375699766 231346 516157
-57995236 61384713 456208 305855
407107253 -130441912 903795 398371
-485881219 440089770 266629 260919
292023932 -73581754 599001 703998
310997272 324264001 88240 433836
1318883 -153176927 260712 610509
431375646 -430044096 408130 174534
-56484145 -177931811 293326 997876
193224058 -422303667 491317 793137
293201023 220318927 695203 648373
373023760 -24034692 477391 430168
192012492 308137693 33448 721781
-483043587 276042135 508254 595179
-382868117 287632193 819081 486909
263709147 -463658154 699130 793177
-432349401 -223832250 885533 639030
-277270789 109607591 264519 437462
-181180119 432010377 584866 501547
-401781078 445420006 930866 963350
-31017934 -42298568 20803 202058
214969966 -7187675 522865 945743
-225294371 -216655786 794644 677731
-180972472 -244074395 835718 607739
-231960096 200321524 622482 403751
-106732046 17543643 334650 733459
-498315447 377455481 629349 567913
313764384 369769004 344291 567892
289867202 294177243 478943 987680
160669632 -122840912 610336 35581
-484440370 -266106909 4219 920291
-393258693 -238032462 401625 753615
-494831860 282278509 24097 31083
-99193420 -279242579 716993 637451
-463651983 -481931612 564830 49939
218784837 -57221488 120790 576119
193015440 -415554486 522350 850715
-137401529 -195333125 794141 877465
42396627 396772333 518452 749280
-328893057 -363108377 141817 276801
6704947 145031805 692901 981013
416963554 108055824 922467 204983
171941647 417046274 706958 178223
-336563624 -259273731 579426 371120
122475016 353226782 528726 998091
-295999931 195652222 771642 494706
-28117313 -264883198 147283 419239
327169117 -411640117 326557 945787
396779581 224040349 365054 948269
322118588 -441814074 320060 248943
-218361657 -346578417 682554 316086
-225231717 342736696 721808 267009
297354978 -10675694 654825 584357
-436975736 -410532376 750182 794302
329595310 209036168 599074 452689
463016888 -447365391 940688 298816
-288841318 272440320 246632 14640
-138579619 6013761 942043 146338
-363973633 303446818 843701 776902
216041809 247623260 648966 387956
368532708 -300348647 237730 43510
-92651826 -268977000 634179 872104
-27243565 -154897280 769842 377480
-297063630 201384821 466301 12304
-267581445 254827502 193340 208965
-79325116 397593259 390977 67903
341004225 479035466 264773 825929
207579644 -231880711 860212 765534
-330308559 -31535802 912530 958420
452895432 -493463789 778824 135509
-215065489 285533093 794639 266375
-141999404 -18486821 307000 16206
414680316 -43060357 999637 301863
-419517629 -436887384 998216 13685
353585392 212847216 672038 320729
281910644 -373630 937159 855418
-252452545 400792573 815340 295076
226003007 249615203 158349 88076
379244535 -56250964 172031 917873
-336438984 36435575 531967 586911
-341930114 -398886565 114142 490510
-177756695 -265919908 305864 641895
-489419307 122008441 373170 55846
-13415143 -126638238 378720 823322
80754649 -121321656 793296 962570
336546181 -429939023 480191 81178
66330740 -60325846 215219 972942
-120812282 -255206169 330645 96851
46845448 426909083 122187 94413
-118362763 268212408 441925 666348
-200737197 386134334 781920 758899
59416612 445575570 678828 294961
373629353 440230135 489428 280487
456011369 87528986 634736 25253
-421032874 -344821353 850339 669444
-153406900 448503636 767077 376332
-241639242 -426293382 873915 812550
414264911 -314396911 313801 399327
234746118 -319743433 958526 953916
211065341 -343624788 378435 424936
-435862049 -151174661 388131 203225
32392413 -158399436 108804 601562
-299169222 -466107591 826857 549617
-88971312 -345060588 645338 260161
27680270 -41993108 975468 489296
-486727792 96786708 9896 210147
-431001511 2319770 228998 582129
426699981 19408697 303848 222165
222679112 377996782 251810 573853
430086890 -439735101 815832 845041
-183882774 14423607 423263 844904
-87635802 -316629345 485787 617639
-3068454 -260554917 912726 398294
-155357908 83874700 944185 994729
-55606058 -15399004 229886 803988
5056009 -188735347 633451 108863
-204379651 4404457 896172 409815
-111560806 -348432268 193357 361022
297645500 -28349050 568273 822306
-439505369 414653109 810673 820843
-220154617 -71710056 221748 690446
345109793 254964646 278951 255167
-316065124 -113405380 779002 590531
254493798 -241507139 385399 61155
-429300155 -265782317 621663 773692
235393402 18114260 250787 889140
370800659 267949633 120700 449863
-263106354 240295016 448679 640767
261449637 486840873 52609 223874
-478425861 138749909 628154 788549
-183579807 -471280590 584633 494751
-429265915 -442320997 136845 884856
-38694985 -316176572 616138 508384
-163589479 -190225209 868284 648356
150401739 308918707 702107 483666
-244403621 207827536 267814 449258
-172034930 -103014667 364845 779582
-34678523 310397849 733546 368463
-291841046 153162392 260620 544191
-107364927 174902090 304225 200897
-375205500 294023978 212527 17295
-494560551 -273433056 818186 29901
-48649760 -45506974 290674 715970
-350350940 54666503 249050 719859
276415405 50892586 150084 562782
-158181198 246780855 257543 547216
409320555 134308309 35634 82147
34098309 239086064 10315 179672
244651183 172094306 327728 645965
363674578 190639805 906015 373851
147805789 -14778697 886097 949902
496030654 383250355 911041 786370
-144012052 273969128 138 829142
-142119391 -8969168 250734 490000
-124700817 -421078350 950797 91335
89830046 -176981594 4387 255269
-309253773 -484144700 380053 529705
180709295 484471409 502166 38532
-471558117 140148617 317816 77665
-353052789 -334525427 344696 604059
-393862092 -346411120 259641 706818
267740642 482077596 902299 733809
-368901745 150448584 411720 16026
-468863085 61123215 370043 569250
184186985 -187361057 153829 974221
-433836038 -261831306 770249 772244
450865858 352750111 465644 661395
-337496396 393280489 651448 770437
-432976382 325990182 685212 894421
394028171 380690320 166144 315984
-464273952 391392903 704036 747580
-323686412 -64252554 291860 654210
494525536 228414035 464074 508422
238358609 147242052 59104 723351
474260063 -140582289 405570 268075
-186058102 485779840 101316 227779
-445880880 -208161840 527989 289400
253616049 189231392 693342 241620
389350209 248573669 124301 124764
60766643 -34402293 610377 986863
244165106 -74894523 364603 276332
-427340639 231486085 732602 60721
-188866131 318423944 938546 449790
-356686453 -464306296 127343 309047
434488339 -285916139 99340 913864
188811512 101282558 217074 918115
-375330845 -414981271 865231 572325
-407152084 270751746 584086 379478
-10272203 -367117232 643884 946383
-293206430 -164256477 213046 774582
-227325512 -302127574 758524 610661
335838225 440823457 431738 490473
29317626 -307890905 584195 937958
77764649 484731565 720722 740376
453382302 17314955 981167 855860
-461518508 -60471379 655995 625517
30442148 -142178070 576280 498642
-304827081 401299573 192759 533012
489515430 -129589652 604991 52838
168514480 -99966322 898967 640893
-269752553 428992778 80848 431031
140772887 -256766862 521778 148888
-105607804 307225294 404386 782895
253516415 213788109 958956 952919
137688020 -187396585 760691 180953
-272298765 431681982 207154 164463
-302218614 -197566510 863342 87139
493922491 -371621101 548794 575062
290003199 327090113 258790 461533
-18730601 36839568 562758 907142
-9262422 243850936 110234 348088
-210925824 475806504 776863 801912
-354834343 104557274 808369 209032
-444867221 -434884542 417755 522602
145910647 -75559456 873597 892482
-156503673 -430970379 71384 995289
-1092282 -383658159 873082 965182
405112699 36795723 397633 378375
181530660 132992203 663949 329141
-309498325 46529665 819334 60341
351802055 -379200968 370118 586243
-355410830 -245105851 881253 49001
102604709 -108417802 116965 4969
16097152 297057727 834494 598972
-335426406 472571623 822679 424126
-9094138 221935499 16878 853065
-469186731 94826140 481622 970738
-31252046 239547189 73831 910958
1677277 -285908469 817541 861265
71729088 -302428158 966027 828466
-140781137 -289492972 811947 541762
-291665652 -232742874 355581 597766
-77445719 92606141 601040 107364
-336157009 -318292650 102098 769599
-476044543 -61196207 305391 527702
326597829 111200748 335423 218714
-53250642 -401309819 198916 133472
-387569358 -36013109 852853 781099
-442734502 50971074 221022 783616
-376683479 -257521710 107925 149736
334241119 -498248367 527080 641162
-334189180 106473203 594283 488639
-201214663 -396792497 625500 752665
203540643 -235752148 122035 608214
39342314 -61269728 358517 310219
462094358 167986889 664806 440620
-365281518 -391994457 608155 183354
-401307693 255803797 809837 732617
-158202478 -375287582 590538 795949
-496988875 249847824 457765 11905
195757004 -273785559 590286 313171
-210153674 -38914376 861788 679215
-326504732 367380075 567174 694535
346795843 -98891888 943036 524930
307242357 -27692446 382091 286643
-184896031 266472822 334359 877581
-341270228 -132876887 855118 205454
-166254095 230508654 479760 989358
458630055 -27163062 315769 477399
265028525 -114112426 782457 80406
-394357350 97915765 784624 43774
-99389967 -8920295 829596 996305
-475808734 -150065782 375990 844163
-155262416 -117972927 894603 961890
376140719 -102334071 152404 788002
-469573755 488880087 214720 573516
43769985 -323261248 537514 220678
-173478875 -409890839 536763 778885
-41039437 236891782 823015 675591
-51988439 11966793 429760 61450
-481825947 -272717843 78020 948451
38717494 -47561509 471554 798543
-338535920 470254505 295091 533524
-1746423 -387612813 836801 626916
-84390760 297165675 774581 426920
403809733 296138138 312188 267859
-334590502 -238525015 148838 998136
280838192 -259985844 652683 699206
276663586 118502219 974088 767521
228844590 186628582 112733 375469
497278341 53385884 797657 513102
379677905 283738347 722038 94054
77641491 -384215960 105075 508718
-212076562 -156286042 4271 916476
-85806158 212551384 492564 689003
124070985 -221736615 281168 371588
-416897263 -303348254 350546 493571
-282485815 -155729239 529451 277862
-210576390 177924945 479324 19687
88670347 78499222 397297 479973
194280462 65865188 155820 827901
457659905 -458071802 767825 618385
-69250655 -162050313 462733 626986
-406254491 471701717 195076 936826
356950558 -121329165 650934 172282
85477033 37838861 715021 382962
435255117 1489558 836869 3031
-208166984 -337054930 30200 858702
2274449 -426281168 236421 608143
-475516999 275498087 670236 548965
452666404 -346186016 978665 897873
-238221491 -126320678 620315 119054
-252667430 -355454257 737712 359503
287204827 -93423842 658086 116326
328747427 -110335088 173170 475420
-289220666 -297076723 587860 757934
308949553 -268276958 732949 8275
338132113 -298620427 391634 345842
371473547 -201519444 641290 151973
-238937125 -366762470 29141 71049
140508888 442317269 247269 48407
339173755 -291515773 555170 788969
230404836 97139154 577013 684377
17591250 -279063334 965514 912144
-173722735 -291613082 454780 776235
332347344 -27343524 178433 623923
188655504 -288938556 68259 666997
24534329 360791158 574889 766
-327678009 -121495708 533972 898421
324401953 436372097 268421 318677
384955274 207193934 234300 526917
335118896 -410384129 838331 953877
-236739358 126030158 327497 552343
16930015 -480362533 198354 143640
106648777 443996734 12331 101242
-40092231 -175001941 598644 131759
-377876628 -279957183 286807 806036
-437564006 -349827601 381676 745383
-225073049 -192352509 336191 544679
-109459469 261712977 864937 120583
-350105844 -484100 999194 332238
272090883 73570276 913145 297358
43829404 -8792351 712766 796831
61969254 161121741 484215 98316
-53087522 -157817328 395335 626155
-430055557 364557364 560513 312487
409066913 163483986 433630 787139
354343863 -90301896 323219 850662
437218453 135399488 861226 19866
-192663192 178212683 318082 902123
400999958 -31219474 361820 730779
244326183 95997928 177456 423334
131929891 11346197 691432 10647
57103570 -134367785 811372 990346
335797724 215562675 436233 947212
267478776 -199603076 546526 392556
297623193 -200701600 811545 736446
424419612 219796274 33451 195415
170840747 75022655 338111 63897
-326229944 181171497 213051 172925
-308860386 -40366118 663715 476564
20123378 -384132346 421275 810648
191279288 343912278 352137 259758
141923394 -3892426 696665 922811
-5797356 416540732 394842 450016
252459090 -296971981 127302 412883
-223886886 -290553660 161694 999899
-149198738 207860928 296948 243432
-174785526 70673421 476738 803660
435805525 57501482 31224 763610
-270875342 -15982752 906387 581082
254891893 -403256185 27113 780645
-76543821 -118706318 475329 831779
331133234 -260560648 78942 609439
385547519 407933344 544477 547588
162929951 394578408 40308 111991
-489494563 117170482 476570 393744
-368837054 40496069 1782 500004
-152782694 -252995698 561237 810517
-389763358 -327874191 580287 65723
50586292 332898779 330880 735029
-30250535 491882702 154783 772166
45355165 -49970521 70559 320213
174274271 -365358402 306396 937023
45575693 16906738 230976 46048
49574439 307139902 892177 586489
175111326 491907061 298085 129917
-259934888 -216081510 840688 414712
-499129392 -428062370 976894 359197
-67332517 -378089674 581244 605482
235875717 -463133544 92528 381562
419202771 216313672 936743 795457
-186006775 342255311 847577 515330
-338791990 -280734595 419760 335464
116092493 -379994585 166986 68353
-19953843 -35578320 963138 288831
-159293840 245342307 323400 881131
7785817 -367213447 285358 277655
-473830070 -19352312 964490 494568
17382749 488669656 113320 848824
449493803 -122070791 421356 910063
-156324495 467261710 123955 93348
-199171908 -102891954 210604 312240
-377155630 -238714455 639120 905950
-415756610 252987394 281087 561342
159971964 109991323 64696 613976
103192892 256343439 144949 366462
-112417962 338406776 636385 256827
-148364496 -34895258 571061 300726
-469752521 210712539 240267 719719
-72295353 -475383934 629010 310827
-336090395 -276582458 642082 505521
57687302 400609323 845843 219281
178733324 -300881033 936516 967121
-81578200 -80218866 628360 650821
332054601 -474618532 296943 293710
208125119 -403895446 105772 235074
-27296364 -365092825 296428 200824
-140245166 -127218847 126186 521110
-460557262 -435790336 233973 736982
-252959258 199586359 787326 225473
7966585 -340245229 283507 916665
-70494819 390549855 862902 267426
-184362171 -166858318 418075 910015
-35975017 -179952141 553937 680647
-339270270 -146854770 989603 366391
61628746 125098675 338531 199055
96984178 -179732095 332149 332894
-363729532 -38880474 741731 100448
-99437161 -360242630 240241 31520
108939503 -119381831 797646 315912
-447531365 286107430 395591 451930
379319701 -51669860 269711 567328
352197637 -378449486 709907 518557
-352904449 -490024753 52125 289560
-131397894 -335668021 202387 884085
-3422244 -224301888 537418 261167
30285079 -72237080 46630 318119
-413838107 -35804442 91858 217966
-283746015 -314809497 223070 993076
328916672 463566934 270977 400324
-142875770 -15306333 686538 862640
-32168005 -58983276 948994 363829
201781081 -22158859 911294 455548
-91133600 -191783059 165124 804092
386981078 65614828 629720 990012
27787615 231114561 456162 464630
-35059852 -278529848 955901 359511
-401298877 420140352 789982 522468
298285859 376317371 324639 872310
-199312205 -212337746 40871 868582
291189134 -211105752 31032 799939
-46432084 -170030560 381909 765632
314350936 -138930739 572459 983370
-84156996 -398162712 616792 830433
-37669506 -28158610 277980 733758
16040316 -141446961 784885 676863
372305001 255028083 331207 452951
-377632661 -260924578 586177 556550
-124338862 -169959042 268190 701818
-221406746 -365869164 35528 128322
-318378407 -55586627 471191 537515
-296776036 -217870283 388153 883661
-106267866 416608525 347403 736860
496474095 6807227 434054 944506
-441974963 -486453733 976620 323604
351271478 -58827067 672433 717597
122995138 -144817417 314744 196135
-240226170 157069595 937763 276885
-46864606 -161582608 626486 282450
97092599 -251816102 627674 842344
489674230 204461693 977534 742165
290410027 131824727 979569 625690
1450707 -98134200 952845 800665
309755009 263361502 698728 179834
385129074 -103958221 242203 921843
-356539470 -398030307 175701 65946
-81061382 -366551042 901954 987964
-295428134 -393292228 607021 898877
273531464 498078361 162872 995680
10599438 -145102445 361338 349118
368483010 -226205124 583207 949004
-486528466 290068431 916536 21024
302505393 -42171615 329136 222828
-109325865 257243958 787466 53416
293863315 -243211024 494209 247246
184706531 -18689158 828543 691042
-55787452 160295762 920195 269034
414115327 -286641920 570798 183052
383988967 433856808 487646 389896
387756552 354677884 747808 864513
-463535592 43950158 606386 292952
113766156 239219125 382755 769318
-42916152 439401307 488535 740949
222424302 393848802 358119 757788
-55901736 361846513 600805 898453
317720224 -255143201 179260 80764
-145139108 323484410 315318 628806
477183079 310508147 524824 979099
473825754 -72557785 461298 69467
272736658 468454926 201672 546508
483326808 -60381380 718628 100248
423071255 23612298 551322 598345
74236071 -493094750 977148 331016
344011021 409107877 117344 502545
118634873 259572028 722354 408403
447609492 376312748 347577 790387
285189625 -459883548 453972 91471
78930702 489843711 517031 527352
367705255 -191078588 910478 678968
-326881213 190740427 80139 852595
-381581015 347090580 832110 163207
-246363875 -247402316 799649 798350
343605162 371140044 839040 185026
77349072 -38656340 630774 709060
455340013 247408492 712713 734350
-59717401 -268964867 506649 997801
46745750 -389559368 267626 354330
-355146573 -30530708 104424 206332
-164191505 42566150 196491 80697
352239904 144468956 939349 244837
-191155050 -251338441 35127 400013
171158457 232951893 686244 517115
287157713 358906271 92122 862729
355488827 -416949794 238422 666973
-206377588 375081872 149922 550165
-97246559 1988650 705774 903249
239138373 348726653 861962 752295
-372467848 -327402701 622590 443770
-73772446 -161508232 188679 393509
487793620 -154249291 222446 808656
-269020298 -403490185 108229 617317
-26829165 92958574 728641 905309
332492158 -442932078 358127 140020
482729375 220212064 684757 754939
-290112995 -197886142 598118 961612
-164322518 -112630259 904672 717911
192354790 72734372 581574 24219
-159666447 133979578 927797 772721
492386704 -177657676 20198 371074
-317660806 -214505812 977663 882777
-121984704 -244826222 530646 513363
27679064 488473965 522755 779059
-452631611 313155007 492576 416018
331015780 482072839 33823 674355
-113186860 172474464 636297 362293
-410290429 -297079481 106831 642081
190922578 -346288774 838542 623716
-369108124 -55276293 573860 765334
-49275256 198057012 806121 346744
153915584 -457985484 280333 407549
-394035858 80259351 919564 82751
-375717244 -382676465 703122 738275
197813328 -422684894 926902 302976
57892161 -139693427 993318 142512
-95177235 6022866 399117 410438
-86822464 470661507 446552 529546
358131227 468626110 480230 620622
-182116966 493197894 979549 672334
327659886 -349017538 784214 650882
93934313 114974084 869496 282692
-49840871 -230389337 999074 63449
223547531 -136475001 712898 458334
105099057 330936200 900035 961681
376921182 -229261198 198307 690296
-72692499 389341160 150242 937393
-96364670 267078531 120150 438936
457657064 -148056693 277852 641934
425882266 209100881 711465 554924
494887261 -261986243 400964 373707
298429198 285871225 133392 398379
356688578 172317768 399162 943802
-378389820 9664889 513863 754382
-73551171 -166572754 322465 685585
289551513 -468389396 673279 283818
147755847 -115409198 380275 3515
-481486873 -119465521 53699 521349
-31906932 -228890636 815011 939576
-39139056 198044922 11325 373333
414159970 29840950 925880 12750
63556833 263247595 803808 270863
190280016 -91167153 54571 801628
493918264 -153866283 51526 481985
461119048 322338041 253410 27051
250455684 277142418 96160 696183
394085398 -148175088 305484 78164
53766101 -328224967 527841 302623
-333372584 -223640761 425842 655436
-213073294 -260129487 597405 180677
-287393544 -399905904 98202 93546
198585173 265561944 328858 571235
452371863 122461051 185984 185941
423693047 400072874 128256 960112
-183911417 333419730 79397 155896
178220838 -100833325 720245 141764
-426582999 362028409 21349 330174
360684556 22268850 143566 905523
491311503 -138439172 206816 902291
-458131675 -112110556 447384 334155
231166676 -394358159 578340 440519
-468668866 373008657 878385 754918
-137033773 -370696413 79648 175737
401195687 -57952481 606186 716668
399859550 164548579 538846 631216
-109839293 346411076 565846 832121
463884747 -242078171 244810 900745
-89553220 46910820 945977 535129
-221273472 -72900667 684416 307006
-373342876 46339022 882914 497640
-339068725 405450853 12091 970977
-192027413 -52913974 785342 182170
199398280 -313821592 213100 20774
-443473532 -80559899 773928 963896
-163034162 429330384 704270 148436
-454462460 -388138595 367973 597083
115882803 -405802947 474864 45620
-409601863 112136538 941795 840729
-436854452 -479600084 22323 744443
-270898669 -269794053 519110 533395
293269490 194771505 284170 595655
439809251 266299163 740770 773876
431998847 -78461892 660154 459678
224141981 238587726 78907 272113
-344315631 -303709482 495002 998707
334406550 269186402 136843 527113
-413613882 170218082 53972 507747
-68483771 -273776991 484476 535044
-371218434 131211358 558242 608177
139473675 181299688 849846 10333
487706785 -63822320 271759 534162
426711710 237339552 218810 602310
387594397 487631103 176727 681416
26397840 67574691 605496 202527
475127963 -273000411 981457 742115
143388192 361872273 724548 332471
-404978033 221043210 295363 164527
-32309624 -236909165 976598 328476
484760134 390585698 108826 693480
-310366800 -113555803 642854 447890
-255774287 -192648395 996016 946202
313844791 -399353237 908512 923817
110639704 -273302627 680959 586398
-233547633 -460797388 743822 279733
-435834077 394335595 291956 504342
271279784 334214054 620047 919352
-231157089 381003629 159787 692080
-395152328 109795843 586512 540762
473736505 155982759 16309 44642
-61964554 361138534 40083 251760
-492652160 -165316965 881557 100654
257626331 430067205 144107 573495
49167974 366719107 302462 314397
96575583 -25604242 549246 581271
-11554433 -235169133 492951 546885
-4293951 -271944757 363393 751650
108199745 -170182087 361270 592133
-458552257 249622304 642303 853268
364455746 -315809697 285864 565061
298054745 -288111478 675602 297234
-315452291 100625573 965607 74297
435121170 -125210753 950440 288749
-357448820 402525865 501794 296668
-89326033 115146514 209023 226718
192126702 -466718400 67832 383031
87821173 359701805 626472 96521
-285537470 58173372 120956 427033
-42115626 -342309050 896443 947019
486284581 479239153 528349 682661
-465390995 287123599 816174 934122
-275351678 378671887 990441 298021
332331754 -95651573 168194 376934
397199119 168425341 561643 554238
28718369 -218691184 391939 247590
-207731322 -244001644 745372 836351
-433631233 -329887988 308775 588852
-472278696 17508066 577407 426235
384288459 250585275 170446 360763
433612019 126548580 928224 712200
-435181464 -303728021 66242 270025
-49115141 17267915 238166 548987
-249294705 -345195329 154870 498318
-476338542 14898103 469251 244205
190630167 135378280 294793 157275
-394536194 341410639 865337 957296
-335679635 330417601 385316 718480
-132925211 284351731 571643 635296
318046564 447018450 636734 845336
-302476699 409960747 16465 885517
-31844938 160869654 571168 620404
-29286041 -248798464 384221 112116
60301534 445956180 324326 138150
-286758136 392298950 25217 653100
-21362774 103390524 456841 173675
409360853 491457624 319074 294438
-421236360 337395110 675239 35000
211080208 336523871 50278 552494
383345786 -166192424 51137 82495
-151767576 -365360758 370101 605288
95790782 453083702 972328 134213
276308181 321795577 16085 818871
-369372879 43654092 418266 791802
109009377 -256309363 506285 173876
446844905 -232658768 559311 600167
-282289894 7043460 928080 591472
381293650 -206806650 705600 916565
-65572267 192643784 301673 451452
-408654285 421923244 559992 928690
-18401339 413750847 664917 640535
29149781 -420330193 50325 26666
-70082211 -180213142 518533 136557
356467048 149622101 755559 257588
-242806507 48481446 564473 832464
254083131 -86971425 341488 75986
-189902554 217109096 349700 590782
-415209986 471810631 709221 271886
-83819960 58858622 25867 66975
56917126 -489548543 379051 991677
-290293766 120117330 344645 218950
-461153143 -160157509 951450 365437
484132026 464642343 823419 449837
426372061 113237918 290045 958327
-66651064 -98641572 456265 376955
-331053123 -484726644 797584 666783
-114703385 -341167194 646363 563839
-267481341 138528866 405696 632881
-50143076 491463767 687024 239155
336265839 469828405 130542 754932
-187794789 233702873 291963 620383
259386774 453710186 318968 252643
-492922953 342158523 128165 183443
-403809540 460790808 429191 43212
224968073 -54898200 719089 382631
323207511 -73708870 180455 930319
333234059 174299197 766808 316646
-311247732 145189008 964119 984410
-309657746 -80366368 671453 750783
143264903 152727318 818512 292768
-405479951 206238627 121767 941809
426233326 263392264 148993 372380
-495058222 464729458 376355 324152
374232462 182107517 609997 173915
-431883559 -378898151 512951 911366
-341821188 45826442 521325 348991
-55871941 92517769 913540 63548
-368123256 435039991 500923 526166
82695699 -444943197 816750 528022
-12384430 324085851 670100 103984
479759019 -60859863 9827 657632
-120703005 -201804805 953959 937574
417673682 -431021513 406462 909298
-437709429 -289023788 812604 346272
439778981 113529767 173726 988995
-299127794 -406101246 617991 628762
-419270982 -249316607 159304 147312
-14256394 -300510861 518529 616977
237597405 398517858 314720 626985
-219722431 245454983 950778 665167
128475825 247452301 210425 725958
-24306449 -287036068 712710 595970
-210471714 117011192 503431 978145
461382573 161024159 931104 80345
-28301531 -400566196 672976 337865
182491794 112260181 226475 3691
-463265484 -36187665 469734 569120
-251466939 280353600 679454 589792
200621911 -56466704 675841 621456
-426778679 -169829102 827062 486143
-116787883 1395572 887244 559301
-398071417 -170903539 576631 751045
313798161 354938445 749441 736271
141371339 454732175 795214 204005
-222096565 -427235668 959690 943515
353024798 -390252375 216241 667927
-168612448 338721424 121530 340792
-276899203 485685852 33313 903508
364132292 -64344307 523472 5593
202727077 11581404 161129 933397
-72189497 -351521655 834674 47312
248414024 151907037 383639 997779
419200761 475401203 765268 906519
-361506417 57376285 323992 919977
112495144 378379599 496827 822968
-264603805 -295826798 807195 151208
8779249 -427467604 890688 329038
-295335058 -101114977 51591 419200
367213978 69023357 479798 929008
238503790 -58043605 589592 33748
69147601 -88828879 772229 683254
2239513 285593540 984063 631160
-495882501 173212363 481133 512449
10904723 206557858 13401 680926
-241736428 -294050407 22334 155147
-100090781 -338175180 84143 11131
10719602 -121885834 568331 285486
-247661315 202147800 712281 342586
498656479 458880408 246023 760391
107639716 -473071074 223885 200699
371410334 -396929201 56347 68646
153257607 -199673002 898383 975568
-124712439 -441052424 969137 292781
285409888 -412322005 115564 62813
137835239 176840149 726059 345147
238849851 303542956 252876 318482
326719758 -413752260 953540 694768
360188042 259902727 188879 741266
251720031 22240454 522321 451390
307134571 -450572850 593614 342256
91437061 79154830 126595 747500
479937254 68607285 900703 404338
146046389 75714928 324449 158544
396092718 -404474287 168271 99217
-325012754 -75615669 378512 38227
165910749 -50050727 212967 334774
471091512 -126680257 966348 755441
-296366278 -476577303 406761 500478
-444264858 59871215 373742 189494
