2500
-10407294 52400837 656341 990806
-479400649 383487819 676898 618659
-195681831 -132412328 271555 957474
72267377 325693066 789866 358855
-125032307 -375343536 131677 779709
177576101 -140139846 384921 823114
430672359 -373846623 968751 479722
-435119398 -193270270 229724 491218
-179580975 -452157182 894464 205683
-370378814 144507388 741731 893075
-46957734 121363752 919000 447305
-45425365 415977341 855893 736577
412556962 -361949288 961363 928407
76321923 24501047 820948 796973
-322129 364048585 76136 366364
-308374262 111268344 563891 3081
-14314260 419630714 463181 277146
-186068887 -327190229 868690 356581
-463967034 234445718 349818 924285
292331584 -143056458 444169 887586
286008001 41481162 127346 916512
-54700737 256692727 479912 276258
-251142727 229023840 580352 421042
473148429 27154428 247900 618597
490160247 8678019 685422 23188
-68643417 -193853053 145579 655108
455232126 51048591 583310 913255
303792996 89216150 287046 363452
-158831800 -62566319 220222 329745
326090293 -336903722 577606 997097
-335755378 -495105206 717411 897272
-335560730 -268517841 570443 145727
23514860 -327258195 26820 25245
81902514 -494269201 356163 768901
159623386 284002779 20513 325591
297967269 -118277155 82454 735620
-118582996 314341742 123642 458926
249447484 -49383781 172009 367928
-14878402 -299610346 741469 669241
185060481 284283746 341259 609102
-369666850 -226515620 872035 726502
169120204 398518189 486781 201494
341995533 -127727320 20520 790214
90267219 263511494 992799 603515
-484986565 -202638631 540161 947589
-112183500 353864255 769268 113771
-371443408 377029290 710768 769849
274708769 -47040447 945801 128829
280080601 165414594 148486 727309
-344134536 -34850065 498003 674673
260847200 477941935 192410 371493
-220828949 374214803 539910 964724
-495906044 -144721917 426659 697327
197910993 -227197431 817441 813962
-331611762 468338874 304120 277012
-348373131 -208478916 656485 545746
218619609 -412923271 113490 141494
68791635 -357904289 362835 442625
304021011 -392626224 874125 471538
-66237651 -306647120 427753 444411
352664613 -344342436 618341 489391
-187003772 433678966 701345 15323
-371237508 -409917560 172556 980532
-278255658 -299687699 105384 641215
156816852 151232957 965840 317848
-382593870 98982189 821702 230942
-174580146 206087298 716328 201726
-448140061 -458878288 474498 444059
10606833 411026323 89917 730007
-244680391 392149193 854580 786113
-198983452 -473752022 242855 76891
-321732157 -380806171 371080 484678
293173937 496301112 387507 91788
-199969771 -362415413 925691 244682
-312441212 155181994 90399 73144
-17670269 -206854691 96540 678039
-73578390 -2680922 368604 992502
28086116 283471959 385420 175648
84599442 -99116595 675723 633317
352462159 166804365 872062 737859
57939854 436610937 632704 312562
338533216 -10379218 376439 50313
-376875779 -272274431 683536 973813
-379783803 -192264030 299125 239339
349442375 -78240130 972841 424245
-324210452 -41873877 99115 397959
408997500 -380835322 16542 569529
138873612 -394188438 598607 533333
-194616773 -293638661 250232 698923
-136456324 -460195442 300894 101393
495101586 182643896 640794 567291
102235931 92152818 833524 782131
-428489917 -178061399 975860 513242
469949264 243834728 22399 489269
316071634 -113299140 704955 8497
79157205 434658205 504809 760990
179268413 124977811 427795 327697
-490932025 466650487 727320 987368
-5964074 466692753 838090 135931
8213579 -227015086 627668 993825
180767885 -140922326 874392 801180
-141437528 -405741305 562199 14178
341580433 -210592916 893706 322568
191135624 455458601 507469 976909
258490006 -471563270 316097 843319
447531588 -169797548 446353 757009
143201822 18128218 220527 865633
29165855 2548924 966690 637622
97571436 -83738454 103591 736599
169678584 -132881208 730499 970944
-440301413 -477567939 356774 330890
-489719604 418489579 6845 883560
-438362885 271958969 530517 676173
-230670837 -119591514 306667 234870
384090707 374659971 839703 423981
-91922495 -93055267 357449 518989
-381065450 -485807185 952383 571408
72523414 107274634 525312 363424
438210844 279748670 842430 530202
470464071 259599649 501525 656996
-385009198 -142781697 852016 490791
266459650 -56484706 19082 791083
125856056 292710892 327762 175758
-356582746 -418781753 730920 38625
-446086114 -15052183 944325 940831
120107782 -56627602 126071 634635
-357120408 -236540284 322505 221541
-98347994 252361134 169601 366280
221977931 -359586764 900418 8163
-364027605 897681 683794 312718
-387026787 -174238347 855448 230001
283424852 -321573319 462715 791753
-481509560 49581004 331068 403676
-26036318 456300615 381938 580199
212408684 197069646 72066 190988
-141092904 373975183 678589 260391
410534698 278234216 424790 243134
-66046654 219850917 989182 208662
157625034 221108583 102814 626274
36492024 -29447648 682353 697239
-216463360 72698554 87163 759963
388324378 26952919 576489 270107
-214416597 -327136461 475398 810940
307354387 24943910 72920 797225
162315410 -61285100 38475 198680
-53579222 -117073596 353687 392296
269360713 184827188 732672 853991
406320128 -247350252 150542 143430
-311919950 243956334 37127 705354
409557002 375829059 468105 398453
135479388 405703876 408377 957267
-180033751 -284673622 781910 963106
297589185 175789106 528551 323039
-443188733 106427321 474963 766121
276046319 -130315181 316991 714812
-158928720 -187537460 388057 903020
164735587 352485028 37635 586839
237393459 -451468805 107244 789714
-79928312 113630858 461244 533771
414799152 303297932 396477 440389
-376343083 382637642 475030 523184
-143892082 287922242 35825 666980
-248130800 -81198787 505018 224902
-307044792 -288626096 428487 750582
182916582 -284981899 240226 585525
-182130939 225702464 586672 907311
-257258751 -185360501 225280 542023
229600157 -129380389 877072 999940
428002683 487558605 469864 345983
-332410589 275577419 555386 250659
382639458 -262209522 450157 974720
326358866 342364609 995629 375001
35457396 -116285932 201236 789775
-278762394 -349737745 942580 146527
373543745 -315928124 568452 976322
19580817 -58174211 310564 4787
-248178447 296581269 902606 98829
-1795517 391471555 502171 421010
345600650 362850256 244463 105416
479850340 325062665 471491 999613
-410846937 232736977 474765 349740
61136022 -324665394 537678 429880
335302719 -470632637 867768 665493
419242869 386741374 241273 400326
468234470 -9519768 911592 158656
-232203560 -245570758 951691 492270
358342404 -425032113 629379 920206
-116686321 155068692 495380 863289
464379041 479898139 792853 942143
-249470940 370691407 916208 263984
-169031397 -246763454 908503 428152
-225400548 -196799070 53572 594018
158874732 -252073013 753450 220477
-31857867 -194813322 296253 921436
455055462 -80148082 779163 801782
372359719 -186393309 314070 936558
-32889352 -63345544 526623 460846
-12549019 164625462 810704 678636
-7639960 -281932860 215253 307023
189763675 228471726 935736 92842
128327320 -437700286 127624 279782
5212079 188858170 327334 350719
-77298109 167879059 712044 721893
-82943359 -198600580 247546 702722
136352062 -165853590 622238 858587
226324140 137875784 174431 940816
-187364167 -303076660 389799 416317
63464197 57236965 248778 49795
-137219459 -467843760 10487 100193
323035289 181065034 771322 509371
283223598 -355101088 97835 460413
-372667920 443989858 97783 202009
110609544 -353654666 150088 155756
-385553842 -176171192 685652 528190
329733796 8849790 14312 387247
330043787 -298814867 724816 171058
255294843 -397903128 395024 51464
-247035285 -370773013 498101 3261
-410232326 -476790 515939 817866
431751193 -216347138 181206 565419
-291634913 436037968 550339 868063
19910048 270996380 96444 405826
466961426 -444985550 472428 441509
-170155434 297889397 374792 399430
-9834285 -301862440 790479 85472
-179040912 -93645488 901251 196005
334554747 -478480545 105127 675462
262803165 -234265735 974316 893611
452043845 182986993 260324 771963
-200191154 -100738157 344950 406038
221931521 15100367 650038 247098
-343436136 102825810 239860 438635
-44091583 338963181 544637 33842
431224850 -142092380 337918 485866
18084614 -311891445 19394 330964
-491902137 485887580 560267 488535
247399066 464192134 716501 773112
38753409 -57510277 815417 364976
-220983359 -129687798 280092 311913
206005704 -176941151 876613 67254
-20932650 -343173758 703421 208066
-335502404 -324685704 427347 158420
368150479 -204351260 437341 878953
115126263 -456820123 732380 335982
-42528281 -151466717 792445 991191
-138731417 -192411207 619964 975903
-284578868 171578813 709603 165468
2744202 3850476 748401 752830
251045600 -442732809 387029 292900
124150449 -445296668 625689 272090
-39466381 428850467 488796 71731
293354560 279472942 250744 623424
-346514469 -363227071 533738 207533
-234396351 -358022418 925489 403996
315538757 -495764654 500161 898940
-169572928 -131580860 903790 839119
458613582 403119198 84749 574280
59455158 214423073 269102 649918
216833265 -217094091 496697 121724
-475892263 -262189619 92388 509685
-191866513 77296937 891598 840660
267097545 -77976523 367675 922802
-13256298 -19143857 555565 789217
-74066609 -18505178 380699 534821
-96361282 -473439793 278338 550049
28923023 -276669470 622513 487172
149112781 -479904114 112108 220827
228071107 471369128 914133 99162
-441492138 -465891358 894724 43893
76934351 316427430 714685 924082
82484477 -374445361 127162 376920
-24009625 -115888523 821016 399939
-411482395 -449813160 56713 472270
238378064 -246954227 464585 817864
-58633131 -384424027 834237 682739
-122019670 -169133826 629173 989144
104295515 104232613 239312 590725
495007298 -424582042 278335 402085
49906837 -252563085 689570 153338
380941209 108792365 133390 221113
-480288395 -394243951 413104 190529
-10683615 -334025406 698827 128634
188931709 -138191057 679645 28039
382282622 1660384 449247 922919
93046915 130085987 246316 346349
-37282362 -419918643 208889 821530
-355154962 -72402833 778050 584020
-231742825 497214661 705989 399415
-157438465 -242530265 95571 475817
-372786985 161560950 824887 541672
-47656598 391184198 205884 566314
115324271 141882237 756246 762719
417528815 -166709270 858013 19426
-409928243 -141631217 956708 327307
-209624841 115148031 705594 955681
228748328 482092130 244541 701613
-483483817 412554646 111957 66985
248060607 -184177168 211540 633880
-92574580 145626912 382312 257967
-13309665 395298482 248763 498353
431522814 422132145 84520 561880
-228370597 -183451034 829721 258479
-464608705 339525182 430401 379773
238184787 -42058807 87667 867483
79331403 -346725665 732446 182183
407515120 -329073443 745125 77201
317312712 -480240883 534495 316754
-270461341 172234532 19752 691453
231554373 -155360284 186146 808046
-257380501 -322150430 672844 997790
-50018948 291352162 910524 699161
-249098611 -407600005 780102 98898
150058406 -326645250 873125 320285
-479299039 -470958530 549976 549779
326446897 -428147113 44849 118198
-348217273 151501942 577577 541408
386208101 240668144 684135 838672
-243315427 -309348384 278544 385728
-253423816 352692459 546674 849885
-273698930 -418909811 757161 752696
-118492769 -127232525 151025 365087
-493425232 286483706 906180 373243
462890825 -224690667 900872 119648
-369711611 315490015 18392 236347
-69528080 -452435807 299242 845792
232490144 493907198 405089 899735
-275887838 257022944 4862 269662
352704438 -263201610 620796 478936
-402661409 353834016 625391 143561
437512089 -423457228 268614 170541
-302495893 -402393234 500277 626898
-240588756 490748952 846367 90012
-432026894 149439892 594993 923862
-337285860 -345197803 804753 860061
54425681 286152022 807044 857297
456584845 -286121253 277057 906344
-62315953 303654448 764382 438100
-58327796 298555461 370378 109527
293320634 2633460 679052 953227
353283854 -396813406 206920 188853
288565573 73835994 487194 609160
-224637203 -52214494 72292 447294
-217707374 369828732 522801 210721
180411009 -246679987 50841 21048
193867271 229714324 224204 24260
-443059253 150028856 846654 245350
23927239 -361510023 742447 681246
-267798812 -136872055 220821 25198
-192721358 -363926680 789789 117954
-64485046 -404727978 42080 782142
353834322 -216113744 313647 672854
-223864652 270066186 343905 946370
-290257265 -369268338 834259 839290
243533778 -91285036 108803 773408
-14100533 450589295 60628 429391
288497123 452227020 909606 235903
-274347403 62937957 632892 722246
470711933 -50506089 823401 580208
26452442 -443030973 102104 641005
381138639 232761448 344533 790417
51397485 -363303919 174348 81325
145667000 170844351 721240 482004
-161899197 -94246139 888616 141627
-321832858 -318921165 827536 363002
-133867747 301546794 817130 178223
108517760 -283441073 918311 285441
-52419110 -198523237 878518 837826
315614313 19102158 834702 820462
126469810 123413955 941980 784272
306232446 -99499809 489732 928900
415173748 457513379 594774 823767
-12814252 226380641 233743 838090
368431822 -111825908 96585 892534
-497562883 429899048 38272 396425
-461965949 367958496 774273 803758
-184834239 485634614 141297 674123
445043123 -106413227 788407 827684
117976807 151108354 861319 993373
-36907240 83614257 681612 884508
-274252620 -449490704 20557 521414
-112208882 238241612 273151 433416
350963558 45764584 705516 162920
-61029225 199939181 753238 494317
394088548 -440739921 843660 52551
18605456 -162596853 387592 838637
-233355886 118050433 65987 903347
-356716547 -409710098 798719 52272
391694249 -13046556 139224 532662
129357929 399217773 475251 232590
45705236 249184587 943772 8453
-148962255 -377859749 855038 655965
-394077122 -443910381 872254 254309
67911837 -129342166 447668 971299
-12936105 140864261 920685 616736
-56960207 -490985118 661271 626349
356750389 -314047784 633862 229076
176430566 -399299437 379811 729401
490966799 -383273677 751340 398592
151255332 -289694072 648036 378515
-280680761 42905325 471275 708435
-145775514 211804734 251688 950232
-426466047 196535415 190498 505447
201643273 347326954 499630 384111
214432100 -212805886 927232 888270
-440460226 454460808 244506 607812
-270877553 265446027 982229 413539
346439484 325136586 682539 714463
-228207007 250960993 829182 131328
115484586 -172903402 896069 755547
-46892181 343727801 357092 109269
-116777553 352459999 935880 565510
-188954205 178608311 850958 44000
66965045 100671881 815825 25952
-220139477 -270885415 708162 571529
232427205 -405305728 321282 531076
-35206098 -404524749 442660 793205
-367785202 467849135 397898 512953
-237118594 -420678019 542674 300010
205302774 -481280449 148313 457212
365209104 250889883 113058 791342
-314313094 282404049 458038 310964
174816591 56158363 597860 196387
-340966103 257627172 35002 904317
-286479646 62387623 425936 683803
296469880 395024037 956990 502453
-278277622 -236248916 434129 362880
165200957 -415410422 295878 611335
-26577398 -435083241 439084 48184
-340514418 253433245 481955 615322
-179923977 -196423172 384508 797438
292238133 423704739 252615 262280
343518619 477402809 164749 127112
-445877699 438802873 344088 61915
-238737148 -60619322 313174 831806
-425964148 413637394 630531 227228
-254819784 -241781908 540203 670632
363702210 371988911 558869 280768
-203003744 -100231543 258865 749959
333341172 -71062117 925432 335873
52807914 472121777 211907 406785
-86313482 356199001 345566 953543
438321392 -64478629 631927 152771
-58449576 -11515435 934193 381640
-406595909 -138591752 508760 174670
273861423 222671449 734127 583267
117514741 -195061851 999408 983694
-143641660 396432487 612516 533237
265429071 -226097922 353227 310227
-189340294 164389948 294176 821602
-21442505 79886172 347519 122778
-487135461 -263503669 696331 548749
-333234126 462293874 993412 177288
41620816 -488651879 257001 423949
-437460091 190072438 17784 122152
-337781330 -239663018 349649 191600
-209653720 -170864793 713400 179292
369400736 -190473224 483711 96455
317792845 24239333 337377 201505
-14242886 -224939077 351036 729404
54251387 -106574237 488144 484861
-406061865 -429656812 481891 399573
309312207 -404363816 188371 527183
230692768 490850474 533331 874991
380843747 362559238 399060 352933
-382575840 355458883 684328 9995
-1732109 368556799 362628 185225
408336308 315157464 661879 237151
108797682 302384067 457528 881808
118753312 -237650164 931671 103086
485737292 -362109974 215638 788415
274686986 -89594434 180305 685385
-300692625 206386664 272536 532351
-254740922 215390684 322888 869773
484130122 -446475289 294616 33400
-26827352 -337498804 292630 858745
-269164553 -312476240 696734 250065
-82422779 -149321920 30132 132797
245023344 -317249346 784295 330794
286341057 380379157 118640 28130
-223198487 118435675 392236 73144
-390422509 -22860715 653491 491661
223157066 86248301 975188 791165
311510000 -493439998 865897 135492
-357455768 -312416662 27462 254668
92875732 204587397 179531 184983
-458517512 -96829953 412761 390341
-4251331 460757793 775521 470019
263744210 73621527 289744 215342
280931892 -254757114 563693 174384
38536781 179739133 902369 168615
168808053 401101800 970278 74605
-477359930 -216114887 6067 886765
-193507530 -30803579 503335 40710
89399252 -34485717 855631 915592
-328327008 478975534 384404 935643
-237304568 -288699612 627972 167998
397247227 -429856440 469819 661229
-309380180 -142597588 416540 900582
344338310 310462162 340577 911238
-76559951 415563375 579822 489753
-98486146 -362731782 333074 822307
-276127942 -68601535 886247 714846
-246744311 -114876600 34520 145543
136692648 -239453506 453884 606123
-145355292 -338657571 378909 697303
115521781 54668518 151815 16256
292329468 -254535760 738679 442876
-463406144 156299917 879700 147006
420868235 232773569 627135 570515
-395844793 427966449 692506 932180
-417511190 -279141773 239502 689427
-170580079 -93888155 962481 868795
-30248651 -403997479 788433 169302
271384076 282858798 30432 905769
348889214 400321850 30330 591939
-45028573 -280095849 246322 811670
-119496819 -274264821 489373 260184
-43390739 -51428618 476237 970435
72356668 -3932532 678879 198088
-180513208 239229824 994581 240136
-363844124 -390825137 557154 664747
163304256 278937382 913413 32225
-408786605 -474346384 579277 555763
26630772 -357888000 350458 890629
164387081 -54165544 787780 348458
-453299370 6441876 30645 302628
480640119 -420517514 688689 156471
-457504663 -421065201 672790 19816
304102722 -428906362 713406 435223
-316397183 -288522872 778529 601270
-361967232 -439286068 347416 334245
-305434106 249402177 862396 508332
436226553 -82286633 205037 370964
-20584144 -392443673 301935 971874
-344440729 411583040 216622 505969
182721612 -435597873 197666 755051
-412751434 -178610966 30413 950691
-450287883 291366969 451745 653010
-448336316 -17428929 637485 241948
-455322994 -183209446 921567 365666
108518269 -318309638 353128 461952
121259172 270013021 725138 59985
-112256034 360815288 231371 898165
-294386442 -493836068 74916 328709
68203503 -135947405 590629 540640
412816365 -205068119 773706 503460
-430843196 432530407 617631 922937
-451088100 -476652102 196531 934407
361170237 51725371 60296 321022
-212586201 -386548026 458935 648068
313105974 -46022568 5671 894520
470123370 126272752 264841 481558
379386926 -148210299 759386 146398
-306337118 222529076 910414 619554
-81651171 -78284097 717435 220972
-348783731 -122604456 36834 821772
204730408 -235418641 665877 858719
-202005148 -249798866 635176 595463
-292192449 -133423190 885656 551446
138395305 236786721 923548 25924
-76224317 -389829623 304336 366682
125679303 -323481011 760780 424469
456438494 -48303954 903377 430296
-457839527 -324378992 738572 530102
-454583398 -302242912 67257 535512
181586126 153312093 56757 91530
307757724 -30262099 671441 445415
-449806886 -395109667 905037 917736
439870518 480474277 89486 234889
-58730440 -476299706 995944 304509
-231388810 477893786 995905 861001
258348302 -366600279 342985 428995
110064672 335826334 178286 97785
490140435 -237116584 630090 106955
78020542 -95222033 547243 247052
64288577 423971433 33630 40344
488878985 -230939244 725847 520516
-163355558 190626786 308238 529453
291740950 474876000 773894 660918
298256248 -116720216 349219 752657
-22774483 374156832 788557 537731
-367161792 -338556490 42176 146999
-173767131 165332860 247909 438088
-347883703 497518997 59769 810579
-234478228 -203639034 14088 656013
118314254 297101770 369565 833562
-319718836 410789391 464167 341122
63804064 392946616 351505 673
-267487080 105251306 830948 551486
-465166134 -416978269 862777 944508
118088021 -435804028 399705 844394
9547791 68649647 787699 531829
-431792816 354695371 766649 954813
199476516 161939670 363524 229093
495540976 138582658 214402 504621
11703478 -178109354 206003 596710
100949895 136344472 315718 597012
195824352 -289156214 709928 168097
-455622561 129030413 877063 670490
-451817349 408468117 293684 12866
494882736 -438527916 951330 556232
-261012242 -371554816 226618 457002
-247118615 -446427344 588468 955463
-331496692 -132873768 812544 557129
-99658142 -46300180 572740 867412
115303719 -312002128 84248 626733
125430462 219600896 681670 470370
194245578 -295434226 608864 975619
-206877442 -83129711 879080 774306
-272430474 53944121 597581 990247
-112646502 -492340107 132379 523432
-207296735 217222356 751000 195025
-484601226 240366812 690698 121950
-326477857 318816046 295136 118652
11429307 408431933 417270 521805
-180816549 462826265 724871 920199
-134291333 -99563415 116592 967868
-448871844 200319096 276061 186356
481319039 -47692207 130678 610752
-477067138 -151979177 798758 814605
-165917784 49491329 215368 926913
-52205579 -363623398 880610 600416
321341272 384975916 526016 274929
497866100 376255471 599377 942451
304704400 318619853 124079 20926
108887464 86422030 947516 747128
172176541 -174663131 341223 228720
-434973812 -469778282 170254 891290
-138050942 -350112131 936551 783089
159086033 336919188 211840 187165
-434285830 231151048 777056 784950
404703602 496291904 642700 919138
316639406 -96484626 532175 566424
29189026 60749525 149727 465291
-435369696 10210755 794753 331785
285631534 34181082 400258 988516
276610663 -259547934 352825 545274
479949104 41134732 772179 457163
318292285 -126681827 834498 893691
-339568551 -394807137 627017 446901
-373464637 374944749 592619 438349
466779629 -316923666 384372 901701
-356193328 -137511458 334819 616491
405145578 -344036920 968626 326176
-266510320 -172025469 23283 279046
429336876 -372419159 878571 845215
-70338957 -470332975 900900 200369
382479630 70350604 858000 114321
25635339 326410683 510879 449941
-119339120 386592725 924281 269355
220212012 -231869482 845928 711702
154126665 -358741433 28947 916359
135913406 -56141849 708901 650388
414463873 -69988749 841805 18903
328916858 361075735 490142 235878
-289249678 493867861 248938 463467
-138036678 -191968611 370505 321444
-87268832 -151742427 358893 260379
430650248 37110536 468386 403832
155367075 -487661172 968561 705303
-94295500 228920045 394831 285604
162217619 -471263943 888502 236103
381937357 -283474741 339665 767914
47186409 232149858 725648 882408
-10064315 468794589 680668 830035
478461727 -125703275 744996 576610
-423916495 -374057897 344534 664182
374068595 -256666628 62314 268679
-397709564 320786599 904024 900847
51733795 -339710821 569706 79955
-299170217 -473563466 116011 727210
86726063 71567486 879083 58277
-216548825 -290198901 814935 264283
441366350 -200139307 432416 54278
339131541 -113967128 697461 320490
96994282 342285550 85099 775930
-114517802 -439072672 633929 541602
252982864 75077849 659504 231072
397193787 372437767 322213 585933
223532163 170952634 898941 296378
194437071 105238303 607012 543541
-5872669 -35113210 593289 476843
-349431914 -205731746 510506 491495
-130173334 493682627 714423 772985
-445659187 -159594706 690597 906674
282737643 281090251 521554 959627
383144494 214220008 221712 301541
-327195821 425978064 409003 910315
-426965480 378366866 530603 666554
145055185 133693891 759791 824765
-370430905 -289492271 157713 363693
265906014 -373659165 788450 189957
59452151 -424044554 946243 918210
-497075091 -377565446 305955 434900
-241999970 440879898 266965 334702
378894361 451459979 97981 764711
137247960 -283156491 22901 551021
28534004 -392132814 271750 554052
156851852 83724656 397613 532696
-349028320 -156339355 979240 816694
459029652 -321381593 470082 67958
462634836 -113714517 140556 900357
468681875 389284824 457772 282382
-15646804 -87372217 824079 226629
-62902855 80062159 771490 785399
-96190915 -55109167 862204 625311
-228772663 -322874797 28690 392878
276315097 -452410735 325298 647345
308884812 143257567 560702 897951
477976404 283275190 508147 351157
322028167 -294635680 502342 75378
-200159470 141645883 423274 86316
-406999796 494403757 410287 441678
-283658264 -326852700 975620 379887
435218693 417788616 58013 54607
-15325344 -176435392 296303 332016
218570857 391990046 357272 222479
192252403 232413032 565148 935677
398679876 -214967100 155211 531615
174429004 -109953857 786942 671742
-363645453 394913210 631871 304908
-293529973 -310984335 401032 67956
-93784731 293431849 4004 288924
223108735 243626102 506163 119162
100555174 21424072 323792 857579
32042190 107150964 22981 369128
-389416850 160590877 65378 234242
102925507 -21161144 171877 312113
17147050 328985463 463365 333674
100031788 -462746900 766020 775789
-47980630 -420316020 579498 940668
172053670 30858718 986723 203622
-261611221 -241813198 347319 409601
51671771 287221214 371681 573493
-10014573 198733476 909455 969781
-425532484 -392746827 946633 746354
14242236 235045261 371527 845961
-375530538 113838192 933921 848576
47395130 32906763 496151 717062
75113433 -471887618 696781 144611
462371323 483409750 125559 773316
-217292416 -258215004 949744 101607
-455541438 -475775558 58347 475743
401952406 375078657 23808 728837
182459122 -330857862 386024 780091
99396687 181124227 849374 682833
-206235883 -465073898 641607 779781
-447783775 -230986412 482046 939910
-283066222 389152444 69181 134629
474545116 369827099 775195 962745
-58829275 123133532 317281 171808
234498517 -425293381 558687 105104
478903670 -196529337 582709 146907
114909430 134626676 14301 93248
133459359 -5605754 123104 957825
-424074062 -425019338 577812 921304
48677496 368760054 977845 369215
-496935962 -128941860 732012 421933
-488164494 -173047198 150171 765723
-233862980 468163533 918019 945200
-51874410 -15852044 684202 90817
-123032247 4687539 35348 618243
107176449 -103517237 366679 573109
-475675408 173569879 407946 779948
-92554093 -192686617 2972 169340
163689229 -303219141 908096 715584
-128566609 309303454 515334 733703
447520409 456419292 174021 173339
-163598982 161242081 51829 519471
114106482 -256478225 394073 509284
430904345 -219192197 786009 870968
27083161 227774629 356013 664652
11875318 493028691 568246 717584
-60511378 -310581783 879655 749389
-421931780 263771814 322848 130190
-343748106 380578974 785755 146220
498097622 125500751 854911 133365
250039829 121993699 34962 900920
-94118861 136120322 427084 210096
422913492 18648144 988358 4427
-479140092 55035018 898001 640661
-327086437 30120760 759907 115974
-353785668 63289104 873389 21924
390310263 -85356569 166600 881430
-364678258 -98562220 911629 5383
405201749 -302875421 600323 775027
467990451 267334643 950387 7185
329204037 -266695891 160344 664605
-371319903 199315873 838195 747649
-130920265 169041279 734459 166623
67053652 407042670 360944 506814
-90893888 -417629300 54480 992270
-364144760 379556099 146787 204761
54563158 188195140 802289 953673
-148091396 169895907 851028 765456
335504271 418507791 489192 944631
-484400208 164474028 364702 203207
-11389978 296155663 295856 541134
-466051033 -146106027 84847 607310
469562720 -119369785 636006 762801
53589572 -275930273 798653 849691
-365482018 -184356052 307059 540264
463383792 -376956322 358489 530892
-263052276 -262546155 610112 864663
441771738 253213260 892991 863751
-426894694 47370841 843436 172234
-21496517 160502072 380162 975415
-437014068 -199980626 570166 567758
-451054217 -7793392 708115 310075
-144656367 112057102 886324 834564
96732980 327338125 787731 664566
-272914706 -169897951 503729 844366
190447455 -467696444 543864 997713
346237455 -106970837 914405 189877
-110432025 -476048369 302368 845076
-463626630 169648792 954888 440306
412194059 415498992 7929 957495
-70464207 -91354047 620341 971103
-160012435 -17879749 494517 197326
-235456126 -284714052 802126 899528
-473071187 -347578597 503471 253066
116323570 4842258 731847 453251
193007249 241103685 791363 990066
-208928397 30164404 537437 664979
-290552625 -208997590 694558 848509
-245832177 -389133218 17306 478269
-14369739 -352341956 350196 441073
-27046455 -262597949 256613 284376
37828571 -119971709 23496 132372
152240412 -432606306 117583 886427
-29554659 68801040 190419 201111
-385323189 -394961303 269536 488357
-17704256 -137370731 901785 823224
22254023 -249133609 219466 969694
294127083 169735380 515081 821019
224615354 -393364276 228039 873457
365453595 367126755 160952 736705
429398857 -34977123 19485 839883
-983447 -299523671 805842 979795
421634388 -419318824 7131 73615
32720862 303781386 266451 66478
276211690 -7460331 354768 932626
397101518 73902702 872560 839214
256009867 -263791756 560798 570461
137432854 35951447 750835 288351
646869 81984675 999736 262384
113775909 -167811731 66122 986887
78075160 166416598 726888 238845
16207044 -138710717 405606 286935
-229000107 -270041232 11833 369327
225551899 377147411 212855 687941
-324434653 -287565247 604211 404897
312805913 -482219765 936431 449288
66407128 -268773563 533246 68171
-430639472 100108642 787835 72953
-145359725 156114811 884255 964660
-199301700 483301230 48003 991841
332021372 220586275 907507 597561
138375554 376470250 128171 700349
-128151801 241673216 570353 660998
271352499 -180712655 452942 411770
216546351 -31423081 256362 36186
467136072 -88559744 24643 413945
-185932612 -229331090 558410 838344
-347211465 -255382631 304204 639488
-421888691 -294917419 424624 981785
-127308264 276859228 577078 489492
106121087 -285743124 94345 784601
-92028794 -232863280 788911 369437
469932306 -276966265 862106 187465
-141164089 241221875 59421 654794
-254425582 -92778950 141372 979636
245097533 484769499 447699 926290
157225395 -432244264 937296 473858
101289441 225395190 523325 568739
283402232 409140847 508221 163953
81113386 -426447854 638170 744940
-319373747 481999940 456860 55266
-25265431 -268119317 70093 293832
106186452 394246426 74804 755396
-451477612 -208552471 947413 697250
177261687 -211170787 431179 447949
187695552 -106359179 185869 225578
37666964 -326366894 915857 956723
-381390202 199892240 155305 462969
85889264 174646625 365855 61603
106151897 156658943 666243 576215
-98240497 206725054 673148 121272
166663546 -223234061 496401 769078
27016981 -365821198 977946 874676
-95147422 453625939 58484 351891
-271697393 -438568138 703882 285292
-410724516 38919380 75360 783618
-444820741 -374789440 13581 117894
-168864240 303596736 968837 739589
121521496 440903746 873172 763570
222708837 -91312771 858791 277068
-277751033 387233829 934597 170795
215998663 150929866 898779 270765
-188456819 -14074418 501748 968823
1997921 194564865 547015 256618
61832526 40076507 363114 611940
327255395 29640789 896229 19824
-97138733 371836004 245409 231947
239995196 218833939 173440 26644
-43500028 474294789 458063 987297
-448691998 458976819 651221 766960
-99188178 -235164108 923804 156995
117715204 316578033 258975 544192
-387802814 460391039 157546 71068
490511253 81540088 700996 432069
478615287 216330343 309048 950242
5058505 -18531619 485762 808114
330371720 289022368 219667 843409
1819267 38054272 591449 634539
-273751471 -388037299 455973 63731
478468963 -435767917 664305 417930
-376540847 -206897911 749917 416597
-427341371 340784244 239696 322897
-100890517 12516524 151609 70451
356116996 148869449 735601 760032
38960794 146948075 108221 282566
494939854 -191676381 373167 249429
-401962419 -339423742 255019 102814
471012705 -279145157 921415 294022
-436836956 143315703 189388 266022
-210143281 333417625 131523 913585
171507933 73164838 629093 13499
-386912928 343616167 227990 896503
-120316660 349071175 918393 323417
216761556 -419039677 842221 479916
81115001 284186330 199728 590670
205903014 -29229175 257787 582762
-436019956 -462000354 170202 535806
-286640956 49331617 957436 560446
-447281551 -318403839 33657 31033
388279293 112586169 984107 29911
316963099 4317028 360736 655279
-322903544 -33921293 417408 641270
372732669 -88717807 547579 348019
488318570 -28646950 427793 750979
-306653527 124045629 30966 989699
421177614 -293001600 568407 504688
-51997729 -403836665 575370 210092
378751333 293334777 91149 634821
445415351 -202821153 564320 92602
-410835419 -81389520 983681 408219
109651403 296458615 437137 492540
-138267869 449410705 334997 922882
-333978133 -6598447 627577 343984
-367317028 -3553696 308465 38103
-410396928 345193396 906113 599854
-409745650 -435105787 67543 336488
-172218838 340822086 949428 440386
84869636 -64893152 73466 731747
414300752 -376133312 784981 123488
-359705479 -313318746 867067 787899
-189015528 124408738 629892 983121
191908873 -141752086 999449 371000
-193696469 481184974 398074 265217
89669299 -358399614 92523 211356
-196616659 -224960870 666236 299611
-88578799 220905877 703092 921359
-485101058 -308186224 543449 795598
354997142 -299812325 479007 447830
321218293 368013418 134924 698767
451765281 -330006492 199826 941970
285202885 228625315 940995 171549
361985389 -281771367 495015 879358
-70154604 -252311378 44762 892535
149740184 130903032 425124 780675
-345578755 172355558 966604 608520
429418723 -439078774 880133 945141
-497083053 -397098000 796050 126901
-211429873 27895339 706178 57896
-115609704 282339495 493504 905326
408621101 193920037 632225 248944
-115741793 -63197376 535476 789822
-353723096 401578655 104132 61258
440277877 158222770 846904 974473
-169332794 161513200 470125 505476
295575706 -206805109 761530 64346
434716820 -221000119 317790 277742
301315573 -464331917 671231 871841
-41683638 80664283 354874 474960
-346912798 -237214174 327325 270156
48569596 251233929 383697 96701
119937860 495512040 528613 232163
-91939347 210671799 111347 815992
169825127 -337736887 511665 397810
-460534338 -156189671 255062 926244
258410639 267363645 938598 969028
-173786969 -286342921 256540 668039
-303517383 -16398997 896884 362664
-274733892 -261485718 275474 326856
-325643425 -350501487 873648 256875
220491377 124622258 260815 5316
-241263892 391290232 980301 846348
-173787219 -92483872 268431 99927
350617203 -138640183 511304 167035
-235202997 123149276 510113 503003
-421628138 39903920 34988 657786
323489755 376433626 782723 327291
-351647114 -411227208 878909 151626
234284580 -406603619 134760 669487
453044824 -97222875 304182 272368
-292697020 125100819 791814 573392
-109870328 65980033 917810 930874
140536198 436208544 48991 234514
393920117 393056652 229622 50860
-191616280 -144717427 843991 374886
-342463984 266506170 81809 348638
-117289231 399588970 308487 549519
128582136 186431189 126885 233864
-72493649 -233658989 479548 504332
179015674 -493521593 353359 397904
-475100039 -12689031 618015 319112
-71795070 105274815 73950 52496
-208454752 149186479 634729 768139
358313001 145494449 639835 745623
-190783267 473215410 142829 294376
235336276 -448844118 888822 761052
-104831082 180383430 682448 548284
-53685815 -387628489 451355 560721
-436994299 -111533417 80795 763489
-212903868 -339366669 437821 823045
-455055755 397635193 406711 161704
45079179 333526429 671172 598190
-258219154 122996189 672811 679434
40440062 -315873123 497246 823582
371611824 443878408 69381 85448
438494347 354061343 314503 896414
-35399604 90349097 744256 381115
253463512 -37161329 16299 565428
211421178 -480006802 465877 916313
-52233889 -155399764 40249 678064
-304339109 -374830730 732682 292745
-38172308 -363945291 742931 12919
146532666 414117106 890630 188077
1511295 -5006656 780184 875705
-460824073 275365834 134922 853537
-172466060 -138025611 526467 838297
-340655858 -350494671 836377 310685
-490266761 -478412447 228015 811953
457967980 -76215323 802232 174195
137574983 -252298944 965082 433242
75377073 189265259 273197 699277
288345462 367076149 287842 303074
-149077903 -2006699 161985 507185
-88419674 316361230 227914 132117
384926318 -262494339 979453 872191
65632973 -441902974 54966 416246
-151196961 -222410679 152624 289967
78215281 431228532 951786 89604
-397634643 193403879 404710 140756
-453956115 -201068497 466766 222264
-444422224 -470806641 306994 578333
369592234 -375835223 307692 872835
18382022 -41118812 827025 786919
202424239 -132052847 730172 541592
152826224 -450524796 507431 562507
351135472 373011161 60757 709782
-150834456 -360088222 638976 828047
91579246 -390736960 713977 591620
42687610 426538700 329272 610151
158049151 163710899 786472 6406
45538261 389396673 111194 983170
-412097854 463856583 725675 472967
-145312348 18206196 257155 660801
482586588 401606765 363139 331932
42912251 340212110 25892 352916
69758936 -450807753 298359 557905
41932806 -164787578 8030 736974
-201288425 -401739152 829040 500049
-210266977 -224369609 62145 456497
192077268 62404087 33929 483256
411732414 418512480 871987 607523
-432588006 432564350 158468 360390
89972689 276627636 245478 719180
-364462576 62340808 785361 853212
434550532 173729559 292309 267288
432935731 157756649 86789 535359
-17135494 18011615 886787 743666
-52663905 -248455543 204133 599956
-133290094 456960020 135617 151178
317508677 -249481439 527899 635938
173343012 226586544 43559 459663
-359226573 330062395 865084 527954
-419559740 438909919 461912 519541
-115169583 292488629 666826 825074
311465467 342770496 250624 169008
-430607072 390477822 422189 995885
-453913197 -424544223 601622 185015
247488763 -330760616 830650 380628
277438153 365989062 990684 966529
260637015 452390893 806807 498395
357478818 305483739 581578 914373
-162994216 -11789711 409356 456506
160479131 393669929 327567 152300
-180888100 77963477 965863 661461
43245130 6007909 918541 474256
-145605593 -370081194 133696 373525
-191691208 -46323528 661701 560271
197743574 -348746097 189660 690211
-148791405 180170810 187680 845783
-225675473 -151864782 696326 374583
220839413 101627057 732821 800486
-250687406 -498079963 960874 556756
478869924 259520816 692504 598229
229278884 -98870327 863320 923917
286026352 211935871 482927 576520
-21671884 -373587746 835099 911142
-448385558 467556472 602035 108410
-132626488 -20087115 269269 938967
-72067204 -76450130 180766 114391
372190925 -43898905 787778 730566
360184389 287244837 612514 732632
-15661227 -70442007 656710 553593
399385749 253465737 904682 501361
260508200 379967468 555631 76211
305014334 -122360863 626802 460612
-375989988 20089657 524611 963541
97055183 200049418 863257 201539
225363938 333785366 393597 539121
-292159794 473824083 13732 656648
7399195 175066984 321156 451113
433766260 226004673 389508 609874
348561252 -327465022 946882 279834
342957487 338948631 847296 116374
189909583 391941674 189483 827230
284424202 -157176914 869322 467882
393355692 499221337 464128 928789
15908582 240618926 740221 527492
265061059 44953848 257095 702944
123282371 148692562 522017 367038
-439055466 232541155 620181 214432
59927670 -79859806 756565 638370
365935210 -379740027 856699 802227
-496896946 -233069794 60645 718620
-76034933 248741760 70295 777475
133452470 -23283475 572470 709498
265630709 133531356 327371 623075
427218939 -277827759 3736 395672
-18611808 -466562315 654283 252649
133044897 383964627 597608 535358
196810949 90290960 14686 857007
-445066024 -53895677 65778 920820
-47006118 86777268 652271 929640
187744745 327698627 750512 13061
81099075 -315096355 854772 996489
223968751 246841880 73536 171392
262657434 199148591 54134 430069
-169007129 53101663 550787 868894
-389844078 410150725 549930 536376
-314234160 -173758642 915012 729809
-124886821 -342475489 178716 732548
-26584353 21816486 47546 307921
353645066 448934587 447101 419797
-40521018 488521586 561313 323242
339878143 -140105056 233373 628398
367010630 357359861 919944 11710
-84980225 69631612 165644 607085
-349167229 458969013 980269 208578
-268398027 -420253848 496778 424780
180769423 -490433310 169655 347692
-64676920 -386209699 526649 854922
355712799 -438185091 222685 406120
-288758841 -403954185 723637 934291
-418239633 -158834100 311728 286325
308479341 -286049613 898517 535432
97622662 107230229 877660 946917
-342782116 -80693454 689641 189883
-356898955 -299782687 853734 187163
-298246428 -234996108 824891 952815
-463936362 442955578 800237 810059
43895611 252129309 778064 497499
-228326194 94701676 49386 283388
-234397501 409888948 287014 163944
-316159795 321142983 700530 540553
137403465 399582174 56181 301614
207046730 339051738 230896 652059
-252032903 -404750519 40058 865453
395009071 -75932147 805305 542339
119001674 -57812137 780601 445002
-3719530 -179536075 71138 938964
244452431 331601098 818799 998594
178540016 20384430 874961 805507
-325681110 -274838525 36148 492331
354118128 -75610603 216601 756844
14410671 155106477 198818 938803
-25463397 -408749837 535852 269793
443854117 10513149 166806 929316
-161674359 -435120648 604129 157362
-28840061 -460298511 647344 26722
452962337 -458418623 314798 369190
-491684172 298306963 320206 619433
97188320 -276598125 827757 835777
391090643 -451253195 802325 399633
6934930 -328286049 14043 790782
73375599 -247063628 647080 454924
-407574377 -400025538 1812 67092
471099336 274297271 322670 914980
-462400737 -224285003 806296 438771
-54366449 -303873553 612175 544895
-388704658 -448380600 910917 789802
109110102 300619190 953692 211865
-308615737 -331197527 164783 745837
-124780174 -371691887 945365 579974
76906813 465269600 454479 197474
439955856 263666828 29149 25199
-184791107 -31074764 893373 905729
272062475 -220337062 870849 890334
406599774 305135951 252812 977399
344562052 119871532 63913 900786
114464542 -381331588 642567 864674
-162611159 -349017097 688533 625112
-214615512 -360427671 159606 422867
-487955728 -209196622 681761 628434
306180880 -147002906 326553 321674
-337588518 -264791660 343747 606644
188419090 330616868 96745 905534
337863731 17962074 20874 785953
-133544616 375128567 411 99730
308838350 21771646 357726 924370
-406080461 255063572 148766 420832
339424330 272324480 255620 564111
415764575 -473809325 143129 97778
-315046063 -208012255 886297 780787
-180631231 377399789 821168 283907
-115295530 498934947 976532 812907
235439914 373174206 962366 433409
197958228 419895306 460678 449655
495427218 -33152893 590618 48846
223582227 -305609575 410344 921376
-26336995 -30293805 833658 490533
492320726 -111437025 596639 261325
-215319371 92143945 187234 124588
-227186150 406115091 730439 238582
-184587196 -130373200 525567 318111
475094667 36945530 616157 226942
463032511 497601195 581879 647969
-282835515 218399210 505051 429480
410150150 -296701246 263569 901182
-41081123 -283111705 377166 412120
-94736950 -149814505 750771 225568
-305767326 -92720704 49858 215470
412059606 -462503490 666494 477845
-497815779 -368607934 616287 951642
469123777 237611726 680367 359808
-245226685 73972828 955076 404351
-423559636 -298284385 515546 49363
-20819534 216188513 800652 672624
-242886133 -340111407 302065 717444
430574411 168637426 755258 476336
-440889546 62460501 324914 359002
-99713329 335888320 635087 577132
309998357 -462631994 952656 484762
107087714 -472642366 651467 13982
-462082681 380563680 574162 830111
-478359676 -448942507 254273 264555
-188887836 -307747738 360867 189172
-95118522 -172465074 504438 297502
363572946 243134313 961605 695782
-197489130 163774105 86886 670207
-406187077 -232648612 69829 35915
-329201353 307486675 938020 889645
356626668 -440242066 38658 485389
-110575795 -83449801 425306 556840
-460769477 205741239 798658 51536
141882222 -154608503 504884 909703
182286606 -468834951 549610 551156
-139827358 155031383 994978 686080
235140446 -320548864 795216 21155
30496828 -291748077 151967 571963
175865534 -466795408 58422 144349
378406170 -433858949 353931 401018
342554840 -468318331 200052 714222
179850589 -483834738 344966 546959
272916757 -255878101 585038 20774
440338236 170025859 727339 89146
288933962 87545715 812999 509767
312806649 -53787183 576368 606158
-33037324 116715726 192599 81670
139385885 -257642891 844835 884848
256555387 40506960 885619 639560
-496375105 303791913 313391 283287
-434398863 -345669906 107465 94758
-470402884 -116756818 545238 216333
117236946 -183234880 369731 809385
312710909 429309186 605493 731243
-270185404 -56981697 556161 279309
-333350218 462730666 245061 245792
429060438 249386375 278177 332738
418813090 107046889 541461 630187
316736450 337516182 464953 906982
254031946 -324778746 722835 6044
-6747476 73755671 828427 816894
448850058 -21514303 994966 66531
353550311 -484846583 803703 563032
397130367 56657039 550108 155535
182192594 427763101 326653 112242
303842253 182060493 960443 526024
290277423 239181673 9052 791857
253012918 349737963 699340 38712
423272282 -194649614 834734 754317
287449706 57778258 768259 321579
309474885 -72669626 128693 33112
-276386895 -42779967 542913 532363
70190043 215574754 508416 768743
231457003 -226122875 672720 877030
-83255741 -226989579 514531 461073
444026453 -456218688 570276 594859
-469970914 -111766108 234177 707118
-112220093 72443301 376985 333421
484587462 -120113600 79044 396376
-276211611 166210233 578169 197790
-415915889 -262549012 180933 452821
230797428 -54553004 48713 198799
-276865068 200398915 421086 286889
-8286905 -116500168 919203 130988
175647248 -30366895 489818 710482
472128482 -149828760 112183 74915
-114973198 202148221 621624 311533
469436867 463315440 275858 53415
427113258 -326073089 473502 761
-344586799 250094967 341542 238273
-447743352 -5688498 365619 455868
339688626 154072481 425371 703766
-216133668 254603639 672126 436014
372048449 456614877 824365 830416
428192114 -371468196 943308 584514
291976201 -79542024 936755 682698
219832510 -332990923 703923 27638
-158434616 -404587428 234628 736778
357417295 397142460 618904 340121
-416108690 225978293 652809 669993
-255333036 -25449670 34901 550362
-110264858 215766900 493212 855632
472223993 367222475 872892 616520
-81760272 427634680 638669 985200
-459797312 -123708598 739380 847607
205669294 15508883 849295 307459
66315982 -25130731 994626 635889
255351062 248616857 30176 346939
-224230115 257202591 115187 852275
107480752 -226930328 93932 636900
-493217585 51634202 387512 720377
-209023730 -124820039 662731 509839
-249840324 441114839 24574 658657
-460516164 -115074672 426672 491334
395047025 -92289146 364171 75926
465308880 -109262765 692908 934378
289310912 -241662829 26415 763528
-266851252 477683538 333918 832980
456707163 -463974421 146143 606545
-432142085 247527658 548977 961359
-309618389 462189842 625157 848386
-70155966 -421069702 82935 621359
-246948864 -35578414 269351 979839
286557232 -66172477 199033 510518
315735798 209901684 471781 792253
444421418 -451983558 435035 481458
-14189049 -332451722 533826 61190
-107193869 350088315 315910 742434
-423721832 -190897744 113321 220252
-71687545 299821364 734801 597566
134163320 -187214081 17947 968818
270646446 257014678 856264 606858
-164962951 380360042 169877 429098
421321166 -17564056 775891 880753
-81246829 237540071 868620 290058
-28923581 418323629 708533 855991
-346795277 223871052 933115 965460
-318969765 -253702563 870184 472427
357197961 327920953 636700 264100
-111699155 -39726075 318166 892628
-188842742 -294528519 388591 166659
378709359 186232906 148876 273029
214839873 83036689 912795 747952
221278405 -357256631 208364 77224
161383690 499109367 306409 39061
152983030 338522212 852596 723126
-345101845 -337264762 388828 825167
-404704747 184900733 565563 142718
387951186 328257593 159854 21804
346574271 291382840 690290 533790
352733660 -437446803 369367 530283
288520795 -88580292 842084 350536
-62564470 -116127582 934600 35839
119303001 448873783 80319 830027
-299388998 305869096 17356 192631
-207842492 340303723 106071 671351
-148106952 260758176 860840 578101
381643743 -105245992 90231 895311
-191226165 484566682 21412 572018
-495884110 -246485095 280767 223328
-333488957 -175127650 433438 432876
253400903 -445280056 575006 299898
131453534 -105371453 974144 716286
347905193 -145267300 213083 390331
-174576125 -365776862 650070 169492
170892045 -341225356 65933 202627
466635731 -28925877 246765 61728
72891036 -48494573 974513 278135
323864308 21863474 977463 914073
-222534315 290643135 884557 681138
-233881263 374510659 72996 651552
-349797880 -109410641 269162 438688
13812198 242081469 410936 948428
-68478360 162697325 752487 239454
-14023378 427584485 313887 909976
485824544 -435696052 978772 520940
331406298 -53087118 540136 352490
-19263568 -349252072 327797 373984
399521043 -427277792 722637 234848
218105972 15260279 508414 958671
-412870238 34596264 629503 566593
-276530173 -50894966 200182 510528
-122828687 20566810 647204 102252
-96697682 159551843 447790 941116
409460358 -93361767 745609 156898
-8505728 488167494 723584 738125
352049216 100191644 23653 213576
-119274884 368589032 462354 96064
-14197095 302192936 709659 292643
-196159821 -295980894 943076 510999
-25564684 161595160 195241 580865
-406538057 262904390 732302 963348
323166186 8604725 810051 302555
-353542275 -353478563 453467 615388
456248291 211282625 427599 676573
-404439882 -27645381 936338 897457
-320097700 454925796 647780 10683
-476300975 182932568 928192 112653
187491555 217746533 640358 326192
-444308219 -168646878 950788 231624
112477962 464664345 569473 215830
-6502400 -452553057 170791 23768
-152044377 -72669371 437099 58379
109882636 455120487 397721 718033
494447047 -200943391 866592 917613
-337254195 -384337438 958520 249706
380658675 -279157782 962075 332481
-76909429 362814150 551678 181038
332429126 170397790 668282 127292
-133825489 -422432649 500360 523122
-226378090 -405470611 854194 136943
-212731100 -332090332 539447 827888
-465684165 -484121893 793838 836986
75173135 1670996 401133 657630
-379311876 -7265363 961428 314835
-104245465 -471720775 837439 104166
-498181676 -365864563 663781 659343
-479930300 74667799 679568 571103
420238921 297438183 271033 963734
146678376 315064338 140735 329170
50006696 743933 89971 249124
-74008330 436103945 257939 710715
85279003 -472318879 563218 157628
163216087 145962164 170190 408129
379549888 -300847701 75925 989565
398086517 18690335 761653 484257
-274432488 192797692 505971 860236
-312296419 413083970 618917 114974
371987380 383586597 458861 701034
-150151983 17526152 943509 284889
-244006661 -134651686 811219 734540
-217428152 255781535 811240 698006
186145109 244886542 573944 952444
-392485293 69441384 562889 401064
-304318431 52214796 350403 392293
345347048 313816339 90459 497466
74146173 440895858 633829 561345
-321246584 -326217279 153745 493529
-450396334 -477054964 197107 807980
134288022 -409138961 367910 197038
180537866 -238304173 643040 255794
453308812 307433048 454321 821657
-20300566 204620367 275224 371237
-30035378 371525086 463042 335148
418126660 404932679 199008 747431
-404990358 -35774014 371555 904298
387050419 -341591802 746391 258926
-123219113 499247335 682905 124490
371819867 -341883879 445815 623169
-314035272 205540961 467828 797676
55853070 -151870511 716600 515801
-369691860 -72016394 763458 461021
382924470 94375958 533311 498863
99480958 204121863 742144 211697
438943587 442667659 617427 217689
-118637501 -139372564 418486 77163
-203917742 -488514174 330914 500506
301949327 -393586058 97411 855331
99247462 -125248530 700093 289632
-455908532 373164481 890168 185828
-348176420 332829323 63945 7769
-185218157 258108640 15231 965832
332607268 -329462883 737485 265144
-14385287 -471798438 565711 610669
-175954616 426005243 917050 567762
47481933 498993510 424293 211377
2218537 -399675313 511854 595038
72707287 495231534 223946 729268
-137090873 236471634 551149 737079
-483416935 181540368 568274 46425
151054967 -335098861 993768 734552
386296079 190776023 289049 477572
-230080980 -441954186 283166 272817
-256701434 -39950140 111580 949873
-223284708 -231514657 227786 346733
-340896499 -95204216 508234 105514
212465495 478653902 949820 373038
-230345327 366525276 292600 243864
-397884231 -329380259 921272 607193
54008744 423372551 633299 579475
-87109722 -138670901 271588 735948
-469443046 -142309608 945865 844879
148281178 315400902 26375 124255
-87161695 248009254 507403 174617
-283570914 412166051 640204 927781
303341097 87829780 819660 817432
41196688 232738210 185468 680106
-146339056 -226941359 542079 119503
-69003809 -466477268 671303 550067
-3910298 397391121 828764 430359
-441485802 -1229126 454211 91247
11241623 -150316262 911079 267180
-238515490 -46536439 269842 240284
22016365 -204850251 332430 265824
-380847126 -129333817 570454 210964
-125349208 -143992525 669409 854351
107605738 157323642 779632 201191
-324012745 389781661 979577 50373
-320081016 232707499 67065 650001
-193343268 490090344 78082 717620
-24865253 269955593 801260 370459
149573276 213208715 553385 289899
160001728 -197309520 383799 667713
23743675 455550615 164142 507748
-353892493 -495671049 120057 799370
-29083264 416625400 986657 319364
336164436 413160516 7430 151285
74009906 65741349 428439 796901
-387115681 448626206 779025 534882
-320197594 407696981 357769 228560
252251214 -163371564 240589 800587
145416865 141334661 399932 389190
-454469413 -236243463 433546 645191
-435564351 -150578979 968790 670507
-405679417 -116216168 222428 983740
-461897592 410527527 426296 726532
-79534293 328024050 958396 129183
-111429628 268362437 561130 92871
433596762 61108840 924923 732604
-456629948 308862091 528813 904118
177334659 -51897739 6032 861616
-456070222 -158694727 583343 688872
-424945706 -388513749 712759 748667
-268821978 -29392484 694596 430798
-322938565 177589798 280578 228829
372150833 311127805 617219 246438
-28916013 -233085970 324349 167315
-93239722 -496277952 614383 492718
-220894445 487020565 21336 557075
478639917 149277832 598221 237213
285831409 -59106977 732716 476655
-447651496 -344298899 568363 467681
-486918999 10238087 692234 738948
294192443 -172796384 790951 192532
185776217 -317739644 520112 45177
62287678 -496033107 307058 909946
437329471 -379495226 524304 317375
-311620600 70021945 891792 345920
30777598 452388983 801040 677392
-461449020 -367978940 575510 993984
-113387047 -345293893 802628 379505
-190144673 -296465178 73130 300986
-252957710 490292469 868978 995144
212626693 -346268711 862814 676212
-219140451 369448681 72622 79576
309963892 -398126986 600402 216170
-103588484 326710851 677276 393684
409881933 39232974 819480 848823
416636567 -281362561 177058 657810
-424352181 -5259822 470606 338069
-14565200 399833174 680323 929007
-28770365 244018385 660659 488774
-5631928 482037889 757430 736960
-455511183 -192081539 772098 637374
342187306 -180596678 848777 821673
198253311 242211626 885167 990116
-173319765 494091391 457383 293025
-413407426 493698062 41001 67215
302857193 299155278 82193 754993
440909673 -105691265 465879 876298
128665870 77903847 26471 191989
139758183 148187191 147421 641361
-166668531 -45604066 304665 628681
7297171 -309042027 268305 190498
-336636092 -383954488 855580 708870
49169103 443519895 83307 513747
70208276 119234002 685840 618498
-308435637 -485798220 109424 391409
477452100 499736575 710551 363981
-182228279 339741621 46822 412697
-413789921 16319600 421287 454429
297434283 -108808353 552513 182061
367580850 270940125 26567 769876
-487619783 -397513553 820650 165918
-455383797 -38102450 502847 524890
408288799 374759802 626915 274428
148166442 124548818 806358 19106
-426666304 375146560 834134 856468
-163058729 490151151 15961 49121
-334731081 -395173460 628409 5669
411112286 379795568 518533 147922
-30387585 202632344 233663 673459
-387379756 -135780147 298221 178608
-457130664 155666289 544059 698101
-283956561 -418634240 543412 382630
296941944 -226566510 606557 97456
-302182347 -435105923 917486 533307
96419607 448480812 424315 702363
42218904 208869544 679078 584236
-212098786 -491825392 903872 167865
98109899 -291712559 151238 949386
280599107 -317351112 749719 722863
-229305409 -178756263 412470 179515
203813277 -490543709 537598 712922
46650252 94329753 586903 580688
-384033991 95348182 18099 435434
-390540330 150276098 83430 256186
23528796 136697463 654522 286693
-259514018 -351197383 574971 282821
280293914 -241323489 337324 977908
-438357077 442195107 239468 982143
-206142343 245498801 516100 179215
462625587 -249613648 236877 28660
287280610 -471099148 375465 666066
-141282333 344452406 734326 798755
-183882602 78120882 204882 303293
231290194 -170638633 398908 360975
-222004770 -94317862 387209 460996
109443555 286697824 833838 247816
-197829406 -127736530 505973 865333
-249374177 76752385 288404 375673
487678579 -472630168 743299 855866
273029482 432309564 954927 962915
-352313206 -57498947 837383 186768
-68598093 173616971 460403 514578
-34142814 356787646 800740 365087
-283407985 -452543134 277702 232153
-151767817 -267401326 290642 754681
475599988 74518767 170945 339608
-399319865 192253502 456155 472346
-200113416 -258809636 827245 24695
-215532396 429834462 885849 724391
78874134 415729353 807880 849962
426711392 -31133462 221754 209265
-435993496 -241510852 917228 991537
231001972 -172696709 814449 861038
-486430638 446319662 564550 263946
-92079514 325289327 538635 396421
-286209003 78639213 830727 437622
469606855 365402233 363021 127088
-133110107 -283006583 863808 845301
224667661 69852077 518738 408906
-318364300 415221224 509557 775505
222997808 478367869 939232 447670
-2413411 297700982 327558 780353
-280830349 15947707 59827 942022
-285398575 105560491 33204 505508
-103513036 29137755 132199 246946
221053039 -218768091 862155 475823
326637653 295481432 5607 950945
-1302014 383822592 182413 601504
6881221 -284401892 114727 478978
376377823 -263948944 244712 722340
166251969 -301026585 803468 984896
46732659 377757713 839512 105739
150487971 -186432012 592555 956975
-332406077 -473782535 957796 545167
48455301 45395574 186464 250135
139156069 473036505 378784 89854
437519200 -160178067 754122 931739
177452226 -157312820 403270 97057
-241807843 3680482 417673 400569
-390751147 -99702887 745966 275258
-139188775 -428145665 181320 99693
-162375952 -382504365 590662 174114
-334320104 -112994670 895033 581350
297268393 -385119339 468986 738103
-240615074 -283384023 603479 463475
212516874 -442142926 817352 391371
-101890904 -494471957 764297 838038
266077439 32285771 926616 448130
207880946 -470088884 638437 326819
-338321244 -86824176 527793 25281
205546846 444587771 134470 683635
-376443676 -454751858 34146 255394
294809579 -423346870 587380 584670
414080720 76223275 209742 131247
261536964 -415246985 109113 137108
-190434312 -485992673 19274 31324
-113969582 -218975505 572548 746618
488961538 237667511 934754 187176
436616309 -277887159 64872 193840
-488238300 -430506006 3059 403593
-165351352 -201238907 163553 55977
148239719 386489653 887809 707007
-116328394 460902571 222384 300089
-315229662 -156187157 743534 175313
410015879 236167926 687473 656954
-97127697 -436519792 329913 570806
-163867332 175751196 694034 290821
122238062 445846947 368870 75575
362212851 -59553029 246051 179977
464908516 350597264 363632 505712
-62682186 -50787440 951376 121008
173689238 343414257 310989 359267
149556799 -454698259 392123 144673
-232699715 406622618 886669 597414
-275458483 -295413465 511620 800226
334311605 -141801855 42270 492353
362893007 54164860 291846 326858
394200200 -7263410 706135 979608
267931184 445069481 552805 878657
-292693582 2400871 386889 674617
117473023 -106119770 673876 200942
299332372 -279733865 390377 421222
-23051993 50812471 314194 196749
68376685 269599756 43023 370674
418119868 363688401 718026 202557
441175454 -17263841 655285 138019
-40760696 -204456521 192143 58757
53729829 284199790 317894 76646
-236833099 -300801354 573895 329104
188396996 44630928 662433 804341
217549923 -58793066 110206 859455
412794453 -310157053 887541 497702
-23757215 -121163065 440256 130342
368044542 -373437456 307259 639603
263210394 262958884 126524 129802
-462991481 -57420726 265609 555683
453868931 157409017 287299 984803
250513259 -329280468 300059 705622
-55828258 -406627337 83692 214722
-416169492 462645435 765034 276713
-448841305 154019045 353512 681583
111757133 58836714 713667 881382
-93977174 162847384 349000 288877
-343170549 -77730424 635395 805362
-170030928 250614308 112087 328412
-386545899 56846223 548594 831107
-377880675 -493439486 751983 609583
-166494206 313117660 179857 103687
-341934642 320004884 72368 800374
146899234 -440019402 748712 560343
247116173 -429443711 655555 522151
-358683887 -190660547 49503 630079
-7166787 -23743741 284659 512953
96157839 409289212 445109 804431
93679277 -260997554 944320 455856
-290235998 284914738 969060 758377
498466501 252692147 79639 119920
-278199036 45381900 852243 183295
298786707 -453678107 35215 832503
-490865071 -368831516 619330 950009
355782280 1390982 501396 622691
92363968 -341613949 877666 451103
134961269 -216142634 633027 595198
-260100504 -450838171 856366 168210
355845469 -109346538 786904 295920
329044218 363032415 147864 917440
242925872 155196235 602650 45516
84211914 235270918 377229 298330
150124080 -411501600 615239 201733
481407702 374539888 961205 464682
463240516 -480966443 55805 17785
330548162 -47897103 29867 934240
-142790739 -290932174 908754 378079
119026712 -411834784 997516 655359
-44346451 188456720 217702 232817
-66719722 -394584085 228393 512411
165357757 55812038 959546 778686
133018852 92508398 569792 931332
311257749 343924074 487747 188565
-132055899 185144810 557093 42155
-315115150 -393844178 601507 792492
-209669567 -388631529 469293 935847
67638439 -405721373 284136 10690
18653475 -59965466 489884 746697
60644386 346864684 77378 67672
270530247 304158051 503335 939717
169802644 -337262521 142891 733896
-468559950 453545758 940884 19159
445460701 498432607 917391 200977
-154626066 -411059346 613637 755728
-237466618 411680130 458902 408097
49777748 68971176 242997 965712
116240004 -24386336 127008 160348
89857893 414789192 323381 200780
64614725 -398391980 400299 230145
-333416191 -247041569 24181 233310
-424675567 187848953 435990 274584
-347994608 142685685 636212 725941
467470091 -367354384 859972 961117
333599838 -241759149 690816 736404
-378610471 -219704214 266129 543400
173175154 -190066564 254671 945352
430511662 154015880 786488 755497
102128134 472926443 391427 786198
-417772943 -66614089 255854 163561
292670425 365685975 909127 737132
-460982628 475717607 252796 406468
-245321172 -476724816 964174 467963
453161558 463275070 384292 742760
-212975968 419913888 935164 747325
-105000501 -471701700 155708 847661
-432397961 -447905332 81574 92088
-250288154 12497145 261226 969044
-137581096 243192722 531606 815802
231901846 -369753751 806953 123850
-207937013 -7973430 148421 743131
464781068 404931481 441346 952099
13084089 234408711 639647 403264
361572859 -120079631 365907 155233
-387748819 -441654315 399170 648595
-67066255 364796746 97964 288790
-433553414 -443938563 439758 990487
-354162698 -168747670 841944 332929
223997366 179312404 403695 598130
237814132 -63665147 140452 92002
-201084165 192782274 745764 78651
-391108672 36534070 978315 479770
-14846825 -105424420 544297 421428
-67796126 371506994 768483 154690
-171448933 -149096065 293218 568134
-290065437 457812079 716169 788227
-30062294 -497136536 608995 10995
490337950 161225276 449965 857880
-361900295 -495783513 58286 681481
-206979484 -136853516 482606 32814
-243798777 412104382 883732 303367
-64810450 -65444140 508191 281766
-97435111 -98086090 300289 111229
-238626208 -218723268 565395 906514
-287437055 224749270 599289 199183
-121234936 -57842925 480821 813018
165088746 321287644 599985 437598
-83430323 -33946333 791623 547784
334127485 144056549 667883 369731
6966431 -128079741 800686 765690
-194653794 49180069 89877 544387
-150082741 139199658 842310 76201
95089055 41196234 291996 870484
431292955 434472395 444506 48471
409539152 170839901 884987 235158
373477394 -402456538 721682 559497
-92658692 -430840831 45075 629432
-456145691 -483487650 588849 268189
369671205 453962641 385022 187073
-157952988 265214882 281555 92134
144161133 -372348834 618422 365608
-219429526 133777543 529381 378431
150959810 -155145216 483425 964493
-132702190 -355311911 52229 442415
-241691567 -363770862 784001 961943
413890555 353176625 620820 254549
-414074746 -441071681 216660 928558
396419380 445031667 885211 348898
-241165193 434915652 597893 871671
-226261224 43331744 71176 616084
-54382366 -428565851 894414 949844
-387959916 -7484388 204791 589536
416972781 -466755063 368562 635177
-450269305 -122850166 894608 803566
190751179 -428716183 756099 236032
-29923983 -151799723 272971 743470
-330837844 170604563 28162 589570
-215725173 223126737 193153 272869
429635569 -329142885 708979 858525
-194624209 180119271 266356 440695
32683323 -486023094 417189 660800
-172593776 -225634995 211023 102317
-385976415 -358703269 494769 674650
-271999750 -61473583 540968 592111
286441718 -231997960 862879 646616
-87488881 -394773123 182154 873926
130032576 -370198230 293315 784743
273858101 -399192452 865515 465879
276785341 171278523 728580 353671
377894262 266820833 609705 354054
-404839166 140216228 815188 76458
-253609185 37754742 847800 709073
68021778 -251260712 584900 847550
113014583 -171055179 180866 763570
295909927 -574457 629389 980677
-326996832 -86444271 943547 505266
-351076736 -419117514 955192 956795
208149488 -291629195 978542 658234
-461301858 -138137214 661728 401478
-56251006 12590101 239806 74947
133818978 -411890702 529525 265234
173156819 -320067295 19962 944563
-166788378 55606382 963266 795643
-376337855 165981681 102965 78708
365704188 313591012 686930 167998
254331675 194995350 886975 646417
-227645273 5901945 194801 386333
-91463573 -465728683 74292 583122
496206664 -377175137 143639 936444
230758710 -101497628 305848 73413
454949591 330501607 857182 37498
-435531604 319247865 243577 818858
-377958253 -146025172 13614 448815
229292293 -291753092 136042 344869
467906844 445888946 544712 888829
-166688731 125209956 2209 797009
6988824 -416665960 676848 28880
-299789154 310580036 865839 422311
-313291096 -163171282 902927 648880
469869621 25789938 932305 51335
276191778 63526915 981181 53579
-300747129 204153061 591296 162951
-181240279 177211724 366217 166623
292800892 227812359 537837 171279
-101630188 205476581 305444 466389
-404082625 -98609277 173050 57232
296135891 -288067842 483869 593095
-250621433 -188303678 237571 941506
-246876435 95669377 117114 603670
-282319728 -29788404 165951 35431
467618447 -181282844 569459 411146
267965960 -464728640 927738 647723
474171450 -303587112 308639 486653
135188175 200760102 477789 353950
-259531231 475717015 854497 418700
-305322193 -352914111 583385 87157
-499926455 -145118819 751162 811320
-396554756 -309623471 45374 76144
335610266 -383800678 204512 577683
413288945 317267926 812982 988768
-222443242 164943005 416278 905343
-145409647 -498318663 158795 893873
104052773 -42962851 972495 559059
99900739 -442584913 62025 288471
342898387 484061301 426407 706687
-20852124 -421009572 22820 569080
-113301379 238515685 697257 119505
-293916398 416591311 674966 679507
449218518 284773250 652877 28382
337377367 1979467 417492 405471
486259204 -30889612 803145 572894
-118608331 144437455 541653 187001
419475998 -353390462 624583 905610
-426537501 -341020241 410937 141263
-156117338 -267059094 88958 224113
26965577 -212725418 63480 140530
-253017264 34751195 870983 987506
466842852 -124678949 113885 331508
-19191044 -429713046 927732 51254
368048412 218542334 272631 611083
302555313 44172326 789292 665792
208534608 -375513971 570767 449073
485887956 178290023 867734 639176
-76454156 -54950136 827104 352163
-448233602 239913359 844089 479252
-64541902 -474238527 518910 825711
-6288155 441183569 429142 912803
-421820915 -12285347 617481 984183
-473446757 307342574 603586 367131
-218853846 451983829 41233 519279
413091908 -93327339 872031 153418
-125842436 -361432093 600437 491431
257704708 -159442400 45905 599245
389561110 -430555866 1213 739138
-224762401 484888112 635403 610909
252795633 491337885 467483 263774
-412025064 61513700 546809 136744
-295237942 -226833899 87715 11804
-482294852 379526920 130152 645970
478778257 83987492 59627 176566
282367917 420390094 738439 719165
-411974104 -473487509 638861 497859
-41708065 -67524332 193256 359619
-83412060 -215367967 332146 493718
-157681246 -87805442 172600 391435
-92473786 -399566261 224553 510507
393326633 179377682 300081 681115
-453517517 -12228928 194313 178502
-233789278 24297063 175081 307070
168869415 -303943272 914371 571272
-391606366 -231816987 316627 892884
-88662403 -173928387 553928 513057
-440896857 -95759925 494464 221674
-245395633 -2856335 478704 831463
-355473596 211183355 796392 236724
-227042753 -113188156 206132 504338
-181253608 -219793968 251767 675012
-253781617 -23011218 260495 128273
-14471815 446022536 131797 884312
137090324 -45144185 827075 364683
212149628 -127382043 982641 80586
440155703 111177040 639288 103900
314076906 348534392 290231 625740
-28438481 -51188874 186228 519838
386155902 499476440 452378 783340
-6418361 -311264947 791008 726562
-396059102 -379583254 446027 608530
-154961378 -248925930 112906 360181
382719798 -120536066 769599 640419
-53199045 -187803812 799582 508234
-191578980 -229970645 176590 804756
272169360 73338792 852955 463326
46179764 -430344182 627189 548743
485847186 253124648 876775 286701
-264967530 66486977 265632 817258
-160008937 127936762 237644 516314
-443845748 -435769826 309270 942312
424381250 312822206 232804 464155
-322493271 -498329231 637576 345913
-126893346 -327545735 927128 166575
475604144 -21553650 558194 276533
-300044087 234838239 75834 468251
-27669262 365350289 656944 921153
-478529892 86408383 887549 691412
278972678 -32194163 961238 516031
-7051097 -215968044 708900 910540
141694160 -289571770 214139 855448
-442382154 39029673 456053 435109
58352414 44497471 284459 145870
57587876 126915655 651023 745749
-7682393 -65753445 23657 804824
-125146412 -231129478 350892 419235
-228463282 -67419296 78900 521631
-401986185 163137298 783903 229799
352410462 199985590 37509 668987
-140885563 -30644706 950805 234253
-347363635 -424782299 336717 104761
-252562624 297533780 806738 411772
-147050278 -164821128 876888 785143
79728546 -222327743 510213 791795
-300079135 -393437458 289862 856318
-131117372 308781524 918151 708646
-39547540 -273918001 711527 660152
-363898318 413993828 592395 626291
158518794 97622901 746446 154638
350350239 -300576811 594083 199793
-379993036 -112897023 253687 140891
-438864944 305527486 186150 526324
41744538 217455929 179824 23185
368152857 -225371153 662426 521293
232263856 55361696 100994 450633
167656376 -392688287 874115 416147
-169656008 -460583215 167680 389220
-482327485 -496544925 293329 676227
-397353745 432365531 688712 414344
118535917 286968532 295455 447803
-178994230 -444745859 42559 43547
-203523903 172952932 641007 162426
175826490 141708650 915671 321157
-67915549 169665495 395632 653090
-365581206 162873734 213707 820658
118495673 410193205 921662 707880
-253503394 -361422164 630667 34383
-8271654 116010194 909398 46178
368054405 148728416 791211 946841
-484504423 -223853246 294475 984621
-445818612 -43708165 434479 404400
461141787 11631710 394867 721698
66082534 -356932239 989907 526188
383283635 99945004 435887 934735
385109537 192688291 24683 595321
397314438 -299590262 490167 810250
364585989 219911052 457872 205852
286159556 -475767628 645826 382803
437722090 -292737675 760037 171497
-140474791 406369529 261549 5581
-166543880 499513482 86437 709804
-179524947 -449826831 606945 230629
316370983 -240153482 174845 963604
382318062 279734736 710995 670778
83384573 197872511 564826 161691
312943589 -360465654 109887 872146
56860256 -486148131 50622 851783
-298106784 -42935332 42586 385953
-434178188 -493241756 349675 5709
-47387048 120500861 60242 978617
173303033 -195562427 786817 704513
-277419144 -452523827 996106 236000
-367784115 94422929 500051 501490
-225545079 205894033 263526 680805
-88931021 -144505840 225957 436540
378023124 -228016408 310107 870015
181372431 266088584 676845 21955
-316793240 -470933108 853935 377297
99554341 -293598217 174675 759094
140519505 421266960 169532 179751
19334365 471213270 996528 734542
265245216 -336792661 401141 314883
96220758 304999825 85710 607533
256827334 40364989 676764 78398
-122239580 -302398283 655042 741829
310423201 -148350146 505062 606623
-96848602 -224998133 452738 895553
-231680723 52191889 709063 408596
134764988 -232287242 234606 496699
-40485376 363106599 969948 180016
218845186 417690377 560560 632268
-357064952 -22887481 231277 726053
-67647606 482619978 157951 215633
15926991 459762375 96172 372361
357796900 138194546 303256 991594
15315385 -198975920 875636 318421
328970008 -24904406 381445 745077
365530947 152267421 322444 446880
473493096 131075918 959960 72023
168103747 477970492 843812 455080
-172701679 -391751890 277933 700851
-364804820 375408715 447509 710345
137346888 425910472 477613 847215
-304181432 -230117189 945187 189891
478654479 297077062 223222 797183
-44412783 121130490 485047 163294
-429096154 -426239818 521393 705996
-286621153 430363574 128042 800459
305181861 159595329 95500 72843
331279695 -43340224 423268 263123
26815732 -377444490 87599 399577
485644933 -197977214 485569 683626
-73068311 470960289 375301 698183
49113499 117708980 363478 803780
-266342275 94090996 814519 968280
227298512 303052875 82996 184943
208846017 -183839553 887639 842916
333159381 -190052533 44118 641571
35295011 -153111105 508586 319699
-424212360 -365414859 770814 94176
-393167461 -130701269 667650 984292
498943402 469889858 977182 822705
-247755101 -449662062 667780 864061
135323391 -368417881 860062 243691
181522808 -406645731 276647 621234
474189548 147055827 636758 979372
455871577 -76278833 550772 352893
491250440 275676590 96271 468638
165891271 260803526 22919 645
-339845554 -288090150 971781 812403
89099716 -203190919 976652 833753
471819097 -25716493 257319 171624
27885075 88912889 640834 326900
-164796761 7535056 797077 589892
258930301 -180445902 786619 855864
242266839 225003969 34529 91863
-452072950 -388429016 914713 766261
-323654191 205486477 70973 599237
-22912196 496120913 532001 229253
274123778 -263545966 4763 732728
-350463129 113141420 525854 496300
-153029483 277273176 280990 226420
-168987781 159608705 458617 156872
411252023 -71488577 332169 690856
84088765 347375781 665057 209018
313810109 325991171 52617 265458
-52011365 175596038 23652 55722
186743014 428170486 476489 458172
-100270101 328475235 62750 865528
413128548 114267118 49887 491073
-125935026 -81663823 229054 772548
-135532584 213161036 297509 701398
-103102089 -148412787 711895 397674
39553046 -365449797 195636 416939
-194708373 235666815 335771 566460
333513829 -474529168 651690 575434
437137345 -75944390 611488 538890
279518140 -416360342 741668 267604
466048995 166918104 803231 531996
-263521274 -79165263 307651 899081
76318539 -256210657 856111 216755
19652190 -379447656 517035 621310
-384835898 -368388672 486286 405006
-486880941 -71487748 895551 664421
-321581132 -9401964 231512 542496
396135717 100369796 298278 993803
-445453755 -378199073 833741 410716
-420597755 470158305 806857 143379
307844028 318434766 739819 957785
-128979699 -125227056 654781 295793
-96344708 239494176 8882 77941
-388473203 -285648212 405411 566087
-339652185 -411814169 177295 564899
-1414223 -119931959 831736 769400
-488656260 366678508 936026 276379
182126800 -376607785 414857 415249
419043090 378309720 885350 620618
-158464369 207718666 97917 250157
-31733913 -476428041 691775 261134
370705176 -132108458 230999 289213
336757670 369386613 725546 465016
-291813532 -258366286 259248 964096
297466722 -219244125 872746 681033
412639348 107497814 450111 777098
374427866 138333106 269623 511989
-376082799 147061244 729682 964225
419946037 -25005962 268614 831138
288274065 -281558495 925460 318106
-233967931 364449956 683334 882665
336311059 14237765 647879 685472
454132806 175027219 159967 434516
-244932673 486704166 646345 872109
22572061 -252925953 159666 542174
-136471416 362243849 819344 400815
-51289446 393014593 637917 549365
-85486095 -76086290 807524 821113
182431895 -422323339 176059 726833
60812261 23544144 32605 515931
222250828 -282824833 466982 87727
69911994 135045629 727247 384931
-30535637 35364488 21609 320150
479156170 -380199365 476620 125885
274834263 -270383157 407132 843690
-215018308 -43124196 878133 660405
237475917 385901552 425904 133176
309075873 -422868294 885141 80691
-397979503 -108821732 483089 336040
88935232 -14851615 581762 564024
-358858630 140028964 176839 526039
-60847830 -357700357 366092 907210
-168830999 -195851755 325679 104592
-126817655 -315747605 732255 628515
118128350 -332741875 315582 175271
-118498263 301833124 209165 551767
-369018512 76934181 589945 614347
206111231 119243498 114295 260274
109427901 -95074169 294146 324446
383516626 49335750 336787 330253
388928099 173673788 638511 347412
351220344 339189895 215578 816615
166179071 314195239 715369 273479
391159274 -307462409 722357 676296
-270690701 -33400761 822763 554110
233217407 -450372714 686657 808836
215042592 -460807951 137667 133672
134799925 -369698078 543627 607414
297971500 233413399 640975 808672
311833320 126589073 386261 468679
125157054 353378693 515841 345192
164992152 334098131 920718 718246
-198589892 -164969696 243931 807919
-496421209 125989266 408605 116558
109226899 -89665497 135411 392077
378917656 175369139 721559 275845
-5066897 84113780 52976 982660
-387067183 85141587 9412 693657
-143544963 -240151622 8522 686590
-15780852 199127964 130787 390449
-82937659 226978444 59539 75803
-480788432 -249590577 665925 587770
22415039 -237227627 790146 269280
371215882 -177524231 56237 551118
-495945369 103544467 754356 986648
353533474 90515498 886290 236452
155537287 325387581 497873 547256
174844516 455638322 701812 909132
-100223100 -322612900 12285 569029
453559068 423838263 549580 336368
439348984 -134168849 126974 972088
-473189854 229938157 375876 261952
-190815069 87665232 3215 125285
94162322 425685495 529214 939546
-451106656 355777002 992716 686313
-426258748 159065285 354241 271218
483162786 -357107961 496841 530737
394873440 -80224509 508200 183275
118023839 289805589 160603 510961
419523678 -355110089 233609 94858
-8147660 60561842 879943 402672
-318628567 -290483984 431560 882032
-292657104 -12978914 293236 693766
253453524 252899698 87966 228512
156039957 -486126083 232842 244435
79188182 77542336 974582 448582
400755669 -42953721 27326 95180
-146507138 84410516 850943 836704
-204797030 312893035 27038 47746
-284759259 22560570 780001 968488
-208785348 -215489182 806394 823395
39862837 290218150 372196 479312
-272738615 125241199 633446 909239
-386436244 384276665 241525 792707
324809662 354696350 275831 340126
-402250983 -212871811 527713 318184
-72144054 -431887417 712193 194453
103205981 -233417115 329304 948257
-45744695 578846 331888 333869
270385705 -3611324 316840 269778
-99196055 85874846 573770 196934
492746956 449257642 654674 440788
434487231 304126633 448205 206071
380564243 -29382816 939976 250830
-80040195 -107860490 340064 275840
115520312 -85393299 269045 67721
-114123451 -177646656 100797 227110
23550674 290089877 802356 729369
-219839431 -136305762 548465 727641
-447180513 -318587246 19733 39450
442849597 -297534268 479516 335284
425743675 -299593635 418197 457522
-127597640 -455166150 170158 324410
-358600089 419088996 845417 857428
-286270637 394975016 477035 809624
-240222654 -55850029 630451 386553
163229240 -294944756 183912 551464
-162564845 -351096626 871690 330278
387745107 488401920 952395 81961
34302972 -348295758 493815 554986
-233250156 -361248522 466190 619913
-402974392 -240106407 912178 772510
-303207125 -33726979 647163 198493
-34241378 -42170540 925928 433829
-324855862 211685499 754353 966373
166610250 164017968 494136 363563
443724146 46872860 334475 462267
-454676556 -284146385 871144 406455
-415794499 241457089 532706 438207
206036767 249236883 339548 348403
-444804015 -278886160 969896 751369
-203587220 276372695 289426 752597
-382357633 -451362992 349318 323882
491209103 448420063 371678 308571
122362926 -202497770 838284 860891
-338484554 -256093627 732449 15490
-327374302 -140318643 96952 264048
287656330 -300237165 120449 764748
-307183558 -286530800 671277 488166
-65008275 343524484 542387 166267
-383081045 482858442 690302 268054
99957180 -180170681 257587 126483
-192908472 -134827140 141986 929343
358684429 130183099 489352 321435
-469715269 136082935 685758 852160
-362654609 -463817036 464643 32732
151077322 -488891363 869729 994010
-420811090 -281498828 653950 820512
112820628 -403562972 167617 258290
-325830259 -310363726 402462 929139
205011411 225819090 180032 971724
190813963 429732182 685330 509285
-52046822 431486657 565674 8273
214827169 139591226 778323 826886
-85191914 304596124 511734 918985
373981312 -364318294 385956 914664
-447211569 -356351136 826179 791905
-285560107 420656740 344914 423009
-109207323 186481564 201242 863974
-302651641 -203938087 274803 697541
-379382315 -436648272 490608 296456
218908917 30567785 307304 188975
204775697 -196951327 972119 398458
-86766422 -343047141 556728 927599
-183230333 447747959 463049 774890
-298469470 212073667 316542 182418
-323440547 -173182365 495281 852243
219208712 -145466339 457503 29823
202126792 188626049 937609 260543
-361014029 -401359431 348532 469057
-59315626 -375744723 737018 835352
180609075 -149951610 674706 907284
314361867 416700188 10672 28327
339784426 412454298 46226 596370
-306809789 -334712665 404232 649750
92801706 197177357 480021 210168
-11044016 29994964 283500 917452
-368346582 342631916 741259 321505
451923119 7481100 754943 797548
342267533 -115514485 879504 350020
30139087 297550063 76763 204935
92059863 371823960 56235 321196
-71316869 -148819996 90702 914094
-291783294 -39221219 578489 872001
-198111336 -45851134 231177 821935
94998362 -481335120 785828 553684
250351761 -26012755 364030 883826
-355645742 91046263 933426 403399
-126148910 -326012959 240760 29144
-214484373 -267439648 776417 758984
164559399 -369979989 222172 661997
379708975 -431666655 371413 469486
109603411 -65655726 536783 630718
165073494 -406273362 748004 284465
-406605844 79613539 501597 726567
-21296838 13067609 819588 102762
307080658 22952800 960318 553817
484170293 -276410161 424838 110612
87890184 -197695473 70175 213890
-48384633 433938830 465121 112977
-203160150 -360828212 854756 720668
48282771 294270086 324390 138481
92286531 -266307747 347075 718324
39065675 438751317 679916 863797
223059908 -57212428 911296 342744
471670706 -418851224 791048 610864
461614718 247381008 725704 525578
120857039 267960932 58954 121497
-321559080 320334167 68183 479334
211926438 277453526 765074 400740
-203994615 -396969362 207920 618017
52586268 -382647542 337431 39001
-350192013 127509721 913042 619045
-35792415 642382 383855 887185
-303434431 -55054731 300043 259886
-373976763 108984437 866895 647472
-168972532 -356907747 904579 351692
364484870 30122644 681679 695492
488312797 -116051986 874796 191336
39741456 142762687 723565 538049
-240008839 -433050041 295403 490961
497336117 -96882366 986297 262821
-324401517 309446894 947745 726705
107638056 181784763 350854 913673
-230899712 -250390385 742697 63610
219124719 -496989773 542791 691971
-95442683 -423482275 915870 368051
388645151 179287002 286928 123488
39403418 374463832 377889 167425
-259866589 -239091891 379931 19753
141100202 3837832 704465 655392
-264825739 224100306 797248 994400
-132205999 87718720 385169 602793
-451166237 -34132456 670074 698625
-32120292 294988894 533125 435404
347331275 89938682 365673 27011
-406134452 -296205945 282324 306516
-238472098 120130234 929034 932119
233762157 -429230553 744673 596040
-356681281 442989092 150869 233419
-304042969 -435754876 752551 437178
-218571251 361745554 18983 716389
-149916029 -388843643 852503 660307
219761177 -4549186 977555 689930
-452762904 208468382 575787 585021
385466539 -91644415 902929 624787
436261639 171238490 959278 283856
-57064981 484839019 305103 931874
-264651358 -208146693 65098 842086
58756619 488643368 906661 431231
194481398 -40201195 788233 269415
-173769104 -211858671 493763 477492
105251018 385019527 215203 927614
-223668249 330650858 927319 835598
-33903329 33235996 221798 737418
-199727743 -275677255 330101 699733
362391592 -31328772 444262 417217
255562661 72257874 157659 325170
246014619 -335787399 281625 988496
-24309910 -455072427 318599 530664
-395777277 184949327 509461 387168
156890331 -317787030 183673 404693
222998523 -486690844 54548 357843
381801267 -362353787 147123 949616
-100522385 -379595129 182770 933893
373216033 161406241 564092 614474
35609054 -96628302 185837 321933
-172163835 278149767 843480 786447
-9474918 -453610423 248420 353403
429974321 -458426106 447185 502916
13259269 -24398374 479513 309977
348964904 288729401 938481 854024
74280149 426308572 981358 747756
-134797087 -354046906 225733 604180
339963634 171502378 448946 437701
486168347 283786458 399677 926929
476981799 -365201757 818604 793522
-379256381 -281785491 903809 548851
-55023337 -203089630 921676 631058
281476143 -406068131 117810 646846
53590666 398893096 232758 397466
-154800010 -167441419 725908 1964
-379253882 260548018 4677 644781
-151225441 -49019668 830766 443920
-325366944 -444939788 590633 138419
325072160 -239568586 683442 282920
324400685 -344823622 512894 34574
-166479943 464338374 658742 825211
450112097 -491669856 103374 705237
-267296677 153699440 274503 286336
494112828 136595268 192701 239217
424072804 129282606 338989 877217
-130056441 12675976 293383 458846
489464024 132302168 947372 842300
46558291 435163086 166213 931240
231066023 -473619478 965119 471836
-66887361 403984954 423974 24430
41655020 -450568255 344669 808068
-479986767 45319924 405304 952802
-415829974 430415581 878070 27812
192146531 -223782842 810127 241890
-175090637 453333984 273588 650227
