2500
205137687 341447152 605683 606159
1326395 237923792 564356 854990
8071807 169390919 381462 827724
261619307 127028795 284249 86118
-111210744 -140899453 665446 156960
255932251 -406683125 783400 388224
-327192591 308082551 719285 231327
368357020 224782143 668810 749965
250463276 -34139893 10455 659137
-275542564 -382499744 374206 715056
-368217500 -2282550 446387 940936
-488044373 267611814 366460 532806
392450970 427918729 85784 841460
193190156 206533457 140668 697667
4081121 -323066682 708472 38400
-111284430 -459698453 9593 27958
322024094 22452711 679911 262881
162308547 136131723 48046 945546
-112424247 -490049920 547099 202116
186966040 -154052338 969820 196161
-325693142 -178099573 609386 716113
150143098 420140126 94210 311225
82930095 -481203507 562540 87207
-435583315 133744546 939560 695949
80658043 -312843549 511344 656267
-391837256 68367682 161 977531
350332329 -58244570 337716 565702
-472639483 -467609943 392527 798647
458951005 -318187336 983880 772011
312510046 -245891274 462117 139431
-131470091 410273021 639544 969133
-132207625 499995513 854512 464707
-415448013 319972314 151585 782859
445851514 370429563 570301 997292
85755638 -270871041 730121 528772
-20926269 201066421 616811 924652
-67047905 275309045 689169 904127
280701215 -446549950 844594 280827
-411722179 443278265 528312 952808
138671511 339880495 373741 640070
35799270 30801513 59930 354639
-267449816 338807039 704834 946801
181850480 158812508 478388 182038
-168005818 -189657886 706641 800606
-138988100 -201748438 385819 570862
271103502 25467060 826658 379958
-120569618 -320694980 563998 350089
325708999 -297764159 405250 246224
337051268 -485913309 935867 558247
-363601901 479829446 483958 243148
-79716662 298183282 759408 921349
185482116 293639627 426026 987825
-362365214 -386834585 528248 513961
-430488653 -133476463 898295 54354
294876014 352977309 124866 523037
380628438 222564717 818636 48084
131792954 217661186 450090 580637
487912592 -206381108 381702 968183
483736916 319538071 522085 430901
-221652433 413816709 942832 611906
307342605 481366046 328032 896645
-413259043 137606270 479494 310943
-323532828 290764973 499381 280209
-298922049 192717580 861371 498036
-234399645 235958078 871667 191031
167757073 364156099 494382 556816
-210082728 333872662 478481 35960
-328357522 168522090 374688 654184
231001664 -276567061 580541 26631
-83291678 333089200 35344 503255
-341106167 -233744818 892579 184007
-289028706 -155880862 212726 321098
57563037 59141889 241018 221285
-238315498 178402193 230941 189911
-71777458 436111683 105604 663330
-358223102 -63142864 596183 282234
-262299701 -434508785 720053 785929
64342685 273323665 425864 267741
-242245527 -227228327 463988 194799
73151971 171392923 527721 704721
-457402018 -4501680 266329 690355
-110564142 372198419 89219 230801
67631616 145055131 712364 710717
-472242516 -314531370 366831 202436
98375945 -403104610 487980 623424
-241772493 -105553126 535836 769786
-426666282 -451328332 920389 514105
69720044 -30278734 9736 100139
-263724637 250979700 958872 347055
-38848420 114603593 985093 623677
-233924144 -15708947 635446 646323
-287150003 -300039773 294134 26685
-90891746 149548267 461733 706847
-261324535 182631905 187983 133602
-149486094 -242474958 419865 325401
-448174947 192833979 701335 36302
-165082735 -495540289 133691 503566
26625047 -201650747 811369 311566
249009250 -430073844 382437 254841
336393672 -464200276 45614 927767
378572079 -430625205 43108 947803
-162825853 94982008 809700 937225
-490836381 400412071 308852 88002
187974363 108722890 12698 197165
405990988 -112745336 557895 513028
-19271832 481942556 787249 498808
-144833702 465257421 128190 433026
432316162 -240792037 643464 292319
-228384239 128390508 945512 417157
-251763596 -435134881 592931 406412
-245687064 324931098 392553 181643
-176156174 -30205165 811325 534969
-23523295 -115029314 308292 882484
52523234 -185202080 138096 281501
375793411 -217170685 536067 165216
-354876734 438034562 803266 996497
456868753 253994948 10425 134322
192922985 -476978683 412517 520849
-244127288 -334098608 753537 415310
260106313 -405482999 740272 455227
313358046 267552678 87683 167580
-193994324 144142974 169512 89037
-231027070 339707066 80944 311235
-458161673 -59029591 938337 961775
437460482 -73439059 314220 561564
-482384384 367631893 218269 716698
-452730050 -308558391 131170 93888
430236026 -351787852 804372 135364
-268986508 11135684 927821 500878
-154524587 -122775265 873127 737917
393127951 -457329736 961296 206758
-43619314 -274246383 452527 579001
348287901 203731854 722020 408429
4033597 444117943 832058 673943
457712929 430714063 686202 659027
-284556789 -89564395 663641 508429
337583699 -210480234 171473 940141
247751174 240822701 225677 548189
67245867 119270425 500925 639800
257665825 -487708743 865226 426960
7169060 -48377882 889955 750748
-337213202 -306904979 943094 443836
-455414662 470171432 281851 734571
161845220 -124046024 78378 310080
-291419540 34930144 698061 389089
193902489 486598401 70128 527813
-91699846 324509486 632564 618531
-405073145 -241297541 125864 528776
91888924 -475453759 882700 400340
367282320 -463472861 385144 892351
-225363961 -141779530 156002 835919
228861697 -443548558 188542 120326
-364563611 378134889 318319 657300
112916007 -452150561 976523 525112
479969564 402804709 873661 331998
462487280 -428441719 902086 380182
137455634 404361336 102205 220175
-3159489 -11841690 991973 695019
46297511 -159517907 642385 559110
-425497655 -486092543 574143 310064
-52988645 -241467064 151933 907835
-339858114 33911235 29647 227032
-298544675 -353268578 138722 554864
381707507 -285099888 394755 283353
292806525 65781748 896071 396720
-220281996 -166225067 272507 69340
-116406871 -430487378 948417 798231
-364345089 -52281540 683892 996885
195123172 -132834193 965874 117565
468565867 -349117446 577802 331606
-104959992 -65687286 905027 807229
57870311 120242835 844807 205714
-313342231 -220015419 8427 786995
-6239172 230001566 406364 167136
18068885 427585177 34535 34366
350001165 -492138108 290532 901303
266155157 -398147985 67200 323518
53418519 305141952 150758 324720
80381739 180796260 267850 323670
180585331 -112782816 494674 739655
90904724 308608517 275233 759979
249449169 354597122 554432 104282
-230833851 -39287149 769451 11682
-379567683 136916375 672182 373351
74595888 183818560 692890 516069
-352183844 39501092 849824 516050
448418814 198461040 590057 200031
119946284 -179251141 277207 736476
52230739 -278213384 171164 866555
-63568823 -166473978 62685 942124
-122983666 -457313694 553218 269352
-290908 -49367684 712477 540682
14239112 -134266073 72948 561367
-28599764 395288477 175955 468147
92294356 -477130438 374824 69547
452057675 -166285831 995428 784593
-498026298 361945014 281327 780262
-82880325 221114179 388938 332896
439772914 -442743978 562679 724173
-426462399 57268327 206465 703031
354891004 359472852 775039 760890
44451325 -435881041 27137 861006
419918198 -19363281 363365 46454
481971547 390931721 216756 267316
14387246 319736574 991055 895660
196035641 92426807 243176 930408
131857608 325416185 407669 699585
59210564 380300725 95338 724353
-311561942 94743627 738632 320275
123593578 129804065 486589 928431
-308957680 -151816429 688515 545421
-220793170 41270775 332966 407300
462774777 122076619 439074 643140
-277698960 -79733122 540650 756268
-249662921 207801943 246853 994889
294855170 -410661626 56339 461036
14548780 421408070 281518 219367
68525800 40042795 554604 962916
-203766130 485327117 434688 827745
-132007145 -148958447 598592 564172
-396720220 -342635183 564801 519990
272829240 -75101017 756190 750647
377779591 -297882085 205208 538271
47630566 -71001882 233687 499412
203166049 -489975005 206031 941197
-70392597 -420259055 979198 615594
-424144720 -446084345 32977 809709
-479029881 -193073675 142566 509209
-108931709 237873298 568685 473957
488917161 -141049561 808103 969629
-210863941 355101688 408976 700694
-156518861 -473132982 6746 695884
39955019 -403635690 590606 242202
-475938090 -316430445 187514 270965
-200676391 -451600189 193795 150551
-487038212 150018559 504411 656965
-241128824 -402377180 579398 355507
445680041 -212222479 763546 280227
480963218 -67986302 523054 973607
213670589 346251622 944881 222676
-486621360 -82253216 531862 254853
-65493092 245711031 274349 650633
113389502 407535674 843533 34602
-465088556 131571181 82971 949755
439647175 168953490 449917 812555
-319664248 -132186909 617678 652868
-375346889 382421272 965422 405354
479061690 118145618 120975 886459
441078901 -198867004 489529 657009
349752232 246229774 763256 949029
274798692 284728746 357539 790349
61523755 -334277249 644297 857894
-134309341 494952595 954233 488237
396216823 -340526114 755118 11718
440458553 200803604 674624 784730
-193478027 228025724 441712 257262
197526409 65969241 496121 530042
-211851293 -194482443 380078 436887
26905823 466396276 365198 649241
20160853 179249922 451054 714829
474302029 -136222821 17716 917841
-486144819 -420971914 220671 881232
453005523 177520143 147556 603993
131426143 383770832 377684 317980
200804776 281507675 839769 780864
440748398 -419187338 51839 792483
-401145233 -164840044 338575 683183
41793779 49118972 101110 181334
-419716734 -358873960 304773 851946
248404406 -414022051 824850 969946
233551915 204910417 246267 61773
235198354 -301849538 772491 102740
-484855067 438956273 324724 656720
200031413 130398767 738812 719456
4833183 174299701 706805 422980
-414249507 -31495701 314020 188755
335894520 -172399452 146884 690261
-153200485 487419028 247267 684862
125171587 281419215 184233 552456
-306100845 444999674 897016 986987
-208604667 -189575024 4975 652092
-7737389 118858888 340383 887794
373877858 -22118103 511831 118146
-144876646 126838615 235123 946676
366410662 -20622463 286994 735829
46798542 79548705 412990 48209
453503454 460824038 109689 505857
97544692 369143754 811757 361262
115632406 -77239030 825975 363437
-21827122 462330109 145271 629541
371387252 343001534 56059 822838
424342969 -42625576 17204 135469
-57473337 -52056627 176225 405002
-393870770 180952919 214758 796944
449581868 -492613944 283973 203324
-252460616 466884242 980155 276882
286934755 -214969736 684050 409581
30141756 -430486647 893688 579636
-338713140 -50479484 379498 994553
57384591 319751008 891883 588209
260624584 -351413699 979384 722913
-390777169 -249466479 918220 36276
-78648018 -238970279 953834 489477
327927605 -65509526 389642 139258
-238916934 226631142 393757 363274
-52444848 383289545 128767 819486
-238030749 187493795 52985 35349
175584014 -201922464 686703 133218
315757977 -340515261 143340 647184
-338546030 466815985 197768 865382
336696198 -191443286 544372 55078
-222175907 -145552750 727394 2543
-372138451 160653906 250434 716680
-398108950 -194116355 445281 496531
-204672810 -497094503 828371 39685
264724337 80967688 159941 983720
-398461538 260935712 179211 967394
433901235 32440406 325251 227682
-126971727 317308937 340250 73542
129940365 -475560855 638312 121741
-54626387 -487446782 415863 23348
447990126 56149225 991009 438127
-384992286 389728385 656727 748485
-383339881 -213279766 146750 472136
-180285806 -138085368 356915 324272
-113906597 440572971 177456 22484
36699954 75424864 542854 804100
196201823 -380916141 53834 52613
61892519 -369320737 775756 304106
-335673893 -235543500 943874 186059
77714058 6991524 621828 461157
-413196330 -102151158 523761 696590
20518244 -19106857 102639 644627
429033325 441451962 628751 943280
-446012174 -232516885 107022 377770
-277229300 184847893 705527 332173
-249508511 399654366 405031 842878
-181189709 176177172 601641 892540
-53043054 19576181 925439 214007
-158296782 339272219 615490 638156
-321042345 420045954 661280 224733
-495716756 -409831624 633157 750090
210584755 354707744 169813 637838
332222871 401925730 813205 769656
126713886 69363186 263145 833027
344509562 -170924612 960568 931093
479394238 -484472471 981804 952977
-262764370 347865041 311189 782297
311480751 -244983444 489571 464926
366278359 388062837 343798 24253
246640753 447486847 635906 856903
-112898066 -144661691 476826 29283
361051921 -112296457 874255 505271
-245023648 21382675 34346 193428
288463604 419428716 540933 747152
-247109920 450171981 492742 547697
-392100292 173825912 856517 446798
-401987131 441753480 564495 197715
339349809 -404001382 757788 308846
90918407 -309405774 910125 508536
425449972 -152499991 365941 744545
-481593713 47872660 487562 419625
-55273497 -305622503 276989 265681
206693736 413500575 238451 534309
209434956 -217096298 167088 385017
472303054 -162644243 751451 385493
-273981515 -202080236 994130 909691
-162259509 -317971129 332377 107181
-61601854 26158361 819975 403550
-187636287 -414889395 760081 71323
-499561599 306667861 612544 562197
-292732008 445481828 337540 886603
119020243 39027506 828707 871512
-112853573 80858956 835210 714134
-448541126 356177428 322564 839022
-99816104 -204918436 337736 505982
338064158 -92312677 356460 174245
270041802 86356535 468590 248453
-315994402 -339981739 677718 129463
24121314 119170746 257561 957489
-124672405 395509219 155421 761805
-359941978 -486227676 47005 594509
218881786 220440193 172361 584251
67559130 -495397290 795179 699658
-356605423 339568923 443955 749140
433665704 285951486 441562 208932
25711594 -167080413 931073 960267
265990161 -321007604 546214 937423
-231026924 235606912 868419 956667
-261029610 -275649728 497010 5333
355744299 -50935779 242357 518839
-103832433 400267226 248868 39834
46575781 -294296487 83881 944642
6566161 462875162 506736 375048
447744259 -59746222 800379 850306
249128596 423899300 137745 520977
-82731704 -475976578 988374 675142
449363124 419106835 735414 344625
310982969 126866160 189243 672264
29754094 -179226051 188927 550065
-157573476 -379641709 307899 664685
458474722 -311042188 940349 905888
-151951495 -117131157 581048 490241
209579154 316286913 546549 471002
392196700 -145386713 645500 596642
283252265 45422684 395843 205905
53128405 56968784 404865 163350
131132906 111834141 737930 655397
430237453 366395675 202198 21180
342877839 -407054233 203563 3810
-42325178 193657600 127725 318866
-136856257 278651743 464371 550245
499170619 42142097 158468 51863
361097003 499819966 51284 45409
-79431750 323027798 745515 541619
173905156 -40803623 701027 511376
-273096092 434280003 148752 382661
238315370 -49421805 42810 971655
-286768905 -139223164 379880 520500
-179332074 253997143 834554 674238
-295721105 -61656553 664040 122982
119648572 -228241669 755664 457900
416931511 -228215532 147323 79226
-262433276 442986521 467955 893795
-347044013 460818199 597835 45040
-153854421 -63214824 644801 295769
40968598 -354811791 689212 93023
211015037 -274909015 966516 506697
-405112050 -223567615 848688 436921
83395161 -421855835 776299 581993
-184765702 -183223443 183440 914504
115684337 190540368 29029 284139
438075022 -379868058 234308 760242
-474516857 242985879 316611 259768
6079276 -436647962 377653 740726
146851249 440191572 192394 99829
-209284438 -194936206 911121 806701
433018518 467542662 883038 35199
-105361319 -346328186 813708 35696
-430418788 451394183 362544 593822
410987973 -283378466 40711 396138
-345191056 -252624679 731128 674599
143792257 100100940 363962 226991
-353740445 -86131833 18751 139549
327087790 -266922985 228216 76693
-295122930 308323906 206669 239043
-444880191 56144561 978049 464839
38710711 -416313993 267980 814443
-386338688 463407404 687953 103870
148838888 270600454 316985 997848
-366027413 157451941 387351 392014
-124355404 392761964 379788 454785
248547266 84679007 580996 470928
-441697863 150056392 418541 773380
255156788 135242561 854989 686626
-299502598 -266122868 545401 38803
210699612 -296362637 917634 534943
218760486 91695117 742673 447424
445596596 205793115 382446 751023
181438622 -258987724 437254 854903
374903066 352365308 521302 709724
170928489 -126578956 218183 10246
258836980 474486182 105206 678325
101296500 -191143086 931492 96725
-184040249 -435748419 669446 880544
-341791896 17383647 595250 866678
-273440659 -11610500 282714 886435
-193540328 267904591 852727 40155
-204924275 -464891181 141889 836562
-224233827 13918383 726362 659002
-154481216 100403900 791434 153818
-453900766 494350516 10341 315848
-66908204 -218982792 757577 284099
150367267 -234553859 621060 508783
-5209594 -366426155 271378 141869
-142515280 40703062 658435 697622
248295750 437939049 268987 577301
182957227 -51960592 893332 818782
212426358 344751573 307358 316815
18379269 20327852 445574 902497
225674923 -368841468 139860 442954
39514629 -127670193 7054 688115
-437316758 240934763 472442 651729
-494046080 -423292980 424129 631779
-24077589 -258966712 87343 574214
355580193 -334094465 68503 864120
-5126055 228634085 427540 710055
142164386 253763182 387178 740277
-496008176 409008341 132106 664715
303310865 -422876536 832436 327447
-9831971 -191476941 649463 437475
125935884 134396391 934036 465491
256338753 -89684761 549761 27451
439512580 102439439 235017 619483
-327630366 -351518729 391422 285999
-468430861 -311473578 956169 114847
-396659313 -213008936 493005 518685
258455385 -349199059 463397 949409
-108831509 164360566 988952 880219
-295120929 344314747 18316 771641
318386131 55221382 184793 415701
308018828 358794458 514169 263487
-200472522 -148304429 995547 465250
-134649399 -367368293 498518 851029
376198536 123026566 736955 350656
-333674589 424199691 965571 182569
-39623939 57626464 840423 298714
-404318200 171353521 997135 432881
-355824181 223764476 381154 819140
-115657467 -281767796 117756 156974
-143133332 112175631 196670 88251
216760078 -226485162 108926 74604
172767070 195434918 881399 518342
-429976005 -334555331 51664 687349
-83669955 -135007207 580914 156872
340536844 242726082 897294 176242
-138390174 -396499250 225114 695172
-416544517 96748261 902101 611521
72750957 39990246 753309 23301
449954533 -273721642 421887 219780
101302964 -336397265 599957 265556
438676550 159252677 843233 823181
-30468591 -190181173 680869 729534
115086329 274881569 356716 83884
-356200877 60708029 171993 239891
433714680 -461377117 312111 993910
37334400 129279020 125003 59026
366051743 82064988 767309 282115
-188268773 -32784032 260678 731178
297904168 -280267112 25893 600528
23442183 70748926 231658 155489
-302547827 89764127 902674 26437
167965178 35079755 608845 992112
-202661391 -21469473 595351 185404
-114472517 43669184 696090 82878
-452449996 -498526625 846004 799767
-123177551 -474702990 230746 421536
-335840611 -21907309 615387 668515
-286991244 -140806364 602665 972825
-17920304 -286637868 193857 386916
42232399 -134139760 218539 248521
217136243 -221303884 189533 954968
245077848 -464017308 576048 693024
345633231 105658625 992298 622830
-361645322 419574455 316072 531508
-445130446 -271213785 965126 263821
487598960 -389714128 374653 178086
381407154 151515038 9406 592152
-168040308 -319538354 799893 669483
13392668 -15890078 309434 605681
-191259561 -263186127 891446 404607
239204223 -115513138 535903 660808
-315955791 -49752525 224639 375703
319035034 170703698 63016 163979
20141849 187895971 517217 817673
240802750 -13553225 148518 20304
66925223 357907408 624566 536641
-287227189 196769397 716377 945327
-6670996 28906096 5562 75689
-417638982 -485562870 678585 354403
381401106 -351966058 124226 160066
-263142790 67468212 836248 848851
457878879 -320412 929714 896266
19808963 91737632 379684 87334
-1064456 -99124986 509549 902834
-369227014 -485179092 934492 8679
-187384982 465557784 965407 592111
411069219 480358216 854441 161412
335606395 26564286 493751 430745
178851763 289864863 901261 965165
85882050 -111226610 417668 975375
88466113 399635709 591667 976823
-348684016 275675672 284111 192854
269698583 -390042198 825098 201296
205594811 -32503760 123221 541847
-25212691 51450745 688262 479461
137274716 -257726090 37589 865877
319023178 30852004 843585 870623
287075708 86168338 777552 793519
-469708469 -252206831 288051 903072
-447509288 -422168456 222151 795546
190711645 344502673 457464 272772
469765790 494461092 998336 780072
-244766082 -275948259 6926 928419
180891053 -131653796 400769 768133
156592511 -377726182 135891 570443
-419944744 411115635 575699 940086
408377412 412182420 661066 359495
-491716317 -225243714 380698 490754
-233427325 488701014 906012 42821
-272073555 355482963 694251 123583
-467702518 157091197 789193 948836
302909157 376630878 165755 238677
385028277 424758886 22212 900379
351082530 -292432968 699503 514489
126083547 -68749120 436277 237928
416340890 -54732886 154441 799605
307331656 187272235 643826 824257
50756403 245294450 92212 860532
140337658 129271402 59394 842694
-250404976 432498060 318351 659050
-405596320 284684381 400005 415255
325498507 61861003 12687 22068
109425997 -469512032 964369 206879
175845501 445771361 193847 858330
-448754381 -326836630 809170 316677
119377813 -55488033 124750 797097
496215197 9694091 286448 707390
-12493172 285592817 262507 160293
343408493 363906908 170754 317706
-466094910 -432079640 722552 345474
98284858 -423074631 762586 641485
-334121456 -495276892 263098 365185
-165217294 468340180 881642 291046
41506887 69660810 890924 220981
245040901 -305934375 104776 700240
369363649 -314258922 446984 855014
421658264 -265510642 584754 722688
202446842 483414044 429156 767094
207758285 -192926998 938317 566360
-37871413 -58276736 903342 235470
-23347962 102683695 952864 936169
-5828157 457503028 874869 684947
33759041 -368120668 882780 998271
125543523 -477698290 650879 279725
230465432 122826671 443075 168559
-66973944 -221904659 563581 422250
33343313 440068480 612460 32099
90721791 182573822 907202 562209
245803291 -494659839 188162 596192
399712218 -486554377 364036 11567
309494391 5806725 218070 867431
125649179 410179224 138813 501960
112218615 2014987 679769 808561
-164039564 -168142610 525222 804540
-25631879 263965107 610766 231182
124773371 147067570 200143 758884
487528283 81906716 86015 373396
337811198 430460018 652710 242756
185325737 -442884909 554385 145131
413640364 424868629 6689 979329
-469447616 361188220 630592 589765
105903114 -87823314 778346 80061
-169481294 147607674 954655 95772
178271875 -16890355 731642 414684
445512268 -413969503 510272 565863
468266568 318488335 30675 250364
445723802 198305350 334713 401332
247550295 44011908 451233 219880
435946924 -328050333 555599 113422
348074073 407692293 15468 490999
387193227 207999619 280230 841501
-346424585 491281827 257031 72522
-304466323 -325113057 143559 348604
-246826201 62200624 899792 484226
-287232203 423412149 788128 659552
-11769079 100091034 790597 99905
-188178242 220302422 551287 619911
-335583745 -89459570 900049 76611
98846869 -441797929 535341 213888
269471633 -82202021 219194 465939
321533710 229557822 971628 538293
445717098 -384542395 580423 596759
113862933 -75948607 922558 913030
-35076249 87473789 517067 742854
-183163997 345060666 998029 619914
214692246 -131177563 794213 816893
-282821714 310448122 591165 394272
-348755743 -7015454 507544 582919
-65548892 -94662801 84111 29457
209740750 47315000 746088 430966
269718955 -426475611 426154 339195
-64741568 -220544534 315258 125666
312009408 98826140 105976 876036
-98475499 176484414 840465 761323
176065243 -134626174 617809 881950
-83832720 -35357334 268363 80258
139717188 -61207301 131667 174082
174916645 390480651 266608 913877
268548241 183100167 652100 818284
388965469 226529863 616434 893399
-76140876 -154562135 783816 730673
188181830 -150459375 609200 23311
41745891 55763921 273350 429331
-82795519 -250599109 489318 372727
290694324 382444438 141654 663889
485244034 44662726 224419 819904
-476864612 -429037671 420010 387794
177523496 -361540176 704178 393270
313736633 -136807928 794999 654424
-482234656 15900964 911106 896095
-44126756 -454371879 981875 368511
76465004 54166453 178785 223035
188922054 -440462835 124568 5435
-45615200 454800290 38337 78469
-235817621 379888367 398559 698907
55676831 369836306 215669 23985
464300849 25357140 536710 958154
-404068009 -395692237 218990 10994
353885147 251642121 21514 88498
389131821 137966947 154294 81261
58489399 192611559 196218 898065
-442229581 -266840776 275259 305264
140510860 -199320911 984460 203140
-480401221 -72850136 701252 586969
8209432 246867343 342239 516588
-290215535 103694503 808845 27566
-294867449 378051282 941654 638888
493889477 100777221 646696 138360
495368605 144529406 473593 168098
455082951 251032814 171201 842812
-77863582 157716816 959683 560619
-328621341 133101191 469461 917594
-458417236 327793134 758477 198751
225982209 -472807521 913988 203405
169768659 481879010 142268 513398
-281067077 -287874083 44416 918851
248719077 193517339 588258 610142
-244299138 293889780 241340 750903
-48085101 -372137770 535953 131558
-104059820 92881565 554722 984959
-492552007 -470470791 674535 147716
262605386 -466321682 639276 663355
-266240375 -352040970 431815 288731
-402344449 -212092431 687008 219811
-189792356 196452552 381374 803489
-118114449 409834784 197553 320139
-357722015 451556417 339763 857505
-476166634 -139641082 674038 950489
457118272 280013938 571136 342036
-267372742 -315631735 378494 787707
96030860 -139017818 696262 952137
-337806074 -89644555 922282 622690
172813227 -39716859 33048 220030
-93911722 281009640 585801 492499
163858254 -37917667 217445 950994
230676811 85770069 285837 155774
-399649007 -41467022 349975 241421
-120661946 -412258830 596654 877021
354418020 -41980170 7574 590037
-7296055 -428827410 635726 184089
-399626005 -463629084 214670 505321
-103849814 -113560145 637207 325631
230472191 -286710358 376803 968208
-99349383 -56096653 268965 642713
80342746 -266686796 127732 461853
423309234 39576329 789847 723592
-65872819 -443146387 972448 880935
352940740 -71464790 274243 405872
-174191496 -112069197 523570 334826
89631930 262985377 168582 135613
-268903027 285770568 369368 681682
-379243901 -390675594 256176 16678
348180931 -393216824 80085 848049
208827692 -434701784 290307 873453
175214996 233765606 615611 396037
-373598678 107639666 542964 221339
112586233 471645108 757871 778230
-73607795 -62853368 649448 890247
-463732560 -477321771 429390 619034
-414315635 -199586186 661467 65648
-163331616 -27633535 189453 594989
-15547112 62450003 257952 854461
-62371934 48289668 100355 382172
-63779145 20412477 894632 997752
402576077 -119464290 91114 108946
486296056 338853416 342852 266255
425069309 222846192 447360 553220
-64483753 286240639 827719 156067
-275392172 -444416439 714711 250689
309439325 43737801 878804 262979
-241055406 55145013 248885 505317
-101762797 7606755 281119 353254
-76645092 -430352584 792143 532115
365192776 404024136 289392 570095
499008950 -426355696 649164 66044
336884555 202798174 179113 199690
-14612236 369310854 873304 814120
-470813863 -53900265 121227 385886
-340116775 428611916 947690 310645
102037818 -173529064 685875 825504
141510825 26857626 500734 77574
366570575 -394830162 724332 748765
126890124 181810335 809196 648178
290298578 21387515 31785 141125
157056 267695955 128464 239707
323447090 308842824 666984 191620
63974286 -31389921 302909 162967
-393177384 -197797678 90812 391623
-132007866 375653778 659216 416582
101250936 -395969069 299385 672833
-414539451 176904946 663209 425570
265621717 -367202520 820259 900423
-33545306 260661791 520744 553266
-390168812 -140042425 570432 75643
225031631 -139418293 217893 44026
-197642542 230640994 656441 207265
-413110691 308410296 102346 431424
357802217 459589297 8383 525745
259281761 410043731 114725 999452
383175502 -171481826 228165 982477
348329596 378588921 300728 188745
203653561 -156660127 766319 195283
-40005698 288282972 791946 629138
-399074862 163026112 855088 507022
245761098 112053778 146181 827635
488379255 -285042807 964562 771346
118642454 -407606457 288065 504439
-34377141 180223842 225257 11781
256350893 -380548633 567535 48507
-340304530 114646248 676561 448428
292569709 -73959163 570601 420196
-61697958 88924294 727413 308354
-145173112 -358606906 911849 863509
203739035 413786166 989901 816623
-306280460 -35468933 857777 332178
218725044 441126579 542990 896776
435069551 -235260971 711739 442639
-78088593 303302966 986376 69808
-222628446 -483424984 238011 396336
188638753 5524925 455140 155808
-285568163 55491753 699295 393423
-275404568 488018246 153702 398880
406881456 399254415 150902 940527
281114128 465751657 318859 888521
-329282825 -274586640 785184 282406
-454106144 -232828632 861839 699438
-89432872 224182107 837372 104267
-154746823 132727473 778218 273416
-476990063 -81085335 862186 213860
367689890 458789042 395437 625465
295591043 -365308376 770235 112964
-289953554 -336218309 892753 187952
-85703836 -187576445 758538 339078
420393355 34974020 109432 291105
421318410 364296712 144031 457906
-48189533 -230393607 104228 400605
-62962009 157736706 978162 710854
-116796645 251023416 551705 659791
321010084 -365600792 814163 76079
-403083361 330523449 713763 329515
431477581 435350654 95319 812596
37420843 -118070501 513900 856350
-217118112 -208685552 666064 869368
-120222640 -476441305 25474 388044
-383882418 -54278986 893846 802804
-482475922 50736658 757076 256407
350097015 291525776 751680 113215
-247128584 -386712775 694837 817432
-430264718 228890377 782315 949960
-27242318 -107957788 436375 493669
-463330750 285692438 78193 391575
-157395979 -429881723 654865 413964
-390914655 408758134 157043 53265
422558442 64185336 590042 288276
34052408 -206718480 439824 544435
-56799542 -354836286 93578 324224
-303731558 158063081 377748 681317
-97839532 -232917026 538316 566452
-115757042 312184487 19045 66967
-375246777 286786612 562992 38053
336142260 183128301 712882 192275
-136968289 -497132852 38362 998059
149236476 347580581 986143 730396
103844362 365998470 769078 266538
-1480542 164256825 413421 103814
-137438944 -199275802 426407 572408
-235541 322581717 780404 862264
424250274 -389977006 297932 602589
301231588 -7652183 675305 71021
-98784068 -101807535 890046 571987
480814248 265396517 604695 495278
-212168380 -413099827 293710 467909
62976664 -359019717 65383 345753
-380374789 82807633 321033 697619
326203810 336272289 733786 875997
-358002744 -480263860 417909 384717
-68239748 -297738997 626698 861179
352547586 -313637300 746835 196275
128074215 32837748 546095 450694
331467429 243741763 782621 251963
-84867602 -155671210 58262 91747
-439411560 -119588923 339334 553034
-491811860 4360936 359241 771376
-19194297 -222492674 994489 424623
149355895 -366130646 498882 692966
-99794335 425309485 971473 330927
-360945546 96020857 388456 305760
384779277 179770869 434127 94810
173052651 -413564083 916584 426159
-156803867 -326328590 985440 132205
331178141 232134581 403458 520459
322357864 101257723 586341 387695
-223800496 -314700386 880006 103642
268182581 -409478865 65073 105679
33597462 -133101912 634638 422701
333260676 -247617396 176354 385890
-360392533 244100590 251286 554915
382435801 183906453 853 804042
-436268847 -219893355 90547 271547
-30325639 -322266359 955219 907371
93529474 277266708 638947 129889
122654972 171176088 406579 126185
498446742 -80209440 348733 129435
-479005593 168475121 688782 49914
204755946 -295106823 523918 116284
-470546791 -198324764 401646 509033
90131236 -39623922 949164 697116
-197902770 372871699 929286 364390
-56913819 -189634879 656313 621010
-48700324 376639791 146548 938756
470016646 -398271769 942110 934651
-416875279 65042750 741057 617909
449971037 489342661 52113 386354
37037784 -260383272 573085 811984
332736247 -372538797 325649 809429
-440435533 140589157 521893 108556
456775901 -357570436 872038 133510
-174363585 92663904 571103 424193
238693713 333704028 483812 646183
276905877 379560342 455162 397997
482571919 -303413120 376422 801820
306548324 5369959 362961 558253
-145913329 -349086423 966548 546124
-388524230 339989508 744294 98495
474518975 -154901026 158368 503931
66637999 128890727 855878 256843
300493889 -180376895 344806 576702
-339624786 119840004 885846 398000
-476243073 84954398 5396 706007
94786107 -156950495 883839 199956
373133801 258806436 73977 460852
51768443 273093859 787423 601707
-160851753 213493508 402082 806368
33429379 464682869 247047 44130
-294598164 -481077904 385335 755064
-64002478 446138784 335043 75989
-228999084 -54044962 874233 868586
301853203 -484991212 847196 163542
261784582 117060162 817026 528121
331579226 -156379745 792719 536166
54348547 243621591 13193 318198
406033764 98368883 190361 697145
456209559 329943639 221341 230088
-82837159 -262720156 79020 886454
-377126082 376648614 986981 34188
139394343 182447671 512820 411038
97819402 284809577 921366 989687
-46985324 355759908 761022 66136
-459286915 -157908861 249398 637377
369132773 -37464684 575055 299640
120393689 -329459541 241139 420921
-334381836 16934243 806614 58106
-198392013 303822090 2073 312897
409808296 -101174926 347172 558304
86068804 229438415 146629 38569
-377166349 -158563017 287496 87642
-2801626 475115875 426763 822894
239098855 -120549184 335323 989240
-465693060 -126596511 862837 443840
-397815502 -296778897 907890 835234
-174921172 -457422014 572355 806422
90866444 -27602522 333479 121707
269915574 140087741 292625 677206
85686342 328300752 392454 293060
-404837451 77242033 136477 312646
-243870427 396170303 85205 192874
-251634230 -375437816 126546 642085
-229058295 -470123659 41004 994366
66302352 -22479465 870305 681100
139288995 80680425 370563 453562
-176342514 228431965 335050 721414
-30174092 387992280 168121 475413
359133263 381696238 956252 96173
-19616938 -422711172 736422 445653
395875696 313662234 666102 435796
84708947 192411820 798526 880657
-414262594 -194543848 232214 323545
315819343 -138354926 483420 697344
-279925503 -393745390 802309 153310
401648454 37143400 374917 283707
-9731651 427007078 414551 42309
282473360 -299713048 396989 635566
-479834657 -2912345 672051 755488
128249698 421293669 879689 248257
405865117 -202130164 125950 447208
-316500363 -452473038 847423 632122
293444266 -399954884 953362 187125
56551758 161401030 822267 795184
-96649975 -2336724 882457 501929
250276870 -36879323 64223 900601
91961726 133324937 237934 375528
-421388833 141802803 190092 683869
242860952 -248691711 324420 100782
365062788 -92115208 604826 811414
348598256 87195269 444392 551556
-396892853 -232938530 84633 209040
475515753 -430286969 772225 642312
-373683596 -451494927 153624 884969
-399080849 70605372 625362 166762
-174912408 -228615973 747057 320891
181760475 117071667 841385 960125
22407028 -365645980 92139 937291
-187921444 -185853091 293145 624623
116750693 -176425939 892746 586859
-160589730 95236766 623205 260550
306705387 -96081101 821039 486002
-496592417 -465781710 443978 379980
-99464575 -5675273 842624 121892
-136698341 489584018 192458 686774
-258319364 146210795 569063 937672
-105545418 53454762 218816 390862
316559649 424673151 581481 87045
-335652177 -499519732 672582 247471
159312094 -362734225 422667 460267
90625606 -61834641 189851 549936
398308818 -335443390 788882 716710
63808139 -300370952 458974 133281
116912272 -298272120 415752 53370
128234274 140393078 881873 411660
319435228 -311281123 516343 287112
57673472 -258297698 629847 486390
202619628 -361355931 986860 874185
-8140117 -237714347 948853 68189
-113918041 -139827568 666293 165775
-241400196 143923172 411412 824505
50682089 -399871275 48995 803400
-443225376 115127107 255613 165884
111049405 -88501320 297864 725564
-339698541 390172496 701851 487764
-381509983 -190516155 281786 408652
243362019 -177180394 592380 427366
-180719163 -377865644 645326 196147
-216413710 240978185 513488 400914
55113035 -293036091 107037 941254
-151328698 -430574937 521459 61641
-84015677 -175540672 703989 292397
-266997803 -102828554 39581 301634
219245059 -152952617 827337 175348
353994728 -233241261 503775 524784
162237955 145943871 328614 740402
381288731 -123381771 425793 981564
33012813 253391512 723784 317922
-198494284 167513717 536004 49922
99791283 -22293627 298887 800786
-153337119 -460464881 678374 714834
405051538 -178163606 374613 809248
-479177316 122406889 188242 375855
-97264645 -144133252 154383 822634
426881432 -414553797 475362 444795
202498273 21717036 898688 155787
406535491 -199412755 447037 408186
-315064955 38992132 224682 827336
-383683646 -298020268 840040 493846
64716033 156021162 465102 668615
382340210 175302007 270194 409793
66993736 -337962599 413784 729872
31071789 288370001 353781 72745
226075494 484348505 188062 517131
189070981 -282103537 320978 175233
72432586 454796127 608900 727686
-113193138 470315509 191230 372197
186251866 -398123321 359466 457846
121820254 222166296 479127 870496
427436361 279250920 17483 287893
-430324997 -487928957 597869 955117
285409921 -44713447 422942 374380
336310631 422272255 519322 274664
209743417 233648552 86662 928068
-361963854 207780241 96050 498723
-431146835 242037240 320802 368571
174802519 -358965226 903764 168184
435798656 404396065 348174 1194
449315186 50226309 712682 853152
-60816933 437983648 596103 803954
-413718694 182562655 790763 850329
-466863917 -280812424 108433 244628
-444733028 -202704624 451255 65873
-429641404 -200909557 325093 670720
-478241926 -391288585 387605 476327
-49217221 -274284493 570391 838536
-424944301 488928812 47989 867042
458188643 445371124 829778 137910
-73550682 -162674887 669190 806961
-362340861 476227721 551514 675496
-276255865 62247401 519185 354892
316936638 -78215900 215153 867074
-400572836 -128723733 579835 565904
449595981 -172334826 931589 703600
-115485606 -475612408 684086 701127
-58506124 86947377 596574 794607
365680033 -127841106 92719 311088
58819200 -482578789 402766 650747
491002920 20710092 200700 40200
-151104455 -314685061 676718 375707
-186935833 494503790 986956 164652
461384852 489117585 498562 547488
408337084 -166872657 344244 487446
-215058058 230833357 453647 532240
204488730 -19761885 497147 968188
27587069 -407873608 387693 764318
381249112 348318617 51352 375773
-381883833 335458485 259843 7079
-340400403 173070936 295734 390209
-305238604 446405442 345806 643374
-444081486 137447866 835880 610679
147685145 80852644 660964 221176
-269935340 -64313113 832965 693635
200844550 300091045 325534 588747
430638127 210526387 957747 839109
54076530 245524897 106380 476177
446486017 403017819 912300 932759
-462488902 -217025265 511271 687550
391457304 -321482329 49005 183636
267584533 222599019 164288 870338
-28807494 -418387772 859792 991200
92459076 -27125988 525556 37221
242747892 -288678688 408135 493303
-170868825 -168760868 64929 356002
-82960276 479942688 132451 713594
-316119049 -400372916 960418 245155
222711643 220947011 977408 719126
-78517608 101450766 843910 161830
-157951648 303375473 624190 912817
-124345865 369259561 304158 373474
-299577293 478080709 207070 976288
-202480989 123531806 887339 357910
-437211188 267530101 185780 938848
-418904177 -486505433 66017 94991
275241638 -493950449 917603 91865
295471693 39947045 487968 924158
-149488963 -206139997 292957 232724
-414392448 432217170 694633 633617
-280076925 -214940633 68603 385959
245354609 -36703791 890720 280894
423502605 -169482978 326650 503566
-194390643 110093805 860645 541697
3261230 310954962 276901 974107
-178444418 -237617017 882389 580541
192158293 373088074 336969 182270
423528410 209198228 572187 872833
-260136946 -136273465 743802 379529
-39286706 -127725578 899565 697628
-221934510 -105913732 616407 471252
29063445 151896605 762232 808479
-397497617 274892615 830028 125513
-221935389 -51529707 8517 395040
-498801186 400556545 423639 336438
167993739 456605880 888927 159493
-481374507 337489926 211504 73581
157254896 -496001285 885016 254858
-478788127 432352603 393086 517945
147801596 -186214213 145796 862629
-218279899 31899327 902630 302954
336486376 -266758185 697678 717124
394159973 -254537017 819839 941467
146827125 400942885 428190 811579
273681966 481082007 253890 841858
-87744622 339423558 743090 787282
-176231026 -457650721 358243 340372
387114304 474026692 982278 614046
420933189 -394800223 241815 145118
-220391265 -479370579 251667 369567
229585585 382463359 925894 590843
-253814902 333597377 152862 582771
-190814665 -397618902 282482 683314
-19150178 -89791761 739628 854572
-299418912 -77419949 323187 49210
477840163 -389506839 640104 631362
212972587 59324190 293398 197022
-42225774 101022960 399735 2138
425512356 283210848 558812 184346
63477046 -14139253 364703 95216
-477029518 -169104833 561559 712741
-106137672 -488526067 203732 613196
-227580014 249944470 757250 290039
-95752811 -193298938 461319 971060
-87576434 -227359773 824098 390820
434136575 -219002106 635356 895555
-173971995 -19214143 297785 385556
-174778404 -354170912 235880 781357
237240517 -470826274 855065 696188
498620134 -76531308 905648 126321
-200681713 -391987905 265830 255289
499835666 -148079197 762632 643449
219774062 -23716653 821811 571302
-275857373 69075871 202879 972739
332230053 -76283720 104696 136172
-451925562 272017863 396620 312679
452223711 417827631 461631 568592
1515073 -10058764 653639 764314
189319286 -411105834 364709 97159
-476804512 -446610629 152354 178839
83985919 288729899 275307 841946
-468283936 -290553995 863174 296743
77093667 337448686 83248 491749
-221378009 -411348460 809094 786325
112104034 255303274 271060 319365
389699397 -397627477 680163 671183
-449410932 -219606547 164135 79922
-195117217 344648029 257563 753330
-151175134 224631276 910995 535050
185931912 232230727 272157 155984
371306763 43872054 765380 249757
105565479 -234559183 308182 846612
-317088586 225940498 543175 954228
-160547204 987178 945769 306870
-157769974 462412696 124807 127946
362783512 -270695383 998242 998177
373782058 382584864 58764 943121
281141244 -412200477 322796 211877
-402383578 -49946008 274871 671375
13962860 -46735445 349902 718077
326713504 -49086117 354100 874116
343112500 307807637 557162 963065
-406384288 -350029881 222377 764383
-457165844 93171127 596220 788986
-219664997 -154388324 484407 90690
-472099276 56194666 784151 312755
55171630 -475281621 23736 587393
-24450313 115472521 14957 195561
185944033 217173864 420544 471395
-41504855 219509168 919622 675956
-256324442 -78935000 15197 689439
-266849397 309814910 453124 831547
347875544 388244835 877464 518048
160948963 -327738157 922471 508155
358699647 -460593038 652403 938945
9608774 451379730 359301 926656
-214744951 328884305 134186 244049
-54665776 465665375 25359 940394
-303764464 192633310 767924 708560
324977256 485153250 667536 385001
-241921129 166202391 888706 837872
242042111 43491181 848513 65423
-21498272 347114939 532052 531728
204425386 220548136 203398 941965
-296412998 -283323065 644371 324766
210832776 71480344 215073 227923
-218163187 -349187773 80565 623481
-329896120 -371492878 256584 291341
461618270 -173351864 8308 656379
84775132 -34264632 365521 465754
-374281305 276529276 900869 202744
469951214 92646910 12639 472137
76000429 454872107 584196 365965
281572857 421555290 592481 161689
-388291104 -363540462 557808 512788
-222058277 477420649 649628 61633
-388480184 294632517 447093 710358
-184424648 321644736 70538 815040
196681049 -203026790 790313 106991
20000925 -14357394 923744 883256
142562002 -410742908 215645 977839
-452190619 -488201109 841922 42921
341726347 201718568 189028 33907
229259327 484228141 563040 937633
494822235 482085037 900218 682620
468574134 344037408 393221 365115
366651883 281066904 769473 577823
371821662 -242344397 42862 333692
-237337139 -108995927 239601 539736
83864974 15770117 384610 216556
-473567382 -397168783 909488 697159
-462003946 -63075031 30706 706002
-395970742 317179530 293102 932674
-221611676 -403210441 776890 450060
-237090303 -243632776 563120 516499
140988138 -360513448 277487 716584
496122183 19575131 420819 124553
-465561949 -151013564 516672 226290
158692795 -50440320 122750 105436
255774827 297969341 932310 966346
75347676 -197444546 929486 444967
-448453317 198574941 107950 562319
-391763019 313254856 828078 525006
-426875160 -30406600 553187 383867
-475962018 -157229046 851550 191050
-321341390 84079114 509643 575099
-282897759 408940599 197016 188425
331879824 478520277 275109 726343
81035330 492852898 850120 826406
-93025101 87791392 946041 783763
164698515 -277791215 974305 734461
-332949022 -150736135 750324 735525
349341693 360890209 566317 909507
370440289 402514433 18402 740286
-324079409 354307476 94998 457424
355290684 106469847 134646 628129
-432843740 308068044 287579 38626
322270686 -151457622 227756 790154
-421506294 203870820 316641 670635
-245982938 -14120236 145762 816496
-494907328 62357636 515661 240757
-70378810 -495880682 685891 130810
-89952931 -8197303 735911 983617
348544743 217197099 90349 638554
-166853015 -273115521 313086 873643
-188841578 -193741595 163411 969143
128410030 -98748260 322197 730092
412272039 329156968 439251 62936
-61167367 -270981745 90591 248892
194748413 -46336763 826361 177062
-460300153 -110629336 659815 323147
-331744692 -286252229 604805 711252
353481784 489537562 286666 903282
-306509406 -30270909 951066 145458
-8408299 -751244 954644 652136
72153900 -306199582 309832 597943
-274611306 165871635 463558 329278
-188852678 431264345 195025 366882
-179356044 -154869269 114483 30452
481772156 154211177 504575 186665
254062668 -307275009 813553 810633
332509359 -189242697 423267 684208
-430392034 298110691 137607 691282
-214960462 165760147 360365 467337
394930792 -331813327 111026 714579
444175494 265980036 970804 312002
-181091417 -168176417 510706 486542
-496731938 194930931 552743 575441
287451078 -4489863 81516 652310
437385397 -91015923 335015 155552
225409018 -406924933 16600 706752
-349725486 162644166 678062 132008
-327245866 295254086 270086 160350
-347560956 -482743831 31041 146316
-369021030 193282687 59763 734183
207175870 398867967 123624 505628
-341860918 7194742 37087 619028
-73693792 -354272437 839991 57616
346318756 390914576 822683 196408
294209146 -431161849 654433 906462
260054405 -15321575 591059 375802
-459564294 315969504 116444 893712
232773536 335047135 53452 30638
406781478 -417263919 208648 378705
-132186080 310435358 22481 575527
-331938656 -169736854 103855 697712
-398438584 242129144 525054 765156
-85458675 296732611 478811 108775
-341776450 -185551160 796421 830892
-178504667 -375742301 190440 194582
227657281 -385572061 75060 640651
498903770 -66981698 599299 452307
-469535360 -87975446 604666 861763
223835222 -62683392 697864 533358
314483426 -109196740 202427 37051
-226407053 -463444511 848894 866450
-180329169 -244051335 997875 288112
-13566280 -323674822 45545 114587
201684347 -400352123 721914 746095
185792917 -123432825 517636 351190
144128097 -13569022 699202 607894
429800866 -421897434 57158 71364
392396106 161811097 631317 800918
-85242907 301842582 153631 594774
71499685 146664497 9497 256435
40266250 139931321 507001 777906
232745006 -393453770 448013 896449
-304808022 395905041 889209 20780
376064040 376704723 625227 59177
376994695 38942214 152892 576269
270249124 48862007 184198 646689
64021708 -266992867 991004 403600
224356794 27542996 527435 331255
-247128498 -299909822 784683 649055
6798285 344483738 644801 711111
52793807 -41589068 353497 127114
74619200 -214193986 856504 220547
-420525058 -120071538 609447 882940
-365964127 -211755807 19036 724251
-487422005 292146753 895269 118982
-445724836 -24626880 407866 464891
219906899 -167988826 915982 508888
-106120151 193025730 739896 230006
278672587 -19196703 393081 271535
-448044493 -41351715 382121 945856
289100450 -120895486 455370 483645
-338212134 186976968 680819 77632
176171313 407275668 473321 57378
-335739372 270655101 517383 146247
-448483573 -193422430 790736 887132
-47743431 166212502 695699 826570
437997160 -179091840 300347 810824
-65191731 -243705758 435642 568396
43313900 -485425879 525072 165703
-354245625 -390522931 516707 398850
186779938 427243567 487607 154385
-485920632 -153843433 376724 368577
-415760154 -404835734 560943 439969
360578696 256779036 693142 938639
415633107 -434191295 352347 93518
422605082 -220054130 968027 447058
491429950 -401972470 632255 290378
-163775975 -9991331 863640 619353
435281001 -9791260 890278 504348
5263618 -412208486 411970 631146
-250431705 -268079350 190575 334079
235147591 -474275619 560227 923539
120318607 -183702012 628582 40855
-305610855 -349451394 457620 835854
244476870 -309681540 56774 431961
21922781 -459685654 151155 661171
422747375 330785410 747686 881243
460284068 -107883837 477295 358311
-55056378 -22090260 157900 957030
-56086774 -289143622 484428 281717
-71766339 -339711921 6596 420913
202032652 -220727762 73645 793606
150014256 -156795293 179929 197414
-265154124 -229387840 216720 473814
135246628 4334657 909707 699362
-84904876 416756625 939788 42353
347811658 58750886 81560 890931
292695497 -336681593 972050 430967
483735163 180277805 935926 775000
291848890 265979783 303982 479511
-142152965 325258136 530004 619077
83874236 -338865468 880663 704120
-314646520 428597661 490268 237213
427411662 294786261 461130 895626
-276624320 -88845961 972980 758926
-435126228 176301690 598872 586673
-499712514 -168204397 297851 17155
474876966 -369604040 340379 904001
58354060 -74928777 476923 547076
-471455387 -80596424 349406 740538
-488097997 -380137718 264114 130016
379761185 160067444 889208 701599
-466929154 259648618 542540 877966
138252761 324416988 929363 185115
459985461 -130913728 34691 640426
229980207 -7302019 465560 904005
-495246664 243931590 714818 473225
366958650 -435477089 629813 706631
-68486616 -442164671 539640 359497
-43632476 -477280063 388126 103992
232588943 59890881 730569 46677
-48352913 -300943445 631449 586818
451918700 -336855669 162303 518251
308373365 101873031 672175 519887
-268964992 -463273997 797039 907823
86160437 -113656484 784465 934541
-289777718 -86952144 85367 37716
-460441777 266662276 196247 195912
-180882591 -383955541 480651 303415
289957993 43532209 902245 875617
-302450390 19150849 808651 458929
-66202374 -328281496 849215 100697
-18740269 -137391679 441593 132107
-238191037 -49925649 296273 496145
108662883 -150889928 884233 180166
88172135 318571781 56001 925674
441036937 -99666930 174507 397279
311434692 128734924 389117 925496
326103358 -216440670 261159 276715
-151497135 -66088681 798514 568933
151854391 167210046 156018 62008
-292203438 -486291145 858791 287728
100776470 282013902 712118 217987
87802772 -139810240 434879 415910
-233027165 -74120674 154075 969020
492538029 181104459 468915 189545
200470291 -120944609 255744 403141
-466633154 294192558 849178 987949
-378899900 -23442370 828211 420275
416069957 -156373342 712117 211965
-306519012 428803757 975243 833791
-275297107 -425094826 69210 738415
117675744 -106618726 90501 364002
-107363240 -438747773 81015 297576
259225804 -202562484 520228 412137
190186662 -287666771 345947 932811
-277005114 421845307 975640 652416
-293283945 -86562844 633546 569671
-224665083 -169879967 939099 236782
9838620 83417800 31454 335096
226240318 -320784578 922260 631385
-200243711 143567306 713819 153950
-448802909 -95916557 634793 510699
-239466132 359259118 445402 607006
-420232169 189782836 110794 798937
-18702973 -48954063 315249 941201
-395116084 -457757530 27685 460025
-443971484 -436358905 245212 663853
-335550727 -287578449 467969 135043
-45941453 -121197596 312664 680883
-338429533 -5186221 340988 880942
-412251403 453744755 779734 364937
182701374 349922822 288124 445654
421528040 -446519618 143652 790991
-326980041 445681660 382339 179500
434110583 -202433869 346438 803348
-143738428 49423467 719852 561391
-201634186 -453013315 959322 179624
-50495283 212664619 219252 404131
96236165 -316613420 368362 273564
115063954 -286639453 998741 277201
-186890069 -76778990 123658 746791
-321258294 130097569 48592 519287
-157182037 358293873 579989 104341
-341940166 -316633432 656830 954291
-119475143 401205967 45316 959145
-149705832 470293054 8064 196521
76287723 149876786 691874 387477
-37335593 -145238098 352553 650636
335661005 175954447 629037 78995
429032692 230433613 585433 118049
-101177051 -365707402 518471 704081
230008812 -108301085 6266 201468
478355195 613153 904958 85612
-312040938 112496651 612145 221148
-252159888 -76020701 320754 481834
235393358 164462600 865196 119185
119382786 256647632 478613 676545
323571352 -174561558 604340 80474
137802172 -200006521 26719 127375
-348194768 302631033 882756 44434
-295805675 274872729 584033 620095
-380178466 -303221528 696942 712496
163943238 -178465265 516022 219009
-167579996 -308962643 674510 720474
109926455 147895663 588295 896166
-160542895 -307006655 564844 649350
-235162670 -165746110 14539 43925
111985467 436315607 161699 612615
480030065 -447853605 648939 709930
-489297647 283589876 358781 196559
148844394 410289153 790365 549442
-20639717 -486529361 612970 944692
-84972705 167127609 860863 776627
-278537337 -306916883 896603 342085
137147186 -374619785 314807 467419
5852054 270328220 569128 588037
-302916272 448763723 7123 207721
277637005 412494627 387159 875447
-100835699 115200073 794883 132067
194638775 -206825577 77708 551247
334715183 222148356 670948 648269
-76727594 293818361 572792 663820
-425256972 328840367 37998 693495
-484211081 -70548314 143958 124465
-19205981 221746594 982980 212601
-157848555 59259459 628681 787916
-431798934 80947026 375448 284835
178216062 466015381 292734 908951
-107145845 126264700 735487 938487
-252212346 410138762 634132 713752
480474799 -355229294 746714 611447
484945167 499893007 878505 600677
365850913 339023137 473349 802446
236162701 -89559515 53485 705191
-309808369 -260698897 668817 205812
431685494 -459787609 521697 663091
-262356279 -372035737 690885 3211
286202775 -45791611 637377 75141
-98010681 -64553674 460849 725599
6638135 234742087 148040 171835
144773195 198954931 457465 383693
396573301 -460261685 795798 639693
-81779739 -60242178 509594 542872
491227484 -76449717 754370 532580
94044446 469410368 58325 457822
-21409107 475647492 762210 890484
51901162 7776429 371542 16097
-321192510 -98863110 836132 971091
219201531 488804775 255314 371051
312809347 -109987168 206911 653083
-79548103 -1078775 463228 905142
-474087596 -390661033 289348 841311
143219316 -179260261 176857 871331
-371953341 -312926753 75517 738851
-385610040 -437858135 546251 48938
-237425336 375195804 703216 489885
301357529 -408926146 858632 362832
312926852 -305959211 811353 119349
-409420522 -16733590 545190 595823
-381712913 -108289872 361861 689913
-353780356 306728784 76145 796925
152957109 134960426 810392 769795
-57683128 11433359 609237 961934
-478294637 -150341966 564142 479169
89996130 17353796 458728 239746
440892118 -456986194 741559 187659
144094561 -136728598 721165 834701
-177425171 438624511 864147 180928
423349020 245877527 676085 694156
459650366 203011479 413645 247472
-401284167 226548518 86727 962563
374400001 253661834 364582 442808
-363280293 108006958 497737 125910
-475238236 -339703928 275026 603231
-202866285 226162721 727862 585476
490717374 354702402 313651 645156
-167293939 -481997788 781340 508931
474243292 460959843 878182 726285
51918831 114403510 893628 936993
394774687 -148036540 363841 583504
-92369248 -133860030 613638 816352
177317334 -454998024 303020 586321
330497467 466724841 738601 729510
-32501010 243348986 327619 478442
-72843708 200393955 904101 117005
316203790 -209818144 521432 277009
46269813 -12116937 240323 144935
167409424 353692521 551504 865380
337343637 -412503051 613744 336485
-436009813 -453654333 515828 445692
324323805 -474817228 321500 914517
203367851 73091523 70829 802474
236099259 431437144 409915 640030
481374253 -47385303 574343 996666
-472193525 307231565 755905 275395
165017823 128436191 101038 772404
-474446241 -4238645 62756 992669
-302928060 327989304 919283 595608
5786169 -226094190 891550 957027
-266716178 20724019 508231 336671
299050571 -50846547 246568 5156
-447825214 -63460420 269439 3198
-273838159 128391295 2889 606264
387484629 -36080181 749989 29352
-115135492 19535778 349845 773911
467984394 79646794 537594 276371
474891256 -416519022 662566 961276
250665596 -236389326 264351 227707
-444169129 358811216 462451 169363
438691386 134341663 541811 333519
-298927274 274557196 291355 3648
379603657 418986606 524349 593935
-387090081 382713325 190049 832629
-191745876 193631065 48990 538033
-295469291 -44328493 89942 124222
-390978613 -459772471 152601 93791
444025440 213734761 324499 250474
-179162237 351651888 265743 222499
-199825011 408803089 517532 178231
-115879878 -324003010 839757 214866
172503412 116294549 388185 13917
226926411 -297008606 336663 575747
-212374675 -377431660 388239 749188
443494520 -399108060 746875 582387
231144952 -445582343 187896 834271
-106021082 -32122274 298325 246848
300152980 -315973825 475279 370808
-427422659 353261321 994488 304728
379295110 471909684 302816 657607
-411869203 430547837 522450 463142
32343780 311051224 201113 929053
454748682 -444397927 708472 17906
44902629 -44262569 909456 164565
-264917966 231570622 675424 788794
-199775698 474134874 660172 92986
-301604506 -86899450 864896 619590
369838762 66117355 492910 490760
-125779424 -495337417 971763 628568
252325236 -431073956 612632 860631
419551533 394906114 129075 166764
-449525365 488039149 632473 772654
-466225600 45033182 64761 597280
-173850851 216530710 264856 406225
-261362635 -43070282 825327 23986
-382668349 364122682 453178 158362
202612687 16392409 980600 420535
-466466694 200566789 651518 302688
96658662 274803981 537209 283526
-206309180 213400290 831486 251272
-246462853 -354188297 507855 265893
-271002047 18458604 73611 125883
-171934882 -252071212 636815 107740
56578258 254948247 104374 381499
-250526100 24959065 401712 595428
-179405625 -353591578 883940 629498
86127084 -125689428 122982 296440
29263893 77160025 652102 608099
36159629 -176038894 947522 509774
-239662413 -14128308 616155 767433
267198748 -486155445 296517 422759
10981080 296684650 68238 200403
-246912414 -372178610 818305 145252
-328687617 214113651 604572 631554
326759960 217886056 882495 728939
192671209 271359939 787414 331259
98545315 -100714547 13196 581763
377023507 -482831979 773033 218008
337055385 -405664207 713064 177762
-58803243 -79017950 556022 564116
-230302227 -395261995 75018 778166
478878076 112801862 441180 583069
-125524966 -2347584 549059 744061
387267972 237082303 720238 936853
378198262 49534141 984072 202257
238926955 -381394370 375244 347497
-30120256 -21204607 195323 700462
184928398 -347563753 986567 715958
388038378 99606828 994699 292950
-267070083 -429069582 682625 585208
-198993091 74427118 484883 698257
368658831 -216398858 851054 891634
-24224956 -320263582 644006 737608
-390622102 11202647 579718 553769
-231678412 -473163893 247489 64730
162910434 -114628448 668546 694893
272280672 -383951337 451298 398677
121669388 -434749198 967923 564744
-218719595 -437923093 10553 202511
-232281345 304202314 404473 497389
-282722365 -243749017 862121 585898
-320411374 176507836 293702 177851
-359153862 302588582 128389 275407
-400152542 -313596488 20129 647416
-23710993 155574460 769043 74804
250471881 -181780153 929440 873048
499788728 -180380168 325196 781016
336264872 -198068915 553516 529589
-50471541 77809185 581657 287363
376642205 350998982 856704 117846
243672515 -391569477 349911 463177
-322661619 26736394 103978 980266
158906177 150689874 922949 263836
-38404854 337762695 328587 816625
-401346967 -53811314 74847 606319
-92363118 181280907 510334 332611
-262676635 420542330 709256 655600
-159842681 -59007433 239 126900
-447476038 -124675270 232905 835049
-323820191 278136390 710138 817127
373652923 408337893 641808 889073
162025622 -85541344 384468 509446
-42239079 -4143050 200880 146973
332695419 -66948213 592071 484049
-306148756 168856085 732594 219835
255393262 217480996 167862 379290
154389366 15408808 301389 321683
-483378888 445624465 535628 791693
126210346 -292896100 492464 927727
-319268662 -213973580 869946 832677
-499370442 14718882 802723 984458
287016665 150582560 829862 644854
-138782078 296559089 654125 734872
121597984 -313099495 928957 864477
86021614 -54282254 26669 282644
377277975 493570281 59508 9456
4828048 -332350713 718718 516898
99665824 -384326923 712860 109822
12601504 125685351 859235 338866
100740590 -446816219 961267 578404
-364963078 -228761929 231765 839400
-146699395 56575405 903486 886107
-110750006 216661896 143152 410014
99537469 444621385 907392 699186
445554896 425144467 937010 252717
328379852 242225023 19008 192599
-58024804 -15602947 765050 944804
-326916164 216823521 180807 173581
175191249 37788305 488585 547341
98568659 26468682 987743 39989
-284191899 -313142518 584004 127148
-288521146 313005598 404692 604871
336790495 183974728 755695 182849
331594748 17926796 587062 192727
210186136 6784151 488883 771779
-223334704 96014541 444501 351890
442700282 -42083346 440152 105572
-315672625 -131449500 134467 22784
-321927997 -113613013 313611 907921
-461933194 220368477 679189 833217
294189122 423771225 37657 717233
-127826444 -278706033 726050 717330
-230156392 210920683 446897 167075
-64494738 164873948 764802 59143
431768825 305127680 545638 189762
406545973 426144110 253903 934864
-465170968 -240014689 33194 824098
256097553 -385341703 746727 689014
-29817987 -325532422 602708 643345
-454528135 95130109 886695 90332
279904418 -142897236 186650 898521
-99615741 406771120 396928 71570
382940157 90662230 117818 904523
71420637 -350803208 770584 703579
-272979835 414234161 573725 742569
-6359189 -98898441 801493 52064
313528771 -28076683 424591 134667
447098153 -354258040 395065 653456
27097168 37182519 958677 18871
-47373755 -264193072 187848 290648
495791054 -477376096 595025 715557
304458318 403133846 261265 889665
231007700 287867546 768796 67659
149227803 499965579 767165 777997
-463894222 22758456 138027 300238
344625196 -133944352 770503 395770
-439299693 275744549 786473 371815
-74991476 -30024673 444677 888114
243183497 -85201011 572218 299208
125732260 255979559 436023 209409
-475005537 -113134833 651594 812134
-164032907 -62943899 909639 275155
274225052 309653753 516305 476472
-273082662 104588828 864456 551673
453762497 -32109425 952591 895605
-22052151 -441597539 542840 678308
-137172472 -204416699 476239 864026
-258028144 80651407 527360 651176
150578021 -18198785 656869 832673
441456409 134277415 496176 794618
407125766 85586160 264395 879337
-72104080 -344420092 986354 10901
-356795177 33696411 909655 983770
-82131067 358399780 534473 860403
-460854470 433800599 106055 291237
143871441 -161691042 159132 121275
-44278353 127210465 427233 738844
-122495147 205562285 750566 980486
138782230 -384820672 268588 549289
-347180062 -161849485 596233 105122
56634944 -158169724 550190 216146
-279564198 41290943 294085 165211
499477554 -80427575 560052 792887
-194433805 272669321 327743 234932
170604130 -305581644 219018 798096
398475642 -287636436 275129 262579
-73632707 -32020752 6581 339016
-245382495 118984974 552574 824865
-335325535 465410429 624637 961878
-410713064 -168351228 972825 165304
-407677197 -341490890 650405 426845
73131408 -212335810 700809 509702
-69232587 182755677 1680 251972
6770107 -230729179 789843 206764
-461936140 181764256 991416 353351
-365704006 -499605615 57739 229087
-344938095 122941138 538039 423738
-226358792 270794972 151008 761635
58398289 -261288347 850272 672803
258754410 -293202396 235741 747151
-446206297 -439696208 596932 903291
442866894 419008134 399012 631692
91807087 193774121 631273 877355
369478382 -288380316 254259 128662
266775342 -138774869 14610 481104
11332512 431544864 809337 843542
-213213189 298553655 697782 180383
-465437346 350904979 132030 137753
-265189733 465082401 908129 279686
-2045897 -216603368 94315 743585
108165218 -337219456 512463 329023
-145539566 -157671095 320331 10284
-67948613 477279608 351866 507444
461917101 -321512836 772598 230974
-82641911 85283487 959079 954706
252907105 -152678504 709805 863994
-206747925 -334116803 574886 91271
335003490 346853717 821404 256363
-356709510 215915916 38286 595907
-205920514 440422015 30745 236792
329070983 404866434 409019 284892
246214196 114334499 595181 939424
-138862498 -363899552 330363 759585
-371836634 -51684168 796617 896146
253411536 471254124 871545 660616
-402379467 362883177 714820 939089
411512672 48491669 171402 92604
-41359539 168239665 488203 50962
303752748 -470558376 752382 412579
473786709 -413907804 835922 815418
198392265 -415168272 832638 970674
-175050143 -453967049 223751 8226
329637526 467911323 642318 156467
-215025172 -1009022 306195 395475
102152187 -347536677 279626 257858
364332315 -437328770 875992 663754
-164444757 -104855118 888234 226444
-405975554 99327688 45106 851380
-499056924 101744356 694976 264782
279288528 267258588 798969 168498
-216024661 -33363912 75510 408283
126117684 -292076455 743739 724886
-283061231 -129732169 850962 51990
-367185545 82426691 718595 198756
8619891 -420249109 677427 651379
494183891 114679356 620503 681426
331856307 53521441 219859 795770
475836839 180679881 631667 344775
-327861630 -195861849 934916 309892
-234031935 429844371 640464 474463
-333824872 -237697266 957813 265979
47191702 -492816222 3169 826532
433226999 -381106584 148908 554654
-19553402 221898659 279890 855574
479602221 -289093750 514252 238202
-259353061 388718627 455369 413220
-244697712 -43327157 863630 57009
-382116792 373179858 461479 749168
372102785 85238467 482824 344182
-116750165 75847361 947654 719055
84603276 -465553302 589647 205198
-331914333 -356320072 809350 228997
-471250428 314834877 859281 275167
444016143 -262166641 755405 334410
395927432 -43426395 289319 512700
3626683 -439831214 452367 37188
-22910497 -338229174 116651 575427
180181571 235620967 962694 553789
-1966262 171463002 262496 255584
-215252764 113264109 840691 910527
377302532 49335462 501232 524636
-428728058 -151026144 610181 196450
-275260503 233469968 628660 177897
490214911 -422983600 933018 269711
-306084739 308819591 742732 834161
63257394 5643895 977949 761287
-217446891 -195790621 738108 954841
275798135 378032923 812858 761186
-423135337 322107685 168618 471488
-66961836 294737034 98401 883156
-283646979 154039738 646685 269948
-69402044 -471967716 433858 46314
482463314 -110845257 67583 722593
201287412 233411958 384720 304204
-196207118 -180069093 137116 923771
-460667453 -412233027 141370 516879
-360442863 187924128 496464 474491
-258709766 113723843 532369 980326
294186541 237251036 554016 49700
290742557 -143964904 334469 143885
-398449492 -143938175 963879 512304
-64430731 -234020231 548774 443240
-279352650 -122394525 21463 722822
-51509799 335518817 349469 288557
-129525603 102158844 96615 600719
410865708 -267362137 246366 6742
-74549655 -459864161 281670 151107
-440009229 252525296 693597 127608
-379862186 150243946 833578 754496
-86006424 166745334 985321 229240
472965186 492316937 456721 113546
332308444 381977143 510015 795349
332686916 -388911649 948544 221865
242017147 -493338363 239488 828462
499854572 291942205 101642 295588
-411126134 466270402 149690 108164
62291845 448444326 226119 475718
58401448 167211556 940263 695612
-92374446 -400516591 702814 865627
-188746895 250362214 772890 975571
91615782 354807036 401331 51218
-100923197 -146453691 866823 675710
-14667137 325231836 262878 240094
181396037 -144220871 903628 693191
-183654679 -17927681 180143 518778
-335952780 -391938333 68948 50010
-274777440 -216947660 247801 584456
-181908897 -198205942 261997 590365
22802581 -464408049 599572 478915
-217140249 448008165 642247 71472
-209652309 119313971 578264 568832
496344063 -43467184 540851 808430
112693386 379602206 950831 655789
-193255150 173390819 603628 318971
232965512 64723718 321498 432710
-379712737 92383408 385975 512050
209632109 236144109 218786 769076
-276510766 -318969649 122776 873670
56376194 -118688077 820999 220275
368722992 -229691749 932240 431058
259406680 -275246149 350 845519
50756649 -114822642 527722 631130
-406595737 623576 366410 200437
-192597251 397746058 218341 457605
186683501 443961536 494856 754632
87168207 453931452 63766 512773
-160155101 174059790 828333 239809
266725502 426249696 659687 727578
21152351 -300492069 785020 707779
37545504 -78697542 322885 20892
346668168 -97929879 436123 479981
323080317 100851929 327582 570687
-322425898 314371171 884626 867287
6976335 -437570602 893667 157072
-186610794 238129951 293321 390291
336809858 83300244 22086 875446
-144103069 -92760099 698637 792495
480291700 13794943 257149 51635
357747565 198426886 218506 136496
340763957 -422308401 467837 909091
-200180043 -26874257 151185 459030
81532616 301770947 906239 330938
96856398 -329744234 474964 521245
-359057312 -51599896 878141 728775
-471740258 -102493727 244645 236023
-463351645 426391122 577589 303925
57615258 164710883 19322 372564
-185954070 -27268897 804517 162822
-491260147 -141636967 342955 377499
-17326722 330438009 748301 816344
-150335023 384214438 544626 859504
176647644 -344074158 186543 158754
-165844205 58373021 128489 978734
196732146 163907366 962898 99445
168190611 -463199435 391887 222764
-399834273 -74471810 86586 976444
-5983519 431808147 552643 415482
362316726 208071402 277233 915966
76043681 -116113275 151175 690338
345251003 58995780 537153 536025
145160135 47175619 454909 631657
-390139996 -280028431 930359 941254
91133403 -422479313 742317 160653
-251590056 -182462048 304218 271287
-166039021 497977852 362246 636020
185631242 -143792561 424128 561604
34667879 -432337994 910343 128385
-138824910 243639744 134783 764938
-485419899 160333434 975486 109862
127091848 145839869 996600 367301
-19809161 -253159735 961435 337913
-139515715 379952241 15441 290381
-103450692 146072338 17978 619983
97289073 -284013766 905983 309029
-86375505 -226494062 624558 4605
-302107614 221787941 371769 59714
-240585930 138386218 809135 676077
-247359510 310968694 521321 66813
-59059277 -496688936 816883 824051
417672293 -488862923 165198 240747
-343422899 -107684057 662221 651649
323497782 308316661 616653 473430
199942043 463048947 685573 665475
-152337087 -310015884 974390 884570
-460388351 225666157 317372 53717
48853668 -284752216 667719 88990
-84548633 366308001 778083 777850
-486562403 400089857 631858 265491
-184262156 260561076 897916 755232
-135043889 -354517591 398493 107827
134654291 -347842266 161949 44511
117574526 -228724283 511389 419267
8548849 -339351793 904940 496184
-264242 29479603 634489 290707
268438716 275098978 295267 482711
-270923513 -341818549 371628 191290
483842533 107479598 258189 438930
221562324 -135550177 76643 47836
-236818658 -59035687 199495 377001
460440190 393349565 456187 477990
491351517 -488829850 857471 591942
-14373067 313224681 859396 926734
-416809577 -443568978 62968 900028
-175180217 134237268 296454 51753
45799619 379085577 529256 211692
-334745118 -4194427 36322 685155
-246243321 -395445034 214056 168177
-112527661 -91090635 494954 562376
211026484 -425780739 689441 788779
378711576 471941797 434655 968258
-313302362 -206739025 596952 727608
-419370187 271408163 665852 751470
357347490 -220088863 450981 111681
498621204 393031906 275356 425372
-58536206 214901676 969448 475579
271925472 -265911690 161547 100973
-428148249 -55297811 330231 489776
226369074 -54051111 224737 254146
-218566859 64022112 959979 399347
144767707 -82108584 431139 523180
379141342 -202870078 659678 727148
-8811904 126962136 320137 372015
82068596 -244447882 740408 428930
343609920 -21754400 9693 831151
-108345446 186324187 562476 692
91975143 -26212551 226340 723236
-121173284 -149164622 715167 846755
-247601377 161253161 87120 256289
23207745 225510074 28731 547449
14623787 43275904 467387 891886
-26741886 -79733240 845189 174673
451892656 -361149172 107850 212955
-456656789 275705597 362740 504464
-24509671 -57751515 323038 523049
56420150 -239615207 238926 414715
254611907 80819433 679527 800703
-495489796 178944873 31071 354139
-257117071 -204728451 26949 96896
267116984 -110056687 995569 185397
63833819 446133384 549157 3998
-135777410 -143792211 680296 773310
-177627767 -179191358 761240 741914
-222917228 238186806 514075 994430
289900291 165648429 360422 987255
-283612762 455488216 93072 894141
324511164 -373186558 328412 972930
196592160 -464748453 325900 834490
153862281 493220861 937975 522006
46329446 137051730 428277 912224
-153681723 -417871430 664182 689837
325024716 141371950 692386 96686
-369550070 476053546 687363 550115
-395917591 -324494795 454464 270845
-455119552 -153892594 978116 223893
-82013579 -428836099 743682 503521
-499655533 -193850304 567258 173915
-288968698 128006858 385161 544437
97217165 298905569 368007 318933
152112717 147852569 802489 316507
482009534 -183664397 808870 701203
-50874315 265165728 932564 369475
147420430 159272419 997758 542627
140562293 154619924 947509 335084
-114064686 266265920 387665 675337
-156290097 -313791890 352209 845098
-355767802 -485939715 387670 233656
158530124 295435560 835705 239587
16263061 347966892 642756 379542
-68897662 74012032 527828 816460
106965390 160034499 543881 596412
27408336 -117445196 352615 384432
-168287635 -199907622 761996 125236
-90577762 51873604 446286 707305
447342682 -54299925 837488 959929
-477643360 -396798669 853377 277796
138268259 -62795888 595602 821049
305221393 -249508282 642386 124577
104204738 484881736 99336 45526
66183162 -224982718 811691 646257
8818971 -393486157 515489 601440
372088170 320505137 856595 603318
196334011 -35342128 593449 23644
-8575044 -405036642 578791 638245
-169353508 374664005 947491 515392
-453174314 293242068 399522 252230
-348953961 26066062 239859 956327
390836770 -355919850 198642 229774
-165678483 498917986 551057 945382
-439936487 -359255502 898516 238368
462904785 -284232365 491813 559830
158864075 -414524419 583145 135349
-380842130 110885835 771373 408262
-413036018 222969431 972543 650455
-210998927 237995224 406026 49656
9901308 459564536 484473 509934
-326802330 -242741813 344709 421856
283605442 -60200185 247226 979217
352933508 329466328 226208 805730
464126936 -47671246 29729 971056
-127977313 241538373 433874 421146
338477319 369700879 853727 426528
250803141 -292955893 193048 122983
342438642 -438547193 366354 236121
-75120512 -367094509 480763 346089
482482263 462144917 131454 448308
278098448 -3040134 355343 549507
-267323828 -373164921 209683 2669
276476850 -497823795 737775 673753
24666501 -405638853 279020 140001
189066718 -208515251 899972 560723
92738442 -371935261 136588 830033
-20950142 151102252 446845 515480
-5359101 76199361 845408 823389
386452810 166869966 959894 166291
-300772882 150391659 693057 533130
-122828583 -355470327 603347 935793
66764004 -247483641 447793 398780
364501519 -12029596 983107 405536
264055898 -117056369 582491 336443
-285717438 274875483 898111 972242
-475000613 359523342 318485 573170
461800838 221753496 894314 90295
-150465200 88323041 938398 557611
-120173081 114984251 580528 634182
-291251654 -279658249 763874 103827
297937580 461217043 2248 90420
339244276 289389841 72499 206204
-422090860 456676579 686196 905530
-165882637 186133762 234447 558229
-33264615 121084829 887870 40659
-249124114 -118621667 656116 588146
307244713 -451147719 124155 238042
-140523377 -455751182 955276 559498
-354683361 -491653176 55024 72942
35771755 -335993145 35318 630347
-480018168 281167504 635573 4256
-394747617 -69420029 563244 108952
-443489376 62853766 611338 46376
352643991 256135112 379275 160280
73606515 92749591 653331 884696
-220038775 364595323 336203 945528
-80608262 30412249 82083 340430
-400193778 -197593285 130511 319434
-251100507 -88675533 996394 795430
-490716775 97183122 359399 791033
48500031 9690564 822111 585304
-483590969 -65792697 851753 86678
-105227578 -468602684 722416 750999
-77146790 -224102520 674679 59853
-87224390 -264178631 889449 657465
-337948870 321210129 533490 519364
220524262 -108566742 342082 41633
-186139727 46511558 667034 769267
-281518649 758841 538983 338747
448567551 -485278604 731781 918972
-261937044 290934318 816356 197550
62613267 344308912 753032 852122
-248631370 360949054 383978 189464
142578127 -45821923 809532 777187
-262359656 21680197 830602 296278
-444030649 -89876571 551356 744838
96542552 137385998 933880 665851
-40037886 -152875843 687844 55243
-277374005 47244744 238421 91448
469600419 -230658222 802519 836189
169131535 324250676 114413 107666
461783457 21201128 468839 887494
184393108 -445107068 454316 45066
-439364984 -309524784 451092 262346
208835300 190737560 851989 464825
-218879033 -390357402 382086 143875
290464160 373085141 60411 721303
265836398 -440084894 849837 299851
-47025339 -215818096 803612 464290
-10920306 -371297274 341250 201123
346553637 360130021 869482 386174
292528289 183317585 529067 492411
-203838376 224723139 184967 866881
267916507 -20958028 652645 194006
-434080583 342796780 569074 642284
-448309961 9390149 587182 73824
79699833 -233732312 336923 184229
-260351166 128495393 33648 217135
154078901 106604770 236955 516296
-248842270 -480529852 550072 816212
448804571 -83599522 957183 797765
39738420 327038423 906117 443637
284559790 356141289 567453 646521
-414024206 -184717937 174211 496743
-29352432 424559564 977696 298671
427274807 408886230 860697 381726
-46451695 74760301 894001 650813
424552633 185763407 833564 629910
474751066 263651524 324065 151382
-138635931 430370644 186794 944398
-146092178 358403737 302827 841811
-171445340 -372029393 774381 225606
50151147 287405511 269302 636526
-466063976 471652699 514711 949249
-431406392 266662012 622994 122114
-368899235 -242187065 331749 72132
477777558 12332406 217335 923788
-22917558 129826322 237470 662100
-352058810 -404598070 61292 419568
-275010865 -383822958 27579 433871
336641424 -319871719 77092 702744
-296906045 8733661 717124 201821
-244329655 -334655716 34391 658886
371783714 -245302172 363450 883686
-53409033 201061301 443019 206329
-120855084 13655124 704748 57084
130468340 138691631 216551 723369
-177776715 50968552 588460 571150
120577963 -35560576 658293 594121
412520144 261576609 655434 37090
449983961 -243165817 406304 640133
269256100 -12697204 546909 237210
16213197 188308560 840951 661827
-302480289 -75039614 394426 62065
354797991 371192653 925416 372195
-174464731 320451937 456890 734397
371912348 -275415908 106373 62273
57760329 -155623339 384568 78124
-171967696 294050373 375042 92463
-375495023 -204719085 431440 428937
-218007942 422331771 903924 103613
-69508234 362092826 774113 139829
178410851 -431113256 688851 325171
-190501134 -407953654 783856 58919
-317214558 448613175 664467 546992
-93926034 -423475216 889231 773906
357830155 205971998 160281 810927
-258302997 -299374921 900869 971587
-207273366 282146725 33916 489374
378824336 397915333 582684 401452
98006916 -62429941 526060 154160
127046030 -281963070 676666 356688
-49035321 236903921 289812 351561
320050272 140331993 14687 339842
-121984629 -240342884 728791 527039
204065545 -54520840 256739 118764
385702481 -369206736 52564 813337
348995930 318670347 519290 123781
432690693 -296464139 790435 5715
90559530 100493636 922545 444762
-88993218 -347015530 838871 765592
-200932778 498820015 535238 196795
467353693 -390752390 479686 388578
312463285 60778486 739832 400421
-401725064 -297209386 784109 188971
-381356585 396068898 696691 640081
244783926 -401609814 6671 78267
-201648267 404789286 351241 693884
66277194 82810607 136737 549214
215005130 -239896236 333087 597774
-156947450 -411295590 353864 996327
-367934254 -130723948 258989 848153
253988513 310393306 851101 572662
-72811636 -363928407 241722 177241
357764977 -442988201 753577 290739
-280381384 -311058575 299043 342451
-205080015 306087539 783081 724177
-178692967 102607139 226132 446520
-449344964 139843210 863434 841230
-155104204 163045008 905037 195169
379473615 335621171 863853 800431
-435923825 -74412700 915294 823250
221125450 -181038978 250020 60038
266910066 146090339 225194 10008
273421167 278915637 560371 871086
-464016088 -338254930 923879 905901
366934433 40499997 807823 274570
-308008769 -481097218 629596 748145
158013222 321114932 370786 566219
358705219 -129447451 156962 174448
-141622170 449741298 912580 662121
-331682554 313332241 17059 307552
449928489 50213258 425859 72550
397240283 154816906 620254 171745
379965147 338084903 109851 80272
-340286634 -414412559 998688 704957
-189411637 349696817 399934 242366
222530573 -122761279 379211 916327
193040487 -262154104 977870 890511
34962137 -427956207 428669 468482
292009413 -427128612 952240 940758
-325528756 -147008070 997832 794190
-434622083 173994738 573076 880030
-114634113 479205240 706785 901056
-40085562 441562938 454225 318989
-115414038 212439794 923795 536132
426292525 -370955569 842611 175803
77268004 -60749156 760123 869446
-306960707 -97640645 454151 185538
-308577898 204325722 307635 313754
30051977 73133114 37307 908050
-379920424 253959025 750017 970423
-324812325 36790043 439281 949036
-469808025 -310034069 435447 867084
68698444 277393760 625611 877791
452245054 59139392 143749 116913
-389708595 232699064 984960 931561
-416374693 525395 121829 733455
78949816 365074952 300754 595357
318073253 -134395436 986433 494987
-365384086 -337463242 221466 446346
-109375648 216549553 516210 173066
-252433950 416232876 342245 57490
140106167 459433945 803190 154018
-168465672 -257757990 78284 174054
129984665 73851903 673996 605636
-275022955 -156234450 245972 918420
18603194 -22806052 366480 840175
239408910 188104759 486141 902944
438813405 399684198 320632 974200
23994208 291693032 997570 207230
-398827252 -184493799 323859 478146
-488928140 128629971 798871 189714
-228851749 -116261327 9737 154886
-375377574 -222939025 87083 424054
-113418326 51760877 892255 326668
-161167985 21684562 670821 965876
201419746 -163996722 603890 737456
-127744967 -362947209 359721 671559
-380353484 -136255275 434041 44317
35767655 -86608263 519634 70686
-324059169 495258056 166340 69716
-156834989 -61570091 420727 420057
-140190612 358730176 243878 193698
144840230 -88572856 716387 733197
-384416270 -294908876 368224 739007
-325693843 440449074 327527 556849
-142183942 -316427210 885318 170096
374709775 -149563571 155674 13991
436923088 389545521 912309 403334
-390997942 274812671 820523 817406
-416021175 -147384071 494888 949015
-316224605 -473225134 345093 312977
-404108916 -349033272 286816 520102
294193861 298967508 638864 236143
-221879534 -83059070 8730 119718
-52987549 -489145348 644787 734148
-33277085 201829554 942690 657787
-105082834 324066850 33092 767885
-51975137 328043337 150185 500040
269550022 -23078490 992668 735070
78924793 230837479 73409 23909
468432130 8226099 162454 519143
-223682826 -452260333 681628 377575
137338149 49752573 806799 461105
353081517 312683647 377424 780956
-176074199 410143493 683044 514848
-293330809 288549959 310165 223630
473387255 362776145 797302 41968
482750464 359002416 345732 263485
-233864788 -331907530 21864 650041
181623524 -23255573 686489 281255
149037526 460924048 327263 82540
91159954 -260212399 278450 280386
342792373 -201657338 563073 434133
-320678084 96267173 330766 323325
-459195576 110402165 43481 413221
340440590 -364932669 932875 259475
141040233 459998774 901217 707647
328931382 -459177670 296508 58410
360464327 -122066872 154584 577883
-73827091 -216273409 307861 57563
369910014 485720320 393091 576538
-28823303 -427741079 810194 321792
-109593664 -363128339 165612 843921
188847747 -92327027 937694 28604
299622206 155057397 939505 635136
-387365544 -240676235 354071 906364
-283016596 -496596582 328065 53905
-467288795 -489014935 625358 124021
-21827517 -93499849 516381 956503
351835578 -351903960 77443 207275
343969785 -140466878 195928 836433
-358208467 200405995 552998 12875
-469699447 -298575082 143910 433251
107244012 92199981 823739 242611
-33216393 -172252399 174311 126272
-421274093 -487089311 756619 677105
211327821 140295503 577682 688695
-211574324 -393300592 36221 298374
-75007381 -191737235 502859 345920
373362679 114291139 774067 107335
470154583 479472161 674361 807539
-309099196 -109329508 545470 18930
234963853 299210526 740947 475031
-226498994 323030188 161623 714208
-248578820 -38426737 268522 926721
-292273367 205848775 39165 239282
-404651983 -281405874 981569 193414
-449815863 -54871398 871873 372664
469046760 -237538242 72796 968990
-362389421 -310850128 27294 372346
-464878397 -468931291 588155 196720
-473539404 -245905255 818471 474897
80858061 353219563 131029 828501
157284327 -271658329 322556 861081
342034011 -199348326 461934 907430
-332504565 258866746 604784 271001
450375676 -277090690 299796 864433
-433907953 89580953 646322 806651
390788830 263098032 408626 539420
485197201 -155417434 170103 641197
-29986464 237691666 159785 736000
-2800219 317554770 457052 539457
409518492 150735033 885666 233912
434132667 281474788 323498 452907
280373928 -334093526 72595 497313
346943537 208689296 94017 90451
-438076258 363207289 511832 790444
297530340 50982637 24121 537442
111465022 303925856 927870 629543
367741879 487069126 351085 60057
322172518 435455449 72631 482852
-261419080 238216970 270426 754485
103108325 -482064894 761637 109975
-317351291 27358931 695708 413100
250456379 -58371392 14641 801736
254605989 225412209 155245 218907
450181637 364835422 49819 89135
-224742337 223047139 101351 70668
-374713597 -382893607 891004 828551
489726855 87156211 17525 40792
125967970 -463090664 190191 197359
419410620 -282428339 966010 628044
3188139 -94788291 767061 100589
229457032 56461937 82595 449152
25083677 135105936 420156 237418
191204997 39384431 262450 222674
-385876519 -271728070 27867 37704
-92048645 287754787 256240 546646
493346655 -67931815 226841 563994
416712972 485904857 346813 780394
398943167 262583534 690744 565537
104495150 335682631 569643 492170
-285570198 249965747 880620 695784
403152989 -244914565 297438 919712
458663283 422551388 101788 898373
-253057962 -20517857 383567 757309
-264829487 226045399 705568 622164
-381104682 235417271 413830 349725
135557531 309846157 535552 604864
392669150 259685087 638175 138277
-454185142 303940768 790203 479804
-139576078 202411407 924998 417574
51463929 -67269331 527101 555907
-207616684 417710425 131066 533849
-180553560 134957705 599463 917341
