2500
-76198067 204942247 661325 215842
-138261900 -9656954 563530 954843
-492676763 -210550273 842721 828302
-38859040 74802860 969643 577112
107279013 332877291 819863 649553
-396135550 -248668736 22711 725789
28050739 345024475 596937 985093
-168724879 -90167256 921047 22271
27296979 -22794005 832049 651308
-348550952 211726949 159783 70140
-396881100 -128357319 870867 689004
-303162111 -228044113 973918 901347
-201976044 46985382 590171 668335
462774891 -220586476 939793 726103
-144987710 351344443 101590 870044
52947012 10756203 550934 301585
-428681377 72082541 898611 789332
65122224 412472723 965190 325160
429427998 -347879590 979460 497840
65235458 15060665 646525 989514
-196850300 -196485764 978502 84546
-48130672 -274250476 578562 523753
-321387605 191521523 308195 719461
379301784 -16741459 97010 937716
-17578018 422288734 144720 160087
274114905 455530984 834520 588386
390846949 452166487 739152 375219
-115095641 -373185434 353610 171711
195489523 329170715 423325 584904
211385565 432454541 165115 443755
-221536673 142172358 564719 881685
233449508 -112377405 802934 124246
89664239 385243288 66871 193293
413719211 -396992592 324063 885827
457036815 -432640206 937821 564309
213217920 -341327434 669512 400025
-318717479 144695942 233729 606641
-347494370 395323861 23436 100109
392540338 -72320365 975706 410371
425355952 -244089515 218949 29530
306423065 -255380356 489861 95187
-349631995 316447096 39789 471725
-136702976 155336109 950181 887332
-413878739 -366401444 620569 72561
-19089731 -7331924 940903 339986
230370660 -490816549 317092 248118
477991207 3038775 533686 113487
483793093 -153381818 327183 892031
-135877183 -400125691 22086 885231
90645005 -6185394 110868 748799
-149823404 48668754 336871 630679
91299556 249769798 819750 851292
26556215 -55060709 75522 445375
-109714403 330859365 170869 842031
-466315129 -70584995 378651 543215
65224946 486246914 276009 545153
363762029 322527322 400398 848066
-496229815 -286434858 848228 711695
-26669731 -9857837 332947 570021
-401599501 132889405 77251 797383
-216842413 56570190 644155 70232
-32922135 233818228 46555 889224
231631953 -113060047 451691 606416
-456758308 -317953220 560933 130358
113323172 -123323524 698434 905460
312802995 -389721311 115919 507796
-8303046 314856912 234254 144292
-267665406 386591668 536645 226474
-258464219 -319636961 317311 642413
288983592 252277061 168775 108599
-147441712 -404015865 9811 110073
-413997667 -493141778 616334 848395
494060775 29032243 654913 562128
-190231660 -404965126 983645 605240
-66133644 -390623840 263847 777887
-168772823 -87900609 515283 802455
-14684708 -89079921 767474 152115
445864683 -288371826 367538 501450
-206792977 459854970 568865 840609
-389117847 -398542930 152676 49948
-158316446 -496515576 9501 518943
-459291333 222682466 534227 81495
492274738 257229776 713597 754411
-81470728 -214126230 895713 254673
-393205296 -492286424 77070 955710
-217269152 -16557595 757618 873589
-156194536 -121787770 226265 545345
-362886340 -491793868 253187 174974
-29986929 -384411196 175648 735505
-103197794 143260472 705578 549047
-441590874 264423007 71839 491387
-249098461 12888471 363674 827969
377801907 129349708 507648 811250
-450561033 125564700 514893 645443
-121707712 87032281 349970 110972
471379777 162819929 352925 501563
-322044432 -47274029 711355 858976
230196102 -318601996 359087 259509
24280243 -495827203 561300 280945
431712375 399568260 826743 80694
-16942901 390032030 836181 789475
59113036 -86930504 985368 667226
372122808 291093627 584062 830872
54278038 277513315 495791 647875
362750136 148768274 554121 674323
204213472 -167457199 652505 637790
323501220 -47419228 924734 428186
347282312 -337131292 245664 397253
-167305653 -262279544 917208 591756
-68533122 -301216284 292379 313524
341634956 463451170 722348 253227
232189196 -426145791 429172 418652
-406683191 156127341 740757 656323
-122413090 322835423 850376 570748
-57349972 -126007792 884133 727815
-232489033 -297826104 356050 404716
278185758 189739476 799366 531064
451031989 101098005 982265 955877
262073537 428192181 772650 410135
-303455409 -443914891 189324 214979
480949041 322783010 456398 110698
345970070 -306764505 936646 219587
449099077 -320485573 289017 504247
-288653706 -158967750 423881 535174
-484900078 -10668550 278855 415732
271409699 214980171 219604 364395
-351083984 -130765469 827375 396329
192443833 75740252 961276 410941
149810841 -92693280 998655 777132
-443589997 -150234202 941420 36943
374316408 -256137189 332655 50053
157910657 -90293015 604886 508641
406671504 299183118 15973 965458
8690830 316795443 407284 843456
-463026211 -431085071 684644 482784
-5603142 41101268 344951 686545
-362418200 34110957 246545 323620
233229475 358089563 604016 411773
-67515546 93708474 892165 301256
100674274 -489909640 979033 2699
374156277 -410392817 209316 333900
-300319514 294898346 978197 227931
-87646426 -131078362 397838 844390
-253027126 96209122 993659 830444
398013183 392210591 720530 655848
-266510637 237398400 950828 174376
-211079012 119303984 995003 990397
391056905 -222491614 947048 382347
-157687820 -372019063 778496 33472
-81317907 471377091 487010 52772
-376059995 -266493254 784576 787667
463977412 226277105 297674 430999
-52399902 -222308668 106045 137066
-370782066 475697726 838262 362593
-427135894 394718615 347880 625142
37061491 -178686040 986864 271456
107714013 -473942939 159025 379104
291929630 129002870 140252 62469
346369677 -32009249 480959 683596
-240368825 333905637 32640 178960
-424833307 81294354 473407 556232
478636308 361231545 564312 813170
-414386200 405692705 336336 598240
146658536 -280877779 684727 721780
-197118654 -4779090 311526 667387
-372538081 -472092094 902696 72612
-140231663 67465190 287093 916316
-92968279 124113304 694087 471463
117488322 395125171 663644 451592
226273371 218781401 204445 507139
237646656 498476185 653362 626446
324778290 -103176101 796193 398490
-167788628 -118318877 834476 259487
-31234868 -64651577 429586 220316
-244263413 -226842124 426868 817980
219878483 -211063363 917956 173933
461850258 -74740402 392085 553403
-101661866 -294180115 619258 114760
111035958 477131287 298397 980146
-50047436 -278580936 185903 582112
329611836 139986693 828473 40558
-425643575 -244722310 197138 468019
321248167 -309382549 970857 424747
227142867 -187226167 170370 961734
358814078 367127412 348670 301452
111164464 -274649929 221010 403563
-355762934 172748133 252314 421406
-175398620 -497054067 729862 598844
-447234028 -291786020 796786 595995
440165776 260244755 567199 246572
247927573 -282994994 261602 687740
-405290946 -419032285 858305 82909
216389409 -58361593 152193 653774
-99697 253630991 937181 389688
-275375314 355096455 607981 104719
-122273483 59966115 873844 824913
-140543036 -59964467 772422 232492
-6474786 29992733 3348 743420
256213479 -339087275 966962 92784
-151216787 376235474 706384 358442
14056629 -305607729 874128 241417
472181110 -482339374 747557 290761
-110153172 310395096 296005 42572
-401796164 231125204 848722 634128
160664548 118869886 760632 230963
-209829113 362639741 572302 206840
-170003655 123007064 209905 707493
-362671377 -96304516 743392 46990
-78044053 -189427364 81527 514379
431025600 316861062 537867 579970
61993445 139051981 209410 102219
463028355 333216023 798846 178347
-379488531 -453893520 386647 576173
-261351406 152547076 980869 761601
-322629290 274715659 783884 383111
-66137903 -177343608 616600 420655
-271970928 -353379303 730313 804284
-173969754 -498011794 904345 289637
-402003319 28022160 609539 89450
300096537 101900811 360157 925981
-56197618 -30444170 873953 368190
191090576 -324128864 628937 616629
-272227354 -342552999 712851 180779
-124674234 -452383526 96932 508037
-295312182 -66910254 514249 400061
3470212 363515406 576280 435167
7486632 107855811 949173 356638
360236264 460850811 897713 202960
103740637 -67264102 205900 542477
-50169696 -310986867 999003 560479
297609849 -302380658 648709 171110
393971375 268901094 718795 973055
133374430 440400215 821855 76840
-154141293 -418069627 604751 840802
92608023 350743422 489798 32558
98009455 391538379 422111 980360
460555340 -92889546 466629 579961
353150009 -98964051 390506 987210
-462225345 341667231 879955 703279
-435953597 121582358 691057 761396
216676760 -219059597 580822 944244
4708870 -287285431 921849 829824
-198835261 125769206 488367 117082
306913810 -489757027 9170 661185
354399238 121745851 124637 178330
-411288219 -154638232 142938 35901
461884327 316122156 927090 158232
463319326 -473073540 889636 606468
-19073489 -192926768 860369 689378
-492395330 421596258 202867 291825
-209671256 494157741 896944 498410
-376225122 334422142 655466 426464
-39252284 -297696112 676323 846823
-160918483 362874012 858658 92578
282664145 -204878778 805979 813136
-12277478 429510530 331842 167306
195875804 -434956398 677906 81646
-262712238 368802910 207377 339013
250497391 125512804 800566 96568
-72698286 -140704452 618596 845619
-427078185 -90421049 408213 89365
336245578 -461808908 402834 312849
-32424394 219253294 695902 917348
29747548 473139814 380339 345971
45219519 192344248 390052 27520
-300797220 138399676 501217 439944
-152502025 -105612180 861593 893117
455869585 143144365 13114 159067
-447947786 200907900 518868 197097
139862514 -264309066 620251 541199
402552484 34915459 911627 50446
-273566870 433948768 254054 889055
-167035396 -34205752 186713 505900
370717333 426517631 507133 14373
237369675 230290043 353272 788481
-88363904 -359907729 711684 270994
-319264655 -181989131 49544 543170
158707691 357460567 576610 76591
-242774498 437427962 625990 93537
-333130358 -190452633 553152 995492
421194262 490444023 952661 705415
-478433217 92729371 43208 678383
201023853 -423155387 532152 860760
56821602 442263415 629862 474602
-221126453 -303209626 470421 54004
20640505 -222471094 955722 916999
-311034711 475529029 507123 690161
-468245505 -223479955 866852 593557
-423784558 320491640 179068 612644
-267877216 -385149949 721830 360186
-409005470 -217818241 661627 369431
-338306437 -214591816 906501 611704
-385834358 -228590845 638623 585617
-408992034 -354656508 934392 849962
-167708599 110971162 400246 218067
-228868851 330372711 31607 482693
403100404 256054399 937586 437271
43965564 11511724 280060 364570
335770414 260658651 388903 83537
6241039 27614760 478853 793424
18174768 -471916799 8778 310191
56206688 -230380295 985487 922923
446865963 -162262862 134747 401850
85447753 -319181669 843082 781696
-356355776 481566618 784501 1878
-233117046 -254730207 566742 102608
120106077 2854554 346660 23097
-492297080 179326853 435011 285972
114681401 -425279199 243204 526301
102030899 -322056033 357784 748271
380800653 -193430630 28871 934407
-291725833 273540473 761648 164443
-481010480 -454678607 595665 69343
88947814 -239655846 128143 200710
85339271 227583418 956128 950197
55007724 97691460 40238 325267
-180749124 317485385 694371 908234
469911386 -127327794 741655 913131
360476792 249298067 976942 88990
469048228 452128193 794518 297344
227729555 177948083 161139 260350
120496322 57138892 839553 418284
-18724593 429438957 971867 244474
224104771 -193931592 962772 765049
109595327 272769141 473650 433834
195475927 -373749075 97433 39509
70935779 1525922 625302 769158
353070056 -109920592 753749 986177
460733158 463922638 780153 686482
-286309186 479576372 248156 147523
139754519 -110858398 812903 379466
-392351344 -13050821 737044 258663
-278724966 334187382 122414 236839
333164602 -65501507 744733 668908
373298105 -128191695 432288 958427
-457254621 -451828550 408479 3479
182057324 -185778101 89303 107397
446525546 175836795 839709 473238
-221383529 -69433072 492724 630909
156720350 122842380 593630 903871
259791773 318155189 321462 320044
162045142 -16570721 571608 632070
296864248 56833802 725330 930818
-331725945 234473423 351086 41646
-61005238 -10763629 483117 878664
225806306 -301524532 44432 745273
441254454 40334881 698957 566751
-213391387 -395480094 51678 340672
-279142918 -109555070 282296 397703
-384536352 -241939739 473555 185069
-485545055 219788097 521132 409838
278752696 15533583 764176 131277
118470919 7417526 71212 538817
441009439 -354251940 762150 807685
93796900 -58313955 76887 137445
-221994548 380786151 61654 473705
-394280314 -134295564 367983 651739
-144058697 -147707675 415667 330805
-449064417 -441167768 156972 147227
-169241370 -193035359 454675 541060
240047324 331977449 26926 313268
200955155 146094809 514964 474856
426867598 225189194 978623 524800
-228154256 481020452 694004 760932
-75185545 -265311916 21257 522945
68430105 217340887 506737 447994
-426148348 -468562626 703545 519367
237379246 -92896433 803756 951986
277528007 -328489637 504236 562313
191562714 163674198 987216 824885
-418127170 -119393113 948257 980876
67713392 -426855793 536831 789012
296904955 -103204045 856225 672277
-341594477 -304145337 562362 116634
117948098 150166105 21430 405444
-426529862 314635042 742730 961226
-274071041 19993516 937488 354603
-437612479 -314855743 103395 858872
329266130 -417042605 802191 391805
307810224 168534971 36253 884201
-495595013 70745708 432734 661435
-348553188 -141917014 112871 292658
-146770250 -40418704 370249 12544
264806286 -279136456 97202 662541
-405701031 221512589 292297 398880
484316652 -193630152 149877 195964
-306590258 53434059 881984 855848
123518749 370104139 208949 831924
262671676 -394038593 867460 243638
-215890786 484762595 154014 793626
313233554 271123987 531014 269816
434768919 -51319479 961505 687760
-214155835 -109594815 447102 831513
-344473880 -174341230 609069 407368
370162208 438392928 654193 344959
-154791178 473844804 393270 941171
-68058649 165177746 574191 868030
-182525189 219292882 862191 708937
433582516 159704010 206873 727585
-75833732 399175731 114408 756964
237472876 481964220 330696 295568
56827323 87968808 343314 881526
404348609 -74199918 106211 45965
-39436377 -392135983 365463 658978
53178542 238833142 227623 554029
-166185704 477410546 806941 342080
438798518 -486028203 366767 636184
-283806705 -157642191 761792 17622
-335101654 -431688163 48943 28167
231660793 -485683883 528473 336223
255852898 306749695 985138 657797
-336100886 -460284280 168251 947656
-465188819 -286903521 64495 514405
341866390 -89880975 670317 832115
-258032325 -107055054 187984 548076
189539779 -10568993 798832 458180
-240997985 -42391021 812481 524121
445162288 308091425 183415 543963
13355200 -192473118 418165 701712
-143232204 -135595034 896981 766428
165447790 -112547642 450324 741347
167615297 451161749 277725 855749
348403473 -282289291 68784 791624
-416826617 -81813691 350319 377748
190335727 -272884616 915845 676759
242667438 42942977 468275 648393
365917539 -9995158 400633 665609
134035224 -446763003 517661 848358
-373183451 -371879367 198170 561659
-331860703 361095166 49000 354226
-350082938 -48310749 163369 247649
301925964 -10421924 807537 9971
-263836614 -288328135 34674 432359
92258115 365366858 447149 85167
-420807648 -259532247 703706 173180
-296311451 101099469 654896 340058
-166101045 -472206485 283523 147302
101898153 -97270520 439047 207149
233321858 -422617952 359090 173923
-445092425 131872492 513216 705917
21051741 -468380460 826896 189163
438262825 281038705 780652 538677
287907720 -414162243 588006 497201
116953804 62535898 730333 251742
396141696 81305595 712799 473633
-54017316 174467827 820968 240985
158399828 390652504 902281 225249
433582410 93586516 872484 985633
-251783195 421658376 479316 23505
-368073479 -425596004 39593 407884
-207369435 329830887 996112 837005
398923516 -6860104 22418 981960
-393959589 217419967 977715 213287
282918106 141682715 990010 884063
-47408034 -214294911 930641 284591
229012170 280743941 255810 27701
-140096555 -128164215 956385 241837
404178935 -245375035 384446 947421
-307481283 482357986 26941 320668
-138116175 390254762 990563 91563
-49694174 -152634420 970792 312310
66606240 -311264238 584612 603087
-256852564 145047713 55163 829303
-495628484 456811467 695731 43084
-272231460 -355144859 994638 644015
-462096456 -32889070 515215 892179
-31644538 -2704179 533111 967393
211406105 -21696617 173489 403027
-468921243 85948488 258934 612224
-331636280 -326390744 326580 966979
-216962996 -402740066 139546 891898
-227318920 -419219968 303427 347563
43961299 164907401 902652 545600
-203143434 -435893517 8691 83598
136072181 143921598 182085 83563
416324862 -350752954 169511 171974
355574848 -63425550 529061 210486
-12995453 328306298 348132 978269
430939921 -476579261 902947 251182
384656327 -288752986 901310 32544
473321876 -272275963 975038 249666
322557066 -462447369 236392 59071
331265583 481997981 460191 919684
421709185 498070547 96118 118904
458610314 -235087101 512470 28778
182244251 338539347 49160 87049
381955624 450848254 950305 735628
-33035456 -299918080 914119 266226
421244839 47322219 164643 400483
-66096239 -269252457 444389 629494
-27337731 330733942 952750 553484
-468665940 246264582 83487 493593
-278364739 74754783 515324 375363
-353837593 -334563604 932156 223842
468550226 -35574986 8367 510248
5781266 -174795556 688140 986970
15252289 484810783 768662 84668
-270473289 66923930 30763 843148
398821225 -48691569 290089 166244
-368728741 -198604196 143549 261826
-459040189 -274471156 702921 157285
284306364 83781385 649457 60302
-454451933 -168652304 409027 23590
203746834 89807485 245249 418686
-112601993 -1039963 762700 779440
269496912 414463171 576686 851685
59583210 446032578 577264 990626
-405555367 -332359420 253272 71151
298340620 -420496654 99892 266094
221804911 472634397 302766 125168
-55012819 -315614577 898857 188052
-434232793 -115185704 180863 17758
470393217 -325495114 638115 722671
259686102 -93939360 930854 832487
48605579 -395137425 395029 54100
459285825 -327541654 863871 491477
58031084 -275390509 288591 482658
91128436 -485010905 218251 248373
192272841 -68648234 466091 970528
-244752376 472825858 723143 288823
-247125429 -128942600 317161 27544
-451629576 -439314511 282017 278457
251781795 -483998860 658245 724250
-363719007 443362713 352456 751449
332503594 89317224 994101 701348
-189742806 250684447 349705 306120
348912548 -96274926 439979 625448
159631043 304416237 86793 861834
85078655 -421333995 193424 243596
-215010328 439893549 417351 663028
432800787 -440158027 810441 802661
169676702 -16210228 721245 310956
-333287200 353398806 805172 262970
107733682 334474424 930430 106285
-459130411 439619968 16425 1735
262731007 129014818 433655 594559
99416453 -339752547 472058 550134
244993190 365345469 926319 982850
-447654031 -38517575 717045 188711
80634708 14473724 165160 595428
-281706685 149346561 699550 658409
241126785 462275415 978622 628454
430140942 -422404924 200760 317950
-111782995 -408105338 774564 566490
-85542511 -149170508 534587 48794
421282212 20995524 70572 260519
-385422989 294738470 870620 219492
-189447752 162369548 649661 46211
-40143739 -439548083 2953 712052
358789643 -182861473 381852 979191
344808453 47168811 960722 106693
472661756 150460389 148255 47000
299675007 -395110492 829437 350487
200788390 -290240240 74023 872717
254120862 218251025 959905 511359
442401762 32191343 367886 756317
217936414 498342152 897695 804228
456739893 -66039379 730598 116718
-408307362 369003417 301320 633399
136097641 483363982 827281 208012
-46691296 81265806 811042 584626
65346760 -60185549 109189 874416
192906695 -480741717 565729 685467
458111071 -372253868 752841 658940
-466723176 -318845712 656238 585823
-62102724 449271429 958581 979387
-418142724 267837396 40676 238265
-446765136 77299059 168629 969251
-389391172 -100095351 611917 480810
140170638 -63676890 602886 567060
-315575997 498791997 111464 905024
-143111575 414368831 144631 355287
-302984737 169938260 901030 601809
-453177895 -57695576 8545 994945
-128757072 -48109913 17470 832247
75065000 -211249074 442447 287480
101627627 350772801 814003 410268
-77975682 473262189 885098 95033
546201 -172407942 836579 865317
475222339 -94946979 860962 377881
-220671223 414103180 750641 184603
-240558267 143341582 929283 460250
458294075 -357885887 492195 505350
-323367819 -314347768 591046 919744
-437110892 -55216945 525249 584999
490561736 -125065578 69277 935351
-46895949 -225723530 989568 246098
455894885 96849122 81630 552137
396023139 -370469248 213840 122569
378719646 92485948 579556 918735
494361170 -276983821 603323 890780
-301365197 405144155 215878 413021
-57776979 -104734590 864576 217114
-44286203 472926545 429489 764412
240791018 484552993 232921 763756
-184068940 -313236122 644150 378650
-373912516 -362241655 165235 969754
-354065578 91644628 339821 180008
-478221073 487564747 911681 473480
-24032329 -129703209 322221 869751
-39103897 495655246 304829 268447
-6438524 299635679 102901 520647
165491948 -358204466 456403 646312
-375235510 -458818572 465955 589561
-431662716 -149558819 890114 325095
38438344 -158087409 292525 432033
-268782802 -331072406 131333 539023
91260170 -259404885 229985 760866
-298923766 65846917 475687 645061
444681193 3524340 803777 489844
-155721712 224333561 575577 888137
-433652064 212093620 132220 968177
455891957 -43518100 915819 335966
119457986 272018326 673694 339411
-92731021 299697586 550907 530910
428776711 83918900 257012 434833
-109737076 68247821 871772 928494
-231080504 437307452 643204 943075
-171511434 189342378 407426 376582
220278518 322020183 152314 998342
-468123893 279050331 994902 948596
-20062453 -422913466 167359 315003
408891683 65846184 697528 477357
137466689 -13235540 291927 178488
-47500126 -35722529 106080 194551
-29909512 436006159 631871 217764
454006838 -245281458 803362 95596
-400405508 329139478 684785 328923
101201818 470745990 778795 688182
241901507 -381826101 924894 33000
313513680 255553946 88002 375188
207576237 308348889 505075 673353
475923812 268128605 86922 382292
-202825778 243760470 163246 794414
-38435673 194245115 621718 110588
-309863334 288321959 874874 883086
-154253936 -471308050 473487 974898
-9612146 259214274 136960 265967
148761779 228001745 542978 303854
202096158 398983802 259206 656645
-440985748 -206914452 719176 551393
169376159 -78378274 4293 936400
232878106 319080037 669449 813545
-87028536 414996341 769958 175960
-476719523 209672310 644737 587786
-128237388 222030210 480198 417329
-217489064 197861817 112699 254260
-327337953 -363556286 489458 498807
401908719 -52300578 273880 305026
-425536604 102333482 881835 410704
-121371894 79972721 279241 936759
378636293 -87307733 429603 769006
-380171824 -138441961 140880 914240
-349846430 -451167504 607742 676236
375439852 235487950 701251 907766
-71120257 304765980 710226 299822
185728459 -358344142 763273 590363
-374535421 -53718129 718630 912611
-420971300 -273896268 212698 299418
488570803 439244447 963702 482628
-304527922 498741987 657282 791240
-478556741 497136993 919788 242100
-225322284 -444118107 308702 566887
4351460 175412191 341480 969503
363583972 -370634533 619552 673439
-20680864 -403465800 146493 35764
-294862910 -387177986 717766 964153
-273682523 36343329 383886 679611
-75031569 221418776 436055 750371
-329371609 109606292 31068 377077
-453314864 -346569138 278715 511282
-333370532 419011961 37182 269726
-233082417 111182679 235653 349020
-342678542 -148532760 359185 933749
-139589073 -109093444 550447 334007
-400757232 353226730 581887 773946
-251731377 -19101415 540384 703806
461111449 135759672 110960 148965
-425192102 -315976090 574027 678250
41511691 243147965 406875 193281
-340708097 -475166275 64413 554265
427181879 -141045037 461955 380560
100723544 -331490349 167285 670037
118314478 385554966 538121 842838
-13796562 307663880 111142 588543
-287541911 -356739467 354566 619805
22020755 219427155 176834 987173
-339620010 -166081410 733256 946599
99079531 313090552 97923 88503
376371411 91981384 793714 59686
5915492 -197186521 102591 386715
-44201815 -257568978 664156 660428
476086804 -79343327 256393 381272
-288364590 -183062416 843523 914940
54683571 -90547085 279502 450210
365139196 461604863 205682 763785
-398935691 86010839 115833 843637
31980256 48175158 832058 646174
-71983097 226743820 747119 407296
363038301 406295655 736948 829391
-445340588 -314373651 492254 133448
-421528518 259407494 990134 304995
459742672 39777558 368465 662245
10410602 -8317592 840525 827217
-328379972 181459494 462378 520638
-472722618 -293344508 966210 769156
405085790 -408844547 221030 294224
-247766313 134447286 887319 23383
-123166645 451309822 566366 978088
485288970 -439695497 942024 499161
-357093985 -408680626 850434 243683
172799995 -257504731 542093 87498
354914113 -132525293 875549 684980
31613741 7011777 837332 83420
158702626 -88238667 53142 299422
419828430 100402247 794738 566717
-178868449 1482025 650358 880502
-260790514 -285604446 56853 224831
-57452044 115985889 794662 712669
465276292 -191148938 724410 502657
-371761177 282187226 69834 869073
-319104958 -252327577 664646 599384
-115007792 -415978387 953721 617517
459489947 458919522 671322 710708
-334518057 -348434379 612273 498878
-82041381 -314195773 571939 917068
274545597 -292221341 170461 307697
-331423096 -116661348 446297 783637
325179932 -132544778 955856 595221
-273425501 70985197 317500 116360
371310251 -78357497 224221 607910
-392810771 263607126 425952 336954
-22903059 484439789 838043 860613
-488019905 -136316738 338393 140848
-473074515 -210757742 850054 806062
-168956974 -20791951 483986 235788
265548529 -172527629 581258 740210
359604089 414777194 862460 854755
-86222881 383058298 387159 590378
-235336762 61440421 947168 575779
-470599004 110636636 686044 129629
454943690 328451936 785027 747581
408447295 317131014 363104 783323
112456892 -57855464 130781 416422
-155211056 247938888 99511 659700
257041444 -466161582 164944 510570
-90382631 -173058387 166755 817797
348669965 -117326867 964306 552066
346076541 -14378056 913563 454384
-51100860 181358946 742249 628560
271912898 373082920 913863 351462
387488664 -119943930 963695 428383
-487791665 144377653 887680 793374
386056216 -209249723 353871 824101
-432220882 375079634 344788 25372
271822679 -256899354 265861 580801
433330954 -72229141 198977 527597
-298582613 368683595 571170 479807
460870258 117733798 369077 810023
345089711 -263190203 546705 443605
473969572 351375379 695467 167147
492926306 -445342892 894531 9215
-416419856 399097763 886666 539237
178355519 91211538 512433 66507
83662609 384735021 610931 665662
-60203917 -209544491 12528 353363
-28255065 288922212 721648 274307
-379895449 367558643 96848 727617
-175983922 -144983151 271471 582074
368879940 212630970 724881 754504
110954299 -360353083 385772 917650
171306023 260963666 319220 310159
-20552931 -324731937 979457 319850
67878663 321983866 77278 207742
-202495358 25419665 537968 418368
224261972 -487226139 458049 242364
-224135283 210371997 638568 354232
209939001 210382967 814743 241909
-250821697 221234457 656513 518867
-62545959 -293858426 841894 212436
48946992 -17289477 593465 368148
498103833 292310458 16200 478805
71608526 323028228 164335 90624
365070124 226659120 227586 986041
264434699 -9585870 622945 919921
-41543958 402084328 199029 912132
24849216 1419779 805977 273522
417823985 -262754160 535829 330105
-426055716 438704162 367941 698571
307697809 -191841634 910616 235121
-257122784 111656355 473140 800444
-300631796 -60084332 889079 372067
-75243169 -363772093 28249 985790
230131159 496086587 842541 176798
-405552578 220794794 583430 975815
-252195113 -448863767 683766 251403
135111412 53090986 74866 795396
-53971291 -461489219 467409 271085
228995979 -487839630 797213 213387
28196734 431346849 416029 964559
-389455485 -372693501 121092 305089
-384984161 209853207 450665 653184
453213481 -257498524 161756 174074
483140984 184812998 811108 28816
-349788135 -279221878 645784 287515
470570770 -178549428 646160 178104
407478441 33743110 548156 958408
340473032 -25189689 811782 326060
-249226191 -276321037 921876 517280
384262862 -227369167 452521 190449
-453807834 257780725 626795 565788
283556076 341819050 66687 867653
343837362 -40843141 223440 103505
135967931 480654270 400047 84640
100660461 -208128515 475797 509482
296302565 489258147 277379 49205
-264894171 -450548672 734602 733424
114188904 208124025 676007 402351
164917270 -84327793 138630 653764
434761427 129122442 552103 758966
105943809 80418653 340129 745801
-441555063 87789939 687594 546076
224415160 278426859 845020 415673
499944148 -298986401 403876 249444
-68905955 455765255 403877 683882
-425050700 -123147685 75961 827859
-257543129 226387409 676678 457460
138527898 -143812928 47544 90400
-244391533 379604069 196512 687934
177001569 -293373950 127401 954166
27679530 -338027740 680370 319110
-167106672 -13556226 950029 828017
150719488 -20460047 510996 716566
-214594153 -483643859 402338 262686
-495839056 -34615183 728053 831439
148737038 -16294930 637470 672254
15299747 -299309494 641826 245153
-275878405 -151792960 217329 945090
-137829048 146768228 137152 702672
311112970 298711684 918789 567696
-418371750 324702762 638543 631664
291967700 -152141377 723775 475452
246717471 -351450166 514726 725482
17451989 482562748 187471 528998
177889904 -461431174 677301 996746
-322455217 380422294 107396 56390
-457183858 -315065703 245340 660855
53795861 388565470 981957 218851
-456739094 46343677 896034 245557
123128930 -164562959 417705 192576
290674093 420581703 714484 186138
-138052825 -4514152 483664 475325
-364636674 -333428868 871746 509589
-188334163 -245303427 849239 507720
-472860397 -299250643 446537 561559
-67021009 380212820 719115 292956
-476295302 47097921 310834 974131
257550817 78262593 459584 425462
-377313698 302102574 291661 268576
125258802 166893854 870036 723859
83049665 -382523843 706263 252148
-77103606 62367669 415984 1140
-490590519 468328681 991371 999490
-203969849 -490799973 655381 965697
19947448 255174864 299570 138904
349054223 -46301939 48161 52570
-200857783 339535410 43878 353958
-224208811 168237655 498364 964178
-165936512 -227076562 692677 317110
395412406 450312051 796400 959157
124380100 70934481 326605 508347
-285212789 297521085 372523 691031
302866178 -353741115 752037 765427
158941390 -194996702 103951 815742
-301677190 -140007312 694140 997994
81194579 -71988103 906409 432145
349238755 270041901 304009 831282
-80101368 400683694 887085 427546
-383731281 -174669176 965711 731166
459872818 -480526082 819388 642245
191521356 418072447 690397 359234
225645749 -484620232 932576 701662
-90317729 407756483 408008 368116
-206671364 -85016884 60502 212297
-259595020 -62107793 486606 762826
-176695553 4649695 492862 369315
-271139607 -218494527 210025 695968
436713285 19580960 793738 275970
-245689883 -84949775 827746 963351
69388389 181643841 295696 361717
102515709 -143872361 490450 936650
162339166 -237024571 717507 486410
245701359 9787562 302031 703211
-40991940 -246211771 292399 188856
-33767 218554686 215013 888984
242835339 481185653 675899 81305
25413173 28485957 664368 578855
394937933 315553682 398419 423033
-108316549 393212897 804497 663491
304614886 210740720 584123 710575
-328408085 259979255 946324 313195
-216053367 246107651 660376 560121
87469554 473179693 442750 325188
423700036 -308521118 611350 477017
273117252 -310492683 867840 514966
-472167110 7098299 980444 286604
478002520 309887025 286088 804332
-139350587 -150283587 900278 54494
79318852 -257860121 419121 721351
-402628708 494464458 143277 564873
174571091 37223148 450563 677931
226425676 -55786148 10982 276751
-56047183 366249117 714867 493162
409625795 -420954746 246027 36778
-5643529 -178176583 163137 234372
358260538 241628350 210927 899225
-387540394 -16345413 86947 389444
-279056788 79445714 525943 200451
-168153321 266433917 992575 486359
-360031700 -418702759 498425 872208
391620732 342834090 693907 514294
178727184 219077665 180857 777527
250109457 396930290 295274 438155
-387060005 141367016 562727 156818
205205433 -312595822 840950 381529
-457625789 265570715 369491 32060
274018641 -64145997 820261 592540
486601146 -198156810 58354 989168
432216387 285568234 66933 197710
-123051115 -226999817 237013 594019
193959686 -295171605 512721 49504
-247295344 -281242524 805879 942917
98904912 -356323516 373106 226272
-429557395 -93513147 770416 532150
295893566 344780379 259708 140107
-193305859 -425184707 829131 483137
329036197 128728593 190251 411676
414515 193477569 651391 873341
-299773647 479131872 628778 677824
379590002 428368773 257150 799304
-408544237 -183298384 267463 547529
-219029277 454095683 696187 511828
425349663 -208685407 545743 517248
83421526 110891746 982758 691383
-21485461 302173360 137636 658906
-316416327 428042945 994657 997266
86830161 -483591951 549242 612404
137634142 253429499 49921 82512
437992362 205243091 707604 539031
-24273351 480220324 566923 839910
-267348205 351741537 368267 578867
450950944 -341692662 980280 445523
38476843 -300328067 706759 323237
-161528055 83524342 950065 426975
-28390957 330852645 118019 888243
-55247794 60838379 402514 233757
370946156 25472688 905292 973836
-9003285 -248333981 481066 957994
-275721700 -229547249 161794 172554
-385486658 124273687 845241 607533
6156553 7542286 729366 119665
1426374 274510133 454769 531095
259381147 339441481 957039 890662
-116508759 230676661 473442 711807
-85869862 45179890 708444 10399
-444215978 200470556 210900 141086
-128671809 -255839047 900793 270807
-407640996 87267182 236922 720809
-373539338 236603605 859442 921495
22915665 107766886 531887 138959
40395154 -451333987 477576 996555
400125934 -487754861 147524 823077
230350476 402567354 316725 180754
-1317290 -342825989 428678 120181
323400627 -388962805 292270 83934
293480685 -412949588 730697 255114
-319449764 -209594084 489888 47446
364148890 -273753201 301795 684641
-72982991 -410438505 348002 278275
44068326 -31508064 949924 103582
153503388 -475804782 195304 122252
99866599 399978137 705846 548088
-44908498 226555393 662624 137481
241537404 -332202185 826596 909308
-186624398 482601601 792334 485636
-92104466 -313958280 211169 146172
-134884606 -268684875 921934 949241
-342610196 -65715608 959223 796253
342105260 313504464 977339 865053
147689122 -220601147 981471 357661
469877189 -19322765 702938 607159
442989089 -354580164 602522 752608
182037295 446335548 981327 554052
216264735 405230429 44695 59267
-328131127 167547709 560561 577426
464631218 205139259 589112 998902
267540344 -373090046 843880 767651
83881141 291820096 544309 438051
-216407623 -432571709 638474 548173
-480590823 499987289 501754 468707
-251177318 208333011 17652 394135
-54393507 -298848500 361910 267845
154317098 -360125589 475816 949760
-162968226 247859589 277590 947336
31939188 -442960929 900168 754135
-195258583 -374683439 213312 36698
-449170865 309397381 10320 687165
444643120 -381313761 951893 186207
-140113763 237043191 323603 150565
-64766207 -449332370 166890 436168
346641742 -46294910 18068 275991
-301517397 -381077344 651138 450628
-300046233 62952551 557857 882606
5474299 -34244323 492049 40418
-10391068 -323658251 909365 731664
172615045 -360177944 969079 311454
-189714634 84475403 523058 886106
172288513 58239997 812170 571709
-380905166 244877524 875151 876140
-423660437 416928997 294757 430613
5932102 270314613 338187 963515
483031025 -343454032 795388 229276
-452091142 147660506 970958 102560
19048002 197387100 31787 983283
-57469935 400274287 775353 801155
-370388669 -310839964 915803 604632
454223775 -132845683 224273 636939
165092168 -118891061 61243 389604
-327548596 344497589 611515 114260
478876506 158899554 974455 482891
-291512176 -302413612 617981 382327
-428264077 -476450815 669890 975835
45601528 -472817793 114435 161735
-432069953 -50338228 452089 977824
-228920010 77797270 519888 187229
457735788 -463837492 738985 299958
132160930 203460567 979099 544668
289494263 -291710524 144828 258585
87273922 198380511 134013 599579
-37655929 241104129 466630 126550
378459035 -221238879 248950 394292
-121280587 -407691217 97527 988482
453526917 -305967856 402732 521531
-473118850 141560375 227591 144495
346621021 -144301833 421072 436322
153526236 294229887 105177 61379
-340690130 93055075 832028 851552
437467900 -59108485 221158 667560
168580070 214350697 388496 905466
-479979801 -56101852 777024 76002
420141882 -375707478 316150 115109
17134671 -145563064 253559 383093
345133810 -340493671 576809 749857
-217607734 134293344 826230 982251
-31800713 -257748818 511073 811872
-344027485 -129717621 735402 74081
-255621547 147731069 598572 819641
302942418 -148649686 138198 503565
-109831120 107253269 119684 464625
-186479240 -491831932 370297 431063
326075767 -115611006 325371 179490
107084833 450418944 107787 350361
215986851 -485993961 893312 779127
456011268 235492457 577215 506078
271116406 -184691547 40985 101996
-478678209 -473905111 887425 981094
25131839 238335425 841640 744146
106727965 412461197 492535 728737
-264662510 -327612671 83049 393928
215296082 -297306617 468226 581167
-217163246 264231487 242223 87426
336654906 480033638 209787 141286
-477412951 189511124 959596 697734
-179186657 -437665249 660216 531083
-322991668 379856605 365223 895914
497200263 -471899643 801367 989498
-458075270 -302909692 588311 419920
-189711849 -95427475 326963 902906
301823241 -321112255 199304 265468
365670310 187596209 521596 578465
439998575 116772982 891531 448744
334415282 406420429 878143 327179
-228242353 -426773486 215358 413997
9043607 143667704 960253 766303
-367054000 -275695517 737042 531790
136674517 437219298 631592 134477
-120661926 -182071860 237644 85563
-326352562 -172462346 163364 721937
-280701735 446794766 931902 135306
79523716 71188887 771462 141551
-402819848 -111199871 122322 335614
166690783 -360204188 994136 24822
-413786137 376279641 72895 956290
-335650843 -66405003 521810 331072
362721814 297147363 841745 967532
-22308736 -426247267 128354 964461
153203063 471013348 896508 108220
10750376 245640740 723053 934848
299408197 -188425624 632220 634373
317383068 148957034 71797 791845
250495098 170589407 906911 382124
-10774535 -449738635 587590 273633
352492954 -251328549 868355 980386
269864187 203333113 608235 873133
376122421 316185409 219057 88315
474445268 -225894115 705720 848198
-9204621 -309288312 424378 269420
294605812 179532729 314638 135212
366063706 -464371463 70553 274252
-466731453 -390070894 973981 274501
24628208 -401631500 698199 2020
-380046928 -440714019 323500 54362
363888604 20212965 852977 820663
44585284 -87525583 195361 24308
471357066 489807990 288386 364873
493428468 94753823 954189 393489
363133347 -431297686 85799 94521
338753692 357983407 824504 822291
415923827 275006657 666794 146826
20059286 217645677 47232 58992
55964723 15210015 298384 686452
69701063 339914660 475935 136559
-207966907 434051414 578205 601312
484515748 -246792282 612200 185844
-358295690 401480543 661462 152190
-105374906 -111825867 117768 307491
263293385 -325005843 918210 864965
-27042743 -186690070 436111 929991
-245403818 336089460 321734 163010
482113853 -71625957 13901 496521
79749048 -5688192 620896 472315
377609668 -292348739 928689 426825
-219621006 257537321 184581 964498
-434080659 -279697267 323042 98675
-357100043 470678844 232846 887018
-243872845 -370453099 653737 254054
-258761666 -288971658 92256 66468
2487105 -369728226 71147 34209
477446731 475470132 276767 530922
-310939597 63108833 397360 920655
85651750 494995736 928903 127606
363967739 -484785014 963810 52932
225996079 63768468 665733 955161
-348524983 268205283 745690 393564
402135883 194981414 41197 296167
-177062896 -351283559 238454 916999
91844388 -288543525 964108 783648
-297135808 17983453 329959 366638
94039136 -203099401 537424 403046
-81819372 101089766 99515 598272
303535374 -376580528 956348 310847
87425301 27526395 305562 713690
-326887096 -152818353 994952 68304
113006438 314960434 898555 326179
47184798 342496120 694353 783887
375069826 325775334 599245 911463
-87675935 464483455 10639 970646
29108408 316157572 704976 387867
280911499 366093026 242907 53566
-197338410 -329081132 640861 470095
-352111202 198269604 417595 261388
412187958 147350707 122859 972662
249171630 297826966 286190 805697
-428956967 -450981285 890222 166692
111262202 -462326295 510255 285969
15102475 -83201403 48693 390399
299036585 -348845967 626291 301282
-215556705 172368047 727339 863420
-172092147 -253413661 181991 780173
-257797580 1568086 364690 295334
21434337 -220170473 800115 351644
192802676 475537467 74375 152087
171469196 -341563834 294843 420938
-418730174 126993148 539295 445197
-92811815 -40627067 127114 879439
36662677 -265910064 195751 718759
-297304978 -214686303 815687 323564
-211853582 -361789754 800694 622641
-310982761 234165419 586452 782601
252912503 270840525 377274 825221
-274999932 34209281 681920 430030
-407585063 -232532129 178456 531300
45078059 59749321 441047 887731
-433598882 -348081125 513876 76239
-82043852 -462412303 417769 688525
211390240 -486593777 485911 246717
-117112519 156701041 311942 640839
-365319606 332771824 9641 678433
328195078 -121602162 735680 972458
6498649 308731230 746999 78182
162104025 454201107 125228 538519
240771163 61802019 602702 528372
259765666 -4638825 614880 969800
423621171 273415282 197789 386602
-354769733 -174827851 844821 815891
49810217 283739254 251939 294803
-55883413 301079430 452523 911808
-5237487 -196659187 452979 848211
-348632806 -50899664 73876 498833
212844791 277952872 686270 129033
-397683632 134668146 108207 886755
-394372307 -150426804 290301 519678
246701256 138594117 93909 715118
-192787962 140378591 820781 986253
-112761863 -336317149 819665 703980
319742592 -107794017 813083 37972
-28606710 -333508354 897217 379191
-256864393 356115010 231881 767928
463686431 -169943648 599319 666708
346897899 -324847625 580967 104683
-256326751 357086703 286485 801135
487820094 463479384 474664 188861
76517930 -371194672 149409 882292
304887734 -470113998 661213 498988
320945841 263657642 368049 631509
-158415993 -372383975 142000 856869
124970553 -420880580 533186 394757
-218468553 -166017755 783141 880279
-405276830 -408883647 333017 175964
-147894930 204557682 281874 974980
298055012 -212075126 359848 832554
351666986 52328458 968174 630822
181004714 377467398 101683 306431
-306881244 343819028 355262 209545
330510531 -260160965 164510 824985
-199626440 223165881 605663 158076
257807155 98304380 251065 871702
245841216 129254126 662958 44333
-442268822 -115129622 846584 66865
1667322 -399725222 65634 232300
-60412323 -468212111 185587 985223
135798051 155937666 676868 500406
272635428 -242322053 439987 761729
-331010627 315833602 584624 895792
-120830408 164334123 876789 415059
-308409271 152602067 740178 463403
-312533579 414114460 370726 191608
-244723186 -78289019 617962 161568
266858393 -189569500 520231 126393
-427398064 214407811 750152 410611
-464796414 -222132471 400997 568921
-481491117 -94160690 630834 144885
-464547464 -459710319 502552 104499
-384850475 -223765004 862613 385617
118895953 311744694 703158 537835
421169984 9243132 521631 226657
54151262 311306413 67343 704428
-181991925 185935861 374788 269853
-465523868 -387062728 659503 413633
166804927 461392181 725708 681336
240438485 -152509096 115488 10441
330910234 -90836579 315681 189344
263426862 -391566285 292645 417452
182424885 229357903 296377 326368
162168257 215496334 617557 626
151337418 -289271388 135691 327728
241900259 349688669 268679 189873
445084961 327865661 599236 871884
-421627214 476411264 218056 284474
-172103801 -182030569 322578 188129
-218234612 -419954880 367599 140159
317051410 -481524031 886572 25391
-480662834 -14314816 629286 838043
164647163 360001346 288957 240575
-340683238 -281588826 38357 998491
-419975587 251437920 668963 800147
285574737 -459338050 936221 935147
462900175 19708068 735991 411803
429115178 220256139 7563 435278
-229261432 675683 934490 664150
334052740 -423041692 518843 892042
-182835816 424655672 451064 561317
167941847 222041946 575213 942383
-138148079 -869983 726992 20230
487391290 -294444050 559067 360939
491731410 417854144 706807 792717
-11341040 113946396 253044 99899
219495850 -349683871 114548 898309
323845931 -5767986 613594 516916
-12138976 85064475 766213 256429
119950789 -30275139 416244 282254
176467523 -22448434 140127 907017
-441507787 -92675571 253544 986025
428228963 -37137544 202863 86466
-41051734 -246749307 709764 844794
-455383049 207198968 442040 527021
-340441230 475691619 305676 303233
278943415 -222264000 427403 785224
194401599 -305298268 243956 545675
229879005 -240069727 331791 640057
-352924315 238092603 838496 733868
426259559 278409220 671929 761172
-254593767 324284247 132842 62082
218380370 278332051 681235 324916
-432616033 -312264421 803255 474465
-110856456 481784826 511965 440173
-13944458 41783280 282749 394132
267614622 173561816 696833 953633
399010873 154060567 21777 585456
-15823634 -438381778 754554 783566
-51123587 393028720 428026 917500
-115681130 358010317 422442 137235
-203448492 -310345268 775880 670401
-362521511 63048855 453152 683761
-6586490 -325552848 53783 130697
160536919 293115842 708756 48525
-148025126 401615114 584609 997131
-76254444 316151526 892395 94221
12710554 -355085549 832535 143942
353459751 -373506779 596980 920727
-422520862 -27546246 461814 281959
84083205 285849967 238506 11063
297120077 -171748768 182754 577039
116994213 -263949109 788915 515989
101193359 284528285 367405 580271
291397201 306428436 561176 956782
34337219 -46605115 716368 206631
252976570 -491958407 923619 312014
449038771 351920737 477484 492673
305994381 302593479 177686 9602
-126396847 -227721941 383428 992663
428732450 -344938992 745035 568552
288625343 -26556181 445104 502388
-320371604 -76184193 123888 571401
203257422 -34296227 952588 615251
401099086 -313087255 142096 504178
3322666 -449880570 42160 902774
-353236315 77171041 694797 939066
-445518505 143051094 867098 764032
-463851644 294051916 865362 135053
16145385 331763552 989620 251868
258085561 -437956490 940678 928100
7701696 501002 486326 559981
124821104 -450766480 89530 805927
427082122 97511991 568136 420759
113411942 147632039 69167 965868
-281414177 66027882 655889 447920
-374439715 267391047 135421 957658
406674953 171186604 178688 215142
-293651074 201423832 275049 519450
-85376524 46494592 917273 150398
387360973 22861221 217409 664843
-159136005 -232683682 909208 113783
48319044 -223503134 351567 363256
-233979170 -166360962 965931 240291
31676815 -171888775 939309 298070
-94385309 -371856485 805155 182823
-126297972 172776531 111833 948290
-225626967 69203100 197902 974887
271733951 28872873 838941 326416
371620193 243466959 110563 311592
95129113 88328464 428855 671530
-349927934 175551301 887064 470551
-35420813 418813927 878821 599955
-241100586 -155436678 190277 75933
-483673450 310030486 383974 286249
194800182 78286995 396003 356764
156426879 -213989168 831103 836899
-157494574 -403720032 202702 504625
456396187 138313682 962995 421459
389346790 -481496100 557572 592625
-441517045 26906531 76682 426915
-89203323 414154218 955364 653421
-125719583 160954452 279691 34521
-293872430 480716055 442735 293936
283679585 -346651392 302996 903298
205231516 -211561463 775997 365186
305233482 24602423 613134 304603
-139129637 -478669128 47443 723433
-104643805 -293071873 912858 238903
-171772769 -52829724 409451 489523
-10977150 194554600 348964 404032
181738590 -97378507 78634 815341
-404275452 -87684491 52341 486713
330834809 -67896865 933518 635437
291316009 419387758 64291 164151
444498203 274062285 148826 723500
374423498 228931243 101902 887341
-410747224 365892939 494549 424934
481935455 -492908221 306780 165629
10472860 233906376 780402 354524
-267875539 126348262 898114 673967
167630341 206724139 99658 937219
137200354 46033422 607361 769279
472903993 -422400015 458508 526378
-351843415 -23236835 216958 36339
-305452035 174047141 700383 67360
217737730 -179624762 715049 577342
486656714 -124863127 438236 226354
230623388 -251932475 471614 852845
-437188741 29896993 122226 694654
71132753 57595575 662196 635905
-319879495 231065268 773359 659061
-203696282 466535516 515067 164588
301929779 493652043 601910 983259
-196212537 -205411882 495166 348497
-387374364 -119934320 509576 968069
110693865 -471219809 119816 726099
-409321744 -108751172 844633 62138
369372728 -88213569 696471 500108
-119354407 417175304 229457 344441
-296739442 -119228043 326457 702440
431591676 199065208 52088 585311
-470997036 102970266 647564 754892
-434730252 -409266967 331758 904977
1517032 305561048 495587 923260
-399314025 180572173 894456 234296
472333060 -161549085 236548 604462
27931776 219944403 888790 117379
428396767 -94011056 589724 663868
33903993 -218149572 140573 730179
-1970338 -447763150 180607 167799
215613350 -7520912 491297 682222
-444157723 -244374945 197160 720968
-458130751 -401412521 503281 153360
495087222 301865687 823602 129803
437776363 197215831 652852 208740
-106798048 -431128051 718099 415718
-271318701 -310626662 679195 434209
258621518 -89738612 516962 497470
192675914 464193788 536450 522163
-325226920 -277364944 409553 333514
-475118277 -114219651 637882 892665
-384711304 -204574232 494065 898421
310139190 -430482209 87434 400972
120467509 258904401 318528 529242
-424989393 26486052 565972 749850
197570825 -457242253 805169 946761
-237136520 267132225 969589 221106
342349202 210157530 575882 715443
487207240 128461533 481036 417895
197789686 -97151901 159065 558296
-390539309 149166599 488377 651213
483039435 -421255103 405375 967451
-75465553 240789940 406987 308035
-160876917 -138769644 588458 993640
12786968 -171645518 715480 563499
437049416 -367120218 237029 231397
307509759 376321688 930420 154944
-256763422 -231158741 897696 497074
484439302 69997881 898840 321293
72759679 -51790419 412459 79236
423823590 -159798909 725857 831308
266636396 145010177 526370 65979
-452444497 399481709 823333 230007
107587555 -107722001 464935 514660
-329033570 -358626155 882760 791351
-428247745 -399300751 640642 196714
-498477572 303341021 357958 363592
-352491041 204480884 740136 909790
-491465305 313744182 123254 424492
-281677771 460617595 295404 488478
482846432 243949252 617873 744078
50505463 230222690 753686 49682
-336998408 458231637 248242 702107
138951647 100161992 197805 971073
-72900978 62444600 813645 160669
-466304628 -254536613 716507 827279
46115461 -105705111 31561 715889
276085296 -62527301 209463 506506
-123600259 495151018 376493 748160
-172877478 -95799914 259572 461739
170605089 -280018942 95825 565508
117594017 292785373 356831 575868
374443207 427866844 550792 941417
48133096 75811842 904159 605595
-307045714 -261503935 888285 566221
469704862 -404025798 191543 246007
166704194 78086689 278040 157696
-310052617 -172767556 26304 645073
-370704555 484672650 896697 938053
-175353802 20866304 191857 332860
-294520219 126842296 377103 656230
381379841 304270104 840094 875932
72122209 -111020724 340868 608410
-119126661 355237088 150316 642248
-150772007 132510371 57469 677617
461889068 -481863029 435441 124071
44077932 327205925 900163 215124
-284210154 -476446538 121287 711839
-410103404 -135573773 804755 498423
63012795 33588826 761755 352255
265042286 199393324 773915 724694
77236231 308367660 136066 605047
-123341277 226388089 392696 690379
-332667095 446551436 200714 264717
209730475 -36172798 928621 470148
56134468 -52994914 252582 50738
487597901 -346407815 318929 794966
-190124231 337023318 403982 51339
153226894 67317012 897801 261006
-288643455 466837564 884259 498460
-140946644 303238074 880450 981242
455050350 215088553 529202 223374
-254263713 222673735 579446 833387
-123977362 -7818744 818031 234474
-251171814 122966470 973096 74483
177649225 70293525 108220 755355
-66944440 -270238027 522916 787624
139271008 -201007327 505121 849711
-182037999 -132888764 648002 557790
431577070 57019211 783379 462358
395247892 -56420203 897378 184176
109903303 67132654 264353 191022
82900989 94071854 578360 609887
-268516069 73303740 796548 940975
361102657 322599325 243730 301050
-451791523 -149421806 462440 966939
-69679460 -253280451 810743 864289
-164668601 -463345505 874802 609446
-114678856 -91207962 376354 97304
201335482 -7764454 490120 505677
228595588 -353420889 296980 312574
-53795928 105660208 118370 677365
-39028928 -417165781 867842 807745
-130166602 -19951529 755312 968558
-198470513 -209898361 915284 129694
255406197 -143111194 147549 561945
-261466401 129137499 862006 777083
383587679 321486599 446952 883980
102368135 -445566485 258572 492589
54833785 -468503641 394539 579629
-458833142 258929757 864948 712891
227997843 -107251532 641113 729974
212770900 136551417 334726 253921
74065284 119223903 235262 536242
94592505 -303443373 229641 943025
464737371 -444913149 429438 835835
191426347 -31614702 748933 579420
28558441 56064327 774530 15822
104205010 28517261 456055 223832
-417591861 -258865838 944674 243586
411388040 438444411 415688 241800
173354783 -69791120 223002 39299
-433447608 -58589360 752003 477799
494924979 -390341562 651473 58341
48048390 193259507 637181 53169
-982158 22592523 39960 274078
234976753 146616060 846292 54628
59649566 243275464 2413 628612
98567600 283891956 106418 268290
-103918956 -467339368 435764 612945
283028647 359296407 772106 413901
88254221 -450147863 682941 998818
-339389647 123677716 213783 593802
-140027559 -472778822 642179 756979
-62404380 -147362997 572065 411582
371940387 321965530 925353 551780
-387204142 142150456 205811 639027
78743599 263430715 366454 667333
123048288 471798962 132772 907757
234733044 28317453 412031 150073
451304581 250667594 109299 536857
-262513931 -72028944 276929 336319
5115727 330798153 218801 546127
-12576567 263891905 286478 724110
-256165634 -415321077 881976 683111
-371732330 319621107 690096 944581
289309244 -486549749 719826 911468
-399665778 -132480572 605924 186175
-191878760 -160979440 628204 710053
116494267 491917333 495338 99864
499561702 214255555 893710 186323
-88111051 -226709337 28616 899253
171102645 476279014 446230 937866
41589384 400137888 42382 117144
74531542 -453773305 637910 817243
-348944139 231813975 438154 257270
262108419 -77212553 118722 92771
23044197 -82418172 699758 680744
415298378 -380335969 960728 112844
-190471496 -7726796 135810 233645
-449143503 88160599 19931 451697
-416990207 -306103350 282909 478741
20110119 -451508347 123297 176991
-451483030 -108325585 455164 670536
436072521 298458510 789660 713141
-458408516 -330091322 411477 752660
-346349913 -209318894 936374 414376
440363974 -89536734 83643 539265
-255493063 -131299606 516892 523863
-264322578 15502329 375893 992113
-337490264 134558137 154093 305463
-458120296 188381953 887523 502932
349678740 -4844089 603447 164406
-91956490 -497449997 98130 782450
469549588 311987022 406610 742533
78937943 -295645543 971190 1398
437677050 -399920350 146775 13794
137478928 -380980311 502164 893803
225916116 107963422 571351 127244
479408998 -425084820 604255 47893
58530897 232488198 636856 461371
31506290 457055684 893762 794737
-113060472 -11616618 74839 582489
253886322 476152997 296586 531886
366998153 112870049 45135 119914
-328612198 372471861 829450 586632
-405085826 197775004 376370 354404
-180641192 280308813 385378 411134
490133611 409737682 948668 379229
56132023 -141916103 168016 763885
381449629 -49533230 874063 428277
195072622 85934533 728641 400827
-52347478 439562756 481943 36176
-277016608 -55030016 361813 788709
363860025 124932912 42240 813232
-385728269 -345006573 396633 764508
235738832 82831356 104147 637228
306544813 -76725372 200346 263411
378407515 90319292 915285 131226
-326422903 209996722 701768 802548
303581094 387880979 906442 4592
-414972182 131610972 604967 446419
-307485306 225411566 532053 522952
8800043 372072612 695916 837183
-281381507 329300772 40465 788020
123815585 277318872 910952 286213
78629223 132715434 516491 565161
230824511 -490702780 283866 644325
114746371 -57068884 456315 581736
460487794 -317070902 782075 488451
-240017966 455947671 746107 598004
254225534 -1562873 815594 46376
258293590 -449936574 897307 711701
124333324 234426624 442215 918013
266965061 -23809591 873170 521019
-322706548 276475903 418451 604417
-298193630 408213278 633207 174014
-204034361 333566158 991512 351691
-4805697 -353348231 744619 151672
28298101 336503890 536727 59179
441606997 124736438 64053 681937
-374321134 380808622 161959 59695
205106068 -262426991 304274 330134
408402813 -87642169 788921 628277
46197847 -162851672 380727 514184
-109894820 386694018 110041 922415
144582369 368910522 578709 678169
32694111 -389255671 886059 748191
311766303 30436840 979863 434349
298945154 -185439993 989488 37467
-434900758 -23736330 582561 905242
-454882743 -407095065 922689 298569
-257091772 -408075894 796304 926695
-308472317 345942808 400400 97315
-460468329 -277726612 155325 44112
-221889015 -291928854 285684 202876
-298527292 371725115 168447 486718
-127796557 -417271303 223897 970608
76832863 392962006 770836 109583
52653123 429989056 281566 936235
-342438380 257992797 340273 147572
-149371759 313440492 982681 926005
-192818762 -323034273 187495 963708
21730026 -489539281 343903 962673
-81279946 -115468405 181115 132119
-313135976 294622126 123544 310577
-134884345 -460843959 95425 94273
-355137275 474072096 691543 809900
-179046438 364672433 970777 564921
-164041358 261022222 576022 565880
-17090603 101057740 945516 47167
-23276994 -45358316 942395 187088
-78922021 497087958 773676 705366
267118624 -67623138 309208 78158
-494134328 192082559 150870 11715
-338074262 -389321557 688036 425009
-5434188 -330573585 388299 624647
181142595 -316938089 447726 285915
56906252 -85041353 919611 917800
301927108 390885503 442533 393862
-165457004 -427194075 897390 918626
435513882 -201311507 396408 400448
467053740 -375950591 590503 845753
-361315489 26226934 848701 794154
119773198 267204513 77806 7640
-215027590 -156492909 46159 494589
-193826165 -125744846 728620 499827
-353836875 325550197 780024 151484
-153381258 195682014 959660 204412
361464649 258780791 478643 992611
-43643682 434207061 540427 833116
175020277 329515901 724538 434280
-352717801 -172235599 883268 401796
156362970 166062955 767729 406367
-165233927 -496056715 481926 990162
115371093 78685442 541792 22967
-255159497 -428957593 431253 247793
-435926334 308055780 58059 802326
-455842180 -393252789 100936 369541
488059092 -391600390 69372 660768
-273941379 -46865963 158167 496118
186915612 7759123 992998 423323
-331379965 -219287593 21801 526146
360243278 427539317 656683 638075
-448532277 337837577 343800 50077
-129895289 -336429243 414971 858592
-452167951 22668617 775225 311303
-96878931 -282114133 25124 448442
403178488 106653846 989 899570
45471155 453758990 297161 953741
224008974 190400849 491407 967425
-367901230 407757913 151531 384557
-254126774 -392662657 56242 927435
192231887 -140382407 28706 396162
-213602065 282604548 198501 93528
190953530 160232541 920867 854213
-10196824 -220104472 371776 741282
-72342860 275479160 968064 564109
-278878699 458132309 49412 684275
-79909684 -77236655 949722 590297
-136454286 -78533617 814643 59595
21964446 146255719 542394 738013
284997852 -209856159 351597 989813
104321163 -364082428 73219 461362
397841236 47357004 783862 416553
-461009081 2863673 750768 789771
-353285741 328862212 415446 917474
12889314 -52494483 166059 366458
197663791 -386346206 450844 853126
408345237 63751620 693750 29494
282915110 203809338 65430 607860
167957884 -471811976 567637 548079
312563251 -362822777 259408 770123
-171872260 -130475987 214610 908957
-437813807 -81593797 576846 732610
-14914493 348727923 992839 25500
-371893265 81883411 969938 370859
400444175 141624066 124083 300547
157164076 409195414 57957 871087
-213565967 -328076032 813046 21155
-347008484 -17654443 672782 315030
120716685 314540089 765968 326404
9810305 -202462934 996056 597054
395663832 -63473884 260076 951315
482461306 423164303 569057 400089
17335064 485786679 990518 67269
54827217 -327484531 772857 309955
143095122 -291960379 283645 989041
-450091833 -399718552 914589 316120
353511830 -280365466 756843 600433
-105097735 39589301 845651 464349
-443325638 -413334787 233207 827949
378969261 479027402 619018 541003
-285210471 -350847250 632227 59156
-467937408 200361509 229058 278133
-354271972 -336183085 998954 675149
400459199 -161963076 483224 573939
203209692 -147817649 304160 32479
-431041307 94804369 907451 868663
401912275 441570667 801088 149747
375306541 428429416 103243 991306
-403671206 -47733402 281031 449524
36287388 243333253 710126 322166
179968046 -475140549 883451 151547
192177142 -199679099 806772 111902
-11742233 -266496200 792973 643077
-224692745 -123216266 700731 426151
322994103 -368043972 948311 678957
7773353 164352424 193527 310363
-358402828 259844414 241692 117298
401344181 435855841 466349 747400
-347567235 364198687 387303 935501
326458510 -361946657 429746 956470
443647497 9193564 902735 411457
-322752338 -290664003 808557 348070
-30686785 323934035 492571 658588
-66228988 -444426898 995352 849284
280084533 364535999 342400 357311
-270499290 219797290 926219 588862
334594355 -120020334 321497 359037
113672332 369393107 919402 332126
458164160 158863603 588474 617538
444357088 -44669505 383607 130324
355130967 201232447 490126 381815
351180592 -180521396 531403 680558
322664824 -143565154 768054 813516
381426406 289379723 881679 128155
167543182 -336952474 940254 279240
-380760188 181177969 200360 31726
-109665639 424993407 975678 950717
-493294015 264244779 334767 573446
-24463979 -370256466 936733 615079
-215511693 -57203871 548525 887566
-248144189 104858576 470872 945899
-182676267 367363447 969503 728438
369027558 -446197220 619803 563610
264115650 43304904 378290 813053
-128196477 -22076573 429286 88941
-50931337 -79986965 18055 380840
473842719 342189905 99785 639815
425265492 -345095184 64688 838793
-152420731 474707371 842983 954616
-330448101 -191325279 354609 652922
468317693 -446393457 306231 656695
-187168977 174581187 437759 776993
-92645483 464238265 814717 620964
342973654 163575892 356100 476972
283949916 -443468614 46933 839438
480680567 183809740 915672 827860
-291965791 357297729 521000 440104
497050588 -376299682 967049 975771
-373933000 -73961388 56117 165587
115540593 -347153866 722131 277903
-302610764 -221571179 666313 117336
72086402 101845177 237480 374023
52129966 -303552129 191494 773101
456660096 433101002 663594 93346
244219132 -413932633 416031 706413
-171222212 -449498111 499627 610509
367713018 -358328579 621466 632802
133963818 157580531 558003 304763
129793732 146963722 306828 855101
420996767 -366830993 70329 535084
446484345 -136011982 198304 585305
289305363 76701373 114152 924200
185399161 -231674895 896656 199805
209046880 465550558 419356 994563
-274740569 51949087 469609 360600
-380279552 253397969 29794 901913
-174308696 152489006 427595 83333
-99401902 -134617655 138043 8272
309552930 -90627736 167591 775047
133549524 -331754119 784024 540378
-188739587 113881395 619967 425675
-338682262 -111311030 233695 177266
-330851931 74771534 115560 498474
216973718 225039009 960932 39708
473917253 86746643 351178 572517
-14913252 -248468570 949581 535350
-271090264 195705960 318804 896702
-201254741 327079297 726703 111435
3922047 148840601 851512 405965
314028117 113009182 410521 495371
-379327857 -199808199 974270 389496
-169853570 -243719218 783757 411602
349012485 241835707 414366 940452
70184092 -61144147 438410 862197
43388017 182067870 746716 804241
499998377 258287855 135397 429489
-185561148 54011933 198828 599241
-470286562 189755427 273665 815087
306582673 -428700820 144626 548515
389644344 26928244 315415 958079
-150192049 351163642 835400 368316
166543158 -147504146 377950 91029
-67520337 -134146057 324030 133913
93632400 188004388 982514 487964
254427436 -417070724 481754 742754
374058737 -37299805 532746 955136
-284742385 -304622267 38287 318231
116064023 -25204308 748320 928638
-282446802 5911266 575934 958702
152289872 -199769001 276534 581274
16645541 -254059490 318075 136242
-239863745 114591849 55515 971122
-407073677 63905925 294428 310790
-279256497 -4538308 618998 766846
-481050832 -376368948 522451 495529
108631722 -200955935 987596 187670
219713886 121713907 128151 667834
-365598736 421984439 721150 472864
54190271 -484129839 859921 971732
-321314502 399103563 572106 274989
-416434889 55759081 172469 185839
266618867 -135324261 194876 692433
-99140441 116855052 400782 919322
116920515 275239768 712620 952421
-284998711 423818202 267216 15043
-51855671 -196784094 669050 172287
-497246714 168881367 928508 944673
150820560 -197833648 103163 257177
79484309 274825773 566265 191133
-374553435 51511268 682613 450557
24542750 -355833853 765839 747853
27149211 280515318 288524 669829
-357628150 75127412 875254 419576
-480995173 284713868 766305 327215
-152005675 -418813624 805064 899042
217772995 153986043 457557 625938
90969163 -236804308 259455 907333
-298329442 -347385825 597710 350815
25510091 181935356 734330 682074
494875247 26156703 500337 914082
-407813497 353946363 705592 904528
-339694490 -59711957 691945 819264
-190369343 -72101865 239066 12369
381112808 -175206209 458206 504120
407826447 402055975 924453 869697
142632651 499197182 312100 422937
-314776018 193770748 259264 426007
-137493797 -174219145 777655 368726
96193572 168530885 552139 627963
205477116 237765200 180665 644312
-398297085 -488355312 930683 522655
-483190809 -247188783 89871 397925
-121164690 -238663143 742700 368927
-260419319 63875276 891070 583826
-110341929 418334237 851652 170582
-5829513 161850364 677237 631179
184380158 429043228 518077 773050
-467287036 326629731 756490 843546
-235772575 195148687 36572 231318
-272596258 -221736800 865987 696270
-219684415 -433400071 904355 236259
-160445430 -369359457 772709 959796
229313755 -378305479 979092 768307
194589662 -270685385 682391 842069
-294610602 -395362289 393611 733731
106415809 99418019 48892 897070
-71296473 -264140609 497793 828128
-115160061 49704126 267249 325485
-307307574 425525836 117957 627879
-3345124 -204478395 370636 482033
64907142 -4530500 846021 738635
461375218 -460750823 935260 148301
490374316 316733530 687492 92655
239032593 5783674 282157 331140
-422500906 13529582 533027 412871
-377824014 161989196 831491 959630
279758890 -68224249 696282 20315
217322807 180812117 445467 331026
-16890731 169426481 272509 298372
290302588 -69457554 706281 813202
-88277185 185932088 641581 359364
-312460277 376579247 307489 45603
283423617 -455015084 103954 221154
287142382 -32047989 475831 918483
-333332978 182271027 908868 412046
-455262222 471236326 406811 559547
-37480452 -27224114 888802 391357
-406919762 -45286534 883875 62461
-479070596 -315548583 460104 22271
-255326756 4207340 766468 700484
-251377592 104230047 595627 357177
178726887 -452316190 491733 485824
-460420030 436301904 477419 563968
-429598448 -46991705 364700 283098
-18604533 -450630110 599580 606313
-184813723 -400876084 693407 246385
143265149 419447996 580191 891811
347709501 -374975649 520589 810559
419182098 -333897235 3729 291988
185068169 -496411650 782400 285475
321628291 -370318027 966874 30498
-308127211 -361644262 742204 129372
395728894 -380297210 933288 279477
108208325 28629303 43823 712780
-57383569 -329368060 518969 714937
-120364070 287035946 560241 969717
-450837318 430849348 587087 525209
-431152339 309038937 244931 133439
-95394308 -486175088 660731 415045
103963760 376992208 122864 967440
45673376 -8145325 995500 44787
-185069724 269662065 69361 386885
-66121375 -70522178 852866 627994
-397643480 -157337821 638480 466345
-474289614 -336565403 403899 88872
189853560 320466257 618872 308546
267641890 280668546 860109 59512
-18320946 112382072 689233 764852
234763859 -485864207 561535 33752
422159641 -350445627 60048 717722
-389986204 -148865310 390477 949725
-390530151 369882033 546995 777660
-215247158 -471358244 737803 580768
-364203808 -393992143 964648 856818
305478756 176573598 939133 515817
315988202 3789916 647512 815876
-255390950 -159358679 618559 434580
76584284 336947373 203174 495537
481276192 -259033858 286857 867789
400596167 -450309313 998252 116453
-129154511 297644131 608109 514643
-112703473 -420485375 602369 131734
178728350 -246155948 793592 101464
415230270 254220984 855638 498910
-63382729 -473743354 832350 325038
-335834804 171856345 365225 535397
333910074 190541538 662395 153569
-295862947 -193865240 212529 715662
330785906 -484111521 261462 521040
-58927241 51220644 207124 248970
-173324625 50056915 609927 124553
-117349694 -131212986 179949 668433
-344698624 41022890 81466 8577
203308486 126472639 822664 307941
-256450311 453019820 719020 936216
-169900880 -278149124 883876 56276
498505710 -174823879 312428 175512
-348169844 -277270237 981039 431284
-350558410 342445453 616667 250292
-273571188 -321724203 181261 89255
180203112 168536574 920108 292107
-67772353 5700204 595217 819606
311023520 -174417861 99940 643363
474872794 174982203 595266 723000
87474619 -110574708 397018 991856
120156018 -412698925 577559 513162
395000598 -240751754 670348 53952
-7934406 319321594 498901 155603
354030358 112187190 418558 121116
361911603 -89440184 581100 457620
274532387 166179877 787574 350337
-450408326 -147893233 464365 417660
-227865490 -401288413 64012 822542
127101959 -429580530 120701 569460
-377791230 -373859131 754178 738825
-157460743 -85376499 54756 713607
-269266225 -252346946 444265 915827
448818138 -179126731 189560 692215
-35591609 165693069 394257 847080
-266761259 -425714703 895885 916640
62315283 -202364005 151108 139956
-281450779 -29622566 165844 758710
276081107 435151309 303112 962047
330143713 220546026 162228 103373
442555488 221067090 981398 24619
-331093683 -323686885 126015 541778
-380682682 279242267 634860 35947
-92984358 255386080 41779 505037
-460838273 -49960560 25336 341907
152617065 -196456129 810353 353339
284228724 24541704 321470 900124
397834013 120455401 670320 144301
122627217 -249542889 374393 910934
157167134 479223236 630717 582908
74555966 -258469919 781294 227664
466883264 461458949 21830 314113
473881496 -149711258 589600 63378
-247063489 -221160189 359476 51462
290163656 -347334684 957933 38391
-389100671 -60418695 343977 236549
-16138174 199168800 344204 13420
-240105534 -56571392 352751 53250
-428419428 288353038 418289 289846
122333724 -189882222 434658 507471
-286514975 -85764065 800982 724614
-421056795 25611182 324337 260281
406899895 -446247229 164799 396116
405848800 -467482849 779552 705372
144139624 -130983140 293024 541080
-92349583 88484776 282853 442972
270401280 -312897568 491650 105459
-211142948 -319996856 139496 182824
450822799 341966757 441403 59761
-223111543 -371215496 348227 344761
-13156764 -198992361 11769 821513
368407363 424805993 169409 470418
-491987373 178981181 400824 235865
77718387 137439815 206754 23423
229994480 186156217 311174 457132
86987113 40292218 600982 939800
373094610 301394694 182918 72885
42506643 1822434 788541 878909
-36435248 -103781702 258025 789203
27764932 123928345 565741 92952
261545030 -106725949 753142 28109
59081326 -269389390 114539 506848
-203445076 -344356287 810773 713448
451856879 -146529263 404495 721623
126053751 89267974 146728 833219
-1763804 -250789833 606176 903682
-194918382 -314674841 560457 903044
-93177754 -455587549 825702 436739
406601373 -46386520 248774 77181
-187055358 266617457 566087 564429
360175161 64381281 806076 390949
-85751303 -444831606 310825 915178
-286952233 84664728 866283 130860
321561405 315629534 473268 93569
-182893703 -269718022 274100 869117
-225360654 -269562842 549908 825359
472767093 163268382 851868 435899
-411064915 310172074 574837 837168
-110242383 173726023 96069 371257
266728054 -126684413 232341 959848
84075296 200898942 747507 926732
284783012 88269171 889676 319523
-357575681 -291062934 390616 426005
-318310761 -286645195 270140 398720
30897700 13320598 731968 635697
28966971 424824574 713896 564526
-391647623 347249776 397233 602352
474347592 -300747388 806121 48366
-25899695 407493256 577771 70420
-316272514 -495763007 201718 416530
354149290 -202639153 185130 350929
-292177432 121466926 537886 40641
400992877 -171163943 541920 545166
309245467 -85753335 538634 59121
-176741462 253738779 198077 176355
-324928907 -7043185 161085 397356
-175126561 108446508 994921 830745
439444033 -97753142 747121 496904
-7014907 -443576917 934863 24868
-207725944 401240252 889326 430344
439794634 -43093700 448633 950634
390740032 425861226 461438 354262
194115953 -164200313 144804 687526
-383154562 -18859249 680768 940639
-78235331 -488912168 836476 556114
-38605117 247054135 626560 55913
118152444 223230327 519121 885688
-79131240 -80089466 779267 135980
-84223597 249673179 896416 139232
356736898 -482416890 588622 539760
-197814320 -250113743 601570 447459
-4275245 68247555 30634 459019
-180932246 -459523459 313834 206874
-211040639 117950636 530061 360296
326043535 -472197368 146869 462756
-36265927 288093037 813107 108116
-256524365 106493073 313482 501577
-238681620 -274149683 145381 751313
-330862535 -134812639 310209 347230
234655305 331934782 901116 923675
-111696784 -346532585 18022 461132
30448735 137841689 237444 903247
285426054 24630905 764737 388101
-102843645 -402277455 614154 919750
-177418532 301527939 65567 388675
359401177 28074216 191122 241003
64747978 477954194 551973 139489
345961540 -13378035 766631 151328
250158555 159174647 524270 31062
209986692 -308688743 225181 42697
-184605851 -220730741 635097 811144
172344673 54276466 377318 422467
315398722 -434413846 91933 179383
-141438846 -496915074 83340 262209
195412918 -286862380 729194 182484
-156719720 17479654 232821 387782
249478063 159671915 178026 478468
96820637 463055956 390496 772454
-99629051 447289458 115202 56734
189035542 161153844 864807 520521
254933433 25486990 723920 343272
167736915 -401495050 437821 462248
375632439 475129992 49900 514845
287964331 153001290 218223 242702
154909845 275013001 728233 98665
268527555 146751330 996069 308567
-82239907 -494033263 326826 848902
488180787 309049458 82524 642353
53872430 209100912 781931 471220
-358372168 417697059 949570 301076
-139443074 -330588738 929716 17501
47831848 297924090 284675 986040
140019709 -375079097 506154 531368
-222479043 -386873571 657095 904113
101292573 -35866014 60179 533920
-124104636 231992735 755508 587855
263476053 201480445 670491 997844
495067383 -420683049 955384 892414
-284272158 18507329 872631 950162
403619432 -267456937 569597 214629
-145668860 -427940088 432000 402624
-94976561 -411386161 285241 942266
102931936 -279770945 385410 89975
-489777926 -75638782 810780 197951
381176462 -426531615 378665 416002
226252218 -74109526 15710 434541
309853084 7487276 96343 655166
-390859185 397783930 451716 75081
-137369495 315988030 237761 783204
339869342 62814531 181877 62146
51408720 -226497041 766166 900076
404043998 -188991675 252450 378613
98651510 -202633926 882911 946207
-424531735 276890723 88840 811667
227065054 297510156 484469 146563
434594442 -333152919 422697 228846
122941966 -478295324 704120 886210
-108696212 368166037 955219 836379
-460467417 492239568 26354 685098
-165842825 173741527 720156 417521
-277585114 -365351504 570134 697898
391670026 183932178 128998 787591
48725791 434637689 362882 246997
-1382848 -469460391 25114 38074
355980674 -2725521 783231 989277
491989550 291194418 852462 133412
-457332392 -473370520 674365 541208
-495119584 -15180330 580961 359078
-128625275 -379486960 583898 852031
455009505 -308646034 829243 404254
-457504251 294219807 478810 922153
-137687055 258096727 868560 521137
-60871888 244296868 173613 601300
251833694 -362277446 35842 113720
380077629 -65508564 402396 659439
-475995387 -311283420 456952 837351
-470473380 197028638 625793 985666
227449788 24479036 860540 76707
-76285565 224620014 791589 120882
-124340697 -104789955 815159 853547
-181821560 -277782347 539339 720355
-499320482 -286167827 495768 944537
488246225 -113046604 464345 977141
115018024 -130365990 859596 349472
248716441 368503192 794006 392831
217565758 287752349 651076 335629
64174121 -205266762 123692 560787
169148558 474913048 801010 692103
173164319 -219449267 942438 171647
194797429 191324857 213643 688656
-360190008 -364653262 128455 932484
-359180361 -233564542 871883 120060
-275737952 433877229 408700 15698
-179677867 -387901292 249572 282658
-416625073 477219348 66627 923223
168817772 35180648 925257 514550
477809939 94042557 376945 625482
-70568291 -235870452 740730 335452
75106094 -79469049 74150 768118
387273212 48301060 834594 948277
183793486 -193950238 588307 292363
-301984469 -251759510 117006 594480
185633444 -117232432 859569 652214
97317307 -286137000 169756 453946
-172824081 389078037 279439 600758
-459112091 -466218527 328052 153397
489596152 115428058 413021 674254
14834407 397070510 236592 557638
141033218 -395963689 81230 277314
203510313 171276942 516337 112318
456159293 248840998 912125 596410
-76917833 -393622523 536495 853761
-391465099 -395475393 212850 727063
-456464235 153278928 329424 622718
180664950 -491038908 973605 353709
-225649111 -51080273 387118 61789
-278546120 21698978 434266 693765
-46643711 -5791400 884116 444910
79028301 1440966 955287 953675
-428733882 -237209590 566268 629763
328342805 277619107 867852 144477
82199540 405817277 962995 646286
301970801 -9349964 788024 68006
-177111240 222271864 217045 643018
452353100 -366670808 998751 381308
-73577430 -257395111 712902 130938
-339622121 -91966458 457207 874739
-145021676 -35233057 257511 952232
254699903 153923282 27994 102181
-322467801 -45280061 609908 910696
-225416655 285068012 476536 368015
199319323 79077200 883743 589906
-266888352 139240475 92304 462636
-99372092 -223260632 869119 745139
357258557 359795101 681823 621449
460604286 310795441 318981 494571
3383950 127405850 300838 887856
37145169 -174116868 394474 215504
261225007 -226471182 110071 703499
-42141007 258729419 758516 965112
40394066 448376349 94665 945660
387369904 -367972068 775920 764901
279924317 1124594 361519 20253
-481903796 -153542470 961572 701876
313662075 -172046069 635971 910205
37279292 413107523 570596 18476
-400651853 -170130568 537694 267940
-426161033 107629152 829839 971800
445108422 -459312488 155107 813987
-279969575 356228241 730481 939333
469409619 -450135273 317444 404219
-109717293 -384715649 217910 26490
399059112 35193453 497528 310151
-281464257 110411118 682998 633226
-138388966 156039864 263549 852962
265399951 -217218318 105707 589546
438505152 -374081622 724142 829846
-227484637 35459622 199920 719279
227970890 301246842 109314 65638
451709928 -484887681 966515 344715
355680599 -478973008 790182 254906
199940787 456934820 683262 338916
-215454939 -486300888 573301 958521
-72734658 191608824 918796 785967
291125881 176833306 503453 224434
-289719837 441670104 211532 620712
-93870890 -16511400 653084 794464
184070881 206253529 955102 25046
490418115 39085196 811587 144037
438538902 -35752046 188874 664074
96199036 -171085898 62800 220423
-133402052 -386457937 441886 588403
252325960 -159714216 675027 963438
392597098 -345383242 951052 225705
336802021 -490705696 449027 441629
-221491221 -128678461 822691 797233
218628737 -471693452 376508 346436
449469260 -379516099 889609 852622
7198281 340204307 462874 72552
288988815 181731270 21530 505215
409721494 153842169 756497 848527
367953740 133088637 566627 438431
464365936 -443913252 610787 136329
389572374 -361587154 559205 536798
-13154617 279291034 708401 226167
247341764 223983469 274515 510745
-164429205 -293751856 416527 502596
-404583501 96869417 755185 518296
455903954 -109545455 1219 232165
395016190 -457024019 8537 522318
266320939 226102789 937048 818948
50155035 -209154704 953429 812829
-434293145 -44549632 302247 818661
206672177 61494772 697523 948049
-400094264 208905123 476228 664966
-183126670 -120363432 859690 407689
-294800125 -329445717 970693 543244
326175241 401400095 33156 501408
-190023080 447294565 569999 959372
175221195 -320268513 614847 544131
-284477886 -362825462 388590 590742
440246282 -175228643 124110 406950
-421788420 -319805406 732720 354788
-455095949 -126074303 214452 630296
-287106600 482013890 123115 815418
258639857 -449736948 793505 309543
-381706470 -132210670 949075 103097
207444148 289006642 683835 273278
-234160486 113311925 763640 566933
-90023308 442201270 980242 601474
-244437964 172148857 946823 354975
-64178587 11361795 102304 672543
-459762785 -404546834 254913 453052
672837 -214353824 440718 545421
307269444 393288368 84623 72512
-221866537 -187323350 270285 895738
-419755876 411401503 471045 395003
-352889772 13443350 911913 812000
227188791 204284192 698189 571841
-216000526 159393097 518325 425530
-127558850 -54789845 110776 508871
-479935714 -182780004 574864 721289
324541621 -188671680 470117 783234
437788120 109239523 197068 662009
53863057 -259422897 965589 53950
183818490 -9971102 597318 348416
313735413 141586544 782896 287728
339316298 210174906 473629 699252
-178461342 -46049225 424749 298841
-144468832 -277488911 275770 175836
-415815867 -314855224 836806 70344
189281142 457947059 9821 171281
-292936729 -334563804 378566 80449
357231142 -209455990 135845 888522
199945089 -435622672 574704 499642
-418525035 156111555 673484 953484
-372179083 -456488272 979139 463898
-70676365 385765548 387236 594352
-221551730 183425037 518072 284029
83519096 -131548715 548828 842147
275862338 -492453616 4928 152877
492064678 -407036077 826426 731360
366001905 374529892 78536 261738
206516875 -183021064 569953 975543
32063127 271744693 274147 439678
219228828 -446993335 139210 374097
124128856 223603049 90810 624542
-219650806 -295958711 622420 312059
-72199809 -449906045 137304 977476
33955540 358889596 743732 850481
-131815734 -391286331 247263 411327
-239062930 1937082 527269 325135
10863960 415056184 262259 584934
224091261 375065963 268033 247375
466839218 -465447996 561948 762075
307969726 365679626 142543 793289
272082202 -373525112 927469 17280
-89839801 -451277212 525182 648440
-73803572 484527120 880900 957561
-67142197 -487681319 61352 258236
-233058497 -262274915 24582 370349
407902933 -273135974 870162 778066
-126839709 74315873 594085 897733
-347171063 -289836055 188456 799773
-423583261 -442986817 512987 3499
202856552 -22816165 834883 875552
307728994 437254031 553454 211980
-149653224 30798819 969025 60736
241116503 -128542613 847574 415268
155732761 265352567 187464 758419
481045906 432673261 110458 584129
-232142487 -445863854 210397 612975
-171248403 321895957 351018 815242
31412581 -9685109 230368 655941
-392746479 226310747 586303 338556
-398012917 -430055613 386220 996970
16387032 51515971 718205 466415
-209413978 347277970 886420 701150
234509673 -114451492 299896 744720
-89004412 215263146 528145 73622
176083985 373517536 958208 347526
-5424435 71175519 109337 854390
107237283 26761341 278407 444052
-305749146 142864344 585433 189696
309263387 393482356 456988 540755
330894021 338542349 939731 173699
388936544 -63541585 877357 455965
431297339 -450068863 63347 86047
469522624 -377964997 187648 269217
61429734 449216662 908032 630938
96851389 -436730769 447888 58522
-31475930 -182967147 606017 159392
348138661 498439215 42236 94361
50165583 319554509 732799 403702
-279914275 248031497 880902 520488
291007715 -1846567 604868 343163
-140150155 -198510833 595788 791962
72128223 -263508452 436968 191908
110256916 443178913 631811 105626
50972877 85470935 307474 582865
-23989774 420538081 992069 887358
-169292132 239053061 358949 486158
480423365 -458501352 6533 32659
-239895921 244312569 678888 121816
-64063955 381725235 722607 499925
330159218 -117047098 720509 638462
-288730380 288280063 382313 400950
-131029284 -73253244 881695 953121
162011470 -22653332 475668 498838
-323229585 -153138037 597475 853043
52467479 -20450357 179209 641164
-425727723 231466165 948281 900731
16236057 386324751 913629 852571
109772610 -34005088 82347 170896
400019269 -269818865 958687 544957
381665590 413213418 904282 208665
274467830 289900994 44503 887900
137246778 -406487181 866630 336339
-324832461 26421889 687175 966995
199960031 -485023805 890378 855533
-306042808 367288618 43056 636421
92034447 -55628538 304669 4859
153307892 -37946380 99472 338222
-96932904 94602429 14561 415942
-378290653 -482860399 636657 26530
-322532321 -182654225 475855 886686
-406224878 -80509077 264292 442902
-330124517 464112646 724827 264449
-250063061 45486744 453933 700407
-462982492 335700330 374216 743891
-299380512 108199578 967347 459182
396395091 -314978304 427164 512526
-252539395 169796346 988167 347534
167579290 353977989 210818 297564
39204371 -421646794 461720 707613
-107462348 182613976 665518 82619
-25208745 -458671877 746017 860942
-223753173 431134468 113549 720093
-53936914 -484472994 274249 832168
128679977 -39626142 839793 300002
-304503348 153152370 434638 456605
350021350 -109896667 154724 168388
372475392 132658332 111769 139713
271384343 -54967053 665789 636991
57159989 -191815724 184826 856265
-346281045 -135357915 15193 958481
-387656467 226244577 597166 44622
499826954 -307878396 917026 469820
-494960186 129789856 778843 143175
-24784371 8357577 438914 962360
-399663042 -180844721 624209 752748
-195391698 76310605 678056 619922
-222855816 225456519 611114 485217
325353478 -484916941 943219 186624
-88086558 -122611100 265329 213893
-468595928 -157405682 102893 150985
350063388 -282513227 417768 548325
-168057000 -20611913 236896 949067
310693406 457391922 430386 385666
-343060589 -153792360 558143 399982
-230883396 305456083 433309 854508
-305050415 -193016731 931386 269732
162034336 364251958 23213 228370
296209834 -200365097 628327 403883
-121694254 -225346333 323109 550986
-98366047 -142634880 759695 396162
-347307259 388640816 792018 236484
276716470 -483359342 485942 682703
-414094934 243734197 147674 35623
-124777266 82719149 112873 455254
-353278206 398202646 191172 187052
452215649 -420159180 436943 970279
198588830 -195397461 956389 80382
309173463 165057801 279986 886794
-4399807 74058448 838245 180896
-269111723 -27261968 99667 554624
-157467693 -334487835 133905 418929
-365236489 424860279 285945 911253
-189644733 -176065085 180910 820231
-428863861 192759011 442237 38989
10516269 141854781 491103 194810
