2500
0 0 200000 300000
300000 0 200000 300000
600000 0 300000 200000
900000 0 200000 300000
1200000 0 300000 200000
1500000 0 200000 300000
1800000 0 300000 200000
2100000 0 200000 300000
2400000 0 300000 200000
2700000 0 300000 200000
3000000 0 200000 300000
3300000 0 300000 200000
3600000 0 300000 200000
3900000 0 300000 200000
4200000 0 200000 300000
4500000 0 300000 200000
4800000 0 300000 200000
5100000 0 200000 300000
5400000 0 300000 200000
5700000 0 200000 300000
6000000 0 200000 300000
6300000 0 200000 300000
6600000 0 300000 200000
6900000 0 200000 300000
7200000 0 300000 200000
7500000 0 200000 300000
7800000 0 200000 300000
8100000 0 200000 300000
8400000 0 200000 300000
8700000 0 300000 200000
9000000 0 200000 300000
9300000 0 300000 200000
9600000 0 300000 200000
9900000 0 200000 300000
10200000 0 200000 300000
10500000 0 300000 200000
10800000 0 200000 300000
11100000 0 300000 200000
11400000 0 200000 300000
11700000 0 200000 300000
12000000 0 300000 200000
12300000 0 200000 300000
12600000 0 300000 200000
12900000 0 300000 200000
13200000 0 200000 300000
13500000 0 200000 300000
13800000 0 300000 200000
14100000 0 200000 300000
14400000 0 200000 300000
14700000 0 300000 200000
0 200000 300000 200000
300000 200000 300000 200000
600000 200000 200000 300000
900000 200000 200000 300000
1200000 200000 200000 300000
1500000 200000 300000 200000
1800000 200000 300000 200000
2100000 200000 200000 300000
2400000 200000 300000 200000
2700000 200000 200000 300000
3000000 200000 300000 200000
3300000 200000 300000 200000
3600000 200000 200000 300000
3900000 200000 300000 200000
4200000 200000 300000 200000
4500000 200000 200000 300000
4800000 200000 200000 300000
5100000 200000 300000 200000
5400000 200000 200000 300000
5700000 200000 200000 300000
6000000 200000 300000 200000
6300000 200000 200000 300000
6600000 200000 200000 300000
6900000 200000 200000 300000
7200000 200000 300000 200000
7500000 200000 200000 300000
7800000 200000 300000 200000
8100000 200000 200000 300000
8400000 200000 200000 300000
8700000 200000 300000 200000
9000000 200000 300000 200000
9300000 200000 200000 300000
9600000 200000 300000 200000
9900000 200000 200000 300000
10200000 200000 200000 300000
10500000 200000 300000 200000
10800000 200000 200000 300000
11100000 200000 300000 200000
11400000 200000 300000 200000
11700000 200000 300000 200000
12000000 200000 200000 300000
12300000 200000 200000 300000
12600000 200000 300000 200000
12900000 200000 300000 200000
13200000 200000 200000 300000
13500000 200000 200000 300000
13800000 200000 300000 200000
14100000 200000 300000 200000
14400000 200000 200000 300000
14700000 200000 300000 200000
0 400000 300000 200000
300000 400000 200000 300000
600000 400000 200000 300000
900000 400000 300000 200000
1200000 400000 300000 200000
1500000 400000 200000 300000
1800000 400000 200000 300000
2100000 400000 200000 300000
2400000 400000 200000 300000
2700000 400000 200000 300000
3000000 400000 200000 300000
3300000 400000 200000 300000
3600000 400000 200000 300000
3900000 400000 300000 200000
4200000 400000 300000 200000
4500000 400000 300000 200000
4800000 400000 200000 300000
5100000 400000 200000 300000
5400000 400000 200000 300000
5700000 400000 300000 200000
6000000 400000 200000 300000
6300000 400000 200000 300000
6600000 400000 200000 300000
6900000 400000 300000 200000
7200000 400000 200000 300000
7500000 400000 200000 300000
7800000 400000 300000 200000
8100000 400000 200000 300000
8400000 400000 300000 200000
8700000 400000 300000 200000
9000000 400000 300000 200000
9300000 400000 200000 300000
9600000 400000 300000 200000
9900000 400000 200000 300000
10200000 400000 300000 200000
10500000 400000 300000 200000
10800000 400000 300000 200000
11100000 400000 200000 300000
11400000 400000 200000 300000
11700000 400000 200000 300000
12000000 400000 300000 200000
12300000 400000 200000 300000
12600000 400000 200000 300000
12900000 400000 200000 300000
13200000 400000 300000 200000
13500000 400000 200000 300000
13800000 400000 300000 200000
14100000 400000 300000 200000
14400000 400000 200000 300000
14700000 400000 300000 200000
0 600000 300000 200000
300000 600000 300000 200000
600000 600000 200000 300000
900000 600000 200000 300000
1200000 600000 200000 300000
1500000 600000 300000 200000
1800000 600000 200000 300000
2100000 600000 300000 200000
2400000 600000 300000 200000
2700000 600000 300000 200000
3000000 600000 200000 300000
3300000 600000 300000 200000
3600000 600000 200000 300000
3900000 600000 300000 200000
4200000 600000 300000 200000
4500000 600000 200000 300000
4800000 600000 300000 200000
5100000 600000 300000 200000
5400000 600000 300000 200000
5700000 600000 300000 200000
6000000 600000 300000 200000
6300000 600000 200000 300000
6600000 600000 200000 300000
6900000 600000 300000 200000
7200000 600000 200000 300000
7500000 600000 200000 300000
7800000 600000 200000 300000
8100000 600000 200000 300000
8400000 600000 200000 300000
8700000 600000 200000 300000
9000000 600000 200000 300000
9300000 600000 200000 300000
9600000 600000 200000 300000
9900000 600000 200000 300000
10200000 600000 200000 300000
10500000 600000 200000 300000
10800000 600000 200000 300000
11100000 600000 200000 300000
11400000 600000 200000 300000
11700000 600000 200000 300000
12000000 600000 300000 200000
12300000 600000 300000 200000
12600000 600000 200000 300000
12900000 600000 200000 300000
13200000 600000 300000 200000
13500000 600000 200000 300000
13800000 600000 300000 200000
14100000 600000 300000 200000
14400000 600000 300000 200000
14700000 600000 200000 300000
0 800000 200000 300000
300000 800000 300000 200000
600000 800000 200000 300000
900000 800000 200000 300000
1200000 800000 200000 300000
1500000 800000 300000 200000
1800000 800000 300000 200000
2100000 800000 200000 300000
2400000 800000 200000 300000
2700000 800000 300000 200000
3000000 800000 300000 200000
3300000 800000 300000 200000
3600000 800000 200000 300000
3900000 800000 200000 300000
4200000 800000 200000 300000
4500000 800000 300000 200000
4800000 800000 200000 300000
5100000 800000 200000 300000
5400000 800000 300000 200000
5700000 800000 300000 200000
6000000 800000 200000 300000
6300000 800000 200000 300000
6600000 800000 200000 300000
6900000 800000 200000 300000
7200000 800000 300000 200000
7500000 800000 200000 300000
7800000 800000 300000 200000
8100000 800000 300000 200000
8400000 800000 300000 200000
8700000 800000 200000 300000
9000000 800000 200000 300000
9300000 800000 300000 200000
9600000 800000 200000 300000
9900000 800000 300000 200000
10200000 800000 200000 300000
10500000 800000 300000 200000
10800000 800000 300000 200000
11100000 800000 300000 200000
11400000 800000 300000 200000
11700000 800000 300000 200000
12000000 800000 200000 300000
12300000 800000 300000 200000
12600000 800000 200000 300000
12900000 800000 300000 200000
13200000 800000 300000 200000
13500000 800000 200000 300000
13800000 800000 300000 200000
14100000 800000 300000 200000
14400000 800000 300000 200000
14700000 800000 200000 300000
0 1000000 200000 300000
300000 1000000 200000 300000
600000 1000000 200000 300000
900000 1000000 300000 200000
1200000 1000000 200000 300000
1500000 1000000 300000 200000
1800000 1000000 200000 300000
2100000 1000000 300000 200000
2400000 1000000 200000 300000
2700000 1000000 200000 300000
3000000 1000000 200000 300000
3300000 1000000 200000 300000
3600000 1000000 300000 200000
3900000 1000000 300000 200000
4200000 1000000 200000 300000
4500000 1000000 200000 300000
4800000 1000000 200000 300000
5100000 1000000 300000 200000
5400000 1000000 300000 200000
5700000 1000000 200000 300000
6000000 1000000 200000 300000
6300000 1000000 200000 300000
6600000 1000000 200000 300000
6900000 1000000 300000 200000
7200000 1000000 200000 300000
7500000 1000000 300000 200000
7800000 1000000 300000 200000
8100000 1000000 300000 200000
8400000 1000000 200000 300000
8700000 1000000 200000 300000
9000000 1000000 200000 300000
9300000 1000000 300000 200000
9600000 1000000 200000 300000
9900000 1000000 300000 200000
10200000 1000000 200000 300000
10500000 1000000 200000 300000
10800000 1000000 200000 300000
11100000 1000000 200000 300000
11400000 1000000 300000 200000
11700000 1000000 200000 300000
12000000 1000000 200000 300000
12300000 1000000 300000 200000
12600000 1000000 200000 300000
12900000 1000000 300000 200000
13200000 1000000 300000 200000
13500000 1000000 200000 300000
13800000 1000000 200000 300000
14100000 1000000 300000 200000
14400000 1000000 200000 300000
14700000 1000000 300000 200000
0 1200000 300000 200000
300000 1200000 300000 200000
600000 1200000 300000 200000
900000 1200000 300000 200000
1200000 1200000 300000 200000
1500000 1200000 300000 200000
1800000 1200000 300000 200000
2100000 1200000 300000 200000
2400000 1200000 300000 200000
2700000 1200000 200000 300000
3000000 1200000 200000 300000
3300000 1200000 300000 200000
3600000 1200000 300000 200000
3900000 1200000 200000 300000
4200000 1200000 200000 300000
4500000 1200000 300000 200000
4800000 1200000 200000 300000
5100000 1200000 200000 300000
5400000 1200000 300000 200000
5700000 1200000 200000 300000
6000000 1200000 200000 300000
6300000 1200000 300000 200000
6600000 1200000 200000 300000
6900000 1200000 300000 200000
7200000 1200000 200000 300000
7500000 1200000 300000 200000
7800000 1200000 200000 300000
8100000 1200000 300000 200000
8400000 1200000 200000 300000
8700000 1200000 200000 300000
9000000 1200000 300000 200000
9300000 1200000 300000 200000
9600000 1200000 300000 200000
9900000 1200000 200000 300000
10200000 1200000 200000 300000
10500000 1200000 300000 200000
10800000 1200000 300000 200000
11100000 1200000 200000 300000
11400000 1200000 300000 200000
11700000 1200000 200000 300000
12000000 1200000 200000 300000
12300000 1200000 300000 200000
12600000 1200000 300000 200000
12900000 1200000 200000 300000
13200000 1200000 300000 200000
13500000 1200000 300000 200000
13800000 1200000 200000 300000
14100000 1200000 200000 300000
14400000 1200000 300000 200000
14700000 1200000 300000 200000
0 1400000 300000 200000
300000 1400000 200000 300000
600000 1400000 200000 300000
900000 1400000 200000 300000
1200000 1400000 200000 300000
1500000 1400000 200000 300000
1800000 1400000 300000 200000
2100000 1400000 300000 200000
2400000 1400000 300000 200000
2700000 1400000 200000 300000
3000000 1400000 200000 300000
3300000 1400000 300000 200000
3600000 1400000 300000 200000
3900000 1400000 200000 300000
4200000 1400000 200000 300000
4500000 1400000 200000 300000
4800000 1400000 200000 300000
5100000 1400000 300000 200000
5400000 1400000 200000 300000
5700000 1400000 300000 200000
6000000 1400000 300000 200000
6300000 1400000 200000 300000
6600000 1400000 300000 200000
6900000 1400000 300000 200000
7200000 1400000 200000 300000
7500000 1400000 300000 200000
7800000 1400000 300000 200000
8100000 1400000 300000 200000
8400000 1400000 300000 200000
8700000 1400000 200000 300000
9000000 1400000 200000 300000
9300000 1400000 200000 300000
9600000 1400000 300000 200000
9900000 1400000 200000 300000
10200000 1400000 200000 300000
10500000 1400000 300000 200000
10800000 1400000 300000 200000
11100000 1400000 300000 200000
11400000 1400000 300000 200000
11700000 1400000 300000 200000
12000000 1400000 300000 200000
12300000 1400000 300000 200000
12600000 1400000 300000 200000
12900000 1400000 300000 200000
13200000 1400000 300000 200000
13500000 1400000 200000 300000
13800000 1400000 300000 200000
14100000 1400000 200000 300000
14400000 1400000 300000 200000
14700000 1400000 300000 200000
0 1600000 300000 200000
300000 1600000 200000 300000
600000 1600000 300000 200000
900000 1600000 200000 300000
1200000 1600000 200000 300000
1500000 1600000 300000 200000
1800000 1600000 200000 300000
2100000 1600000 300000 200000
2400000 1600000 200000 300000
2700000 1600000 200000 300000
3000000 1600000 300000 200000
3300000 1600000 200000 300000
3600000 1600000 200000 300000
3900000 1600000 200000 300000
4200000 1600000 300000 200000
4500000 1600000 300000 200000
4800000 1600000 300000 200000
5100000 1600000 200000 300000
5400000 1600000 200000 300000
5700000 1600000 300000 200000
6000000 1600000 200000 300000
6300000 1600000 200000 300000
6600000 1600000 200000 300000
6900000 1600000 300000 200000
7200000 1600000 200000 300000
7500000 1600000 300000 200000
7800000 1600000 300000 200000
8100000 1600000 200000 300000
8400000 1600000 200000 300000
8700000 1600000 200000 300000
9000000 1600000 200000 300000
9300000 1600000 300000 200000
9600000 1600000 300000 200000
9900000 1600000 300000 200000
10200000 1600000 200000 300000
10500000 1600000 200000 300000
10800000 1600000 300000 200000
11100000 1600000 300000 200000
11400000 1600000 300000 200000
11700000 1600000 200000 300000
12000000 1600000 200000 300000
12300000 1600000 200000 300000
12600000 1600000 200000 300000
12900000 1600000 300000 200000
13200000 1600000 300000 200000
13500000 1600000 200000 300000
13800000 1600000 200000 300000
14100000 1600000 300000 200000
14400000 1600000 300000 200000
14700000 1600000 300000 200000
0 1800000 200000 300000
300000 1800000 300000 200000
600000 1800000 300000 200000
900000 1800000 200000 300000
1200000 1800000 200000 300000
1500000 1800000 300000 200000
1800000 1800000 200000 300000
2100000 1800000 300000 200000
2400000 1800000 200000 300000
2700000 1800000 200000 300000
3000000 1800000 200000 300000
3300000 1800000 200000 300000
3600000 1800000 200000 300000
3900000 1800000 300000 200000
4200000 1800000 200000 300000
4500000 1800000 200000 300000
4800000 1800000 200000 300000
5100000 1800000 300000 200000
5400000 1800000 200000 300000
5700000 1800000 200000 300000
6000000 1800000 200000 300000
6300000 1800000 200000 300000
6600000 1800000 200000 300000
6900000 1800000 200000 300000
7200000 1800000 300000 200000
7500000 1800000 300000 200000
7800000 1800000 200000 300000
8100000 1800000 300000 200000
8400000 1800000 200000 300000
8700000 1800000 300000 200000
9000000 1800000 200000 300000
9300000 1800000 300000 200000
9600000 1800000 200000 300000
9900000 1800000 300000 200000
10200000 1800000 200000 300000
10500000 1800000 300000 200000
10800000 1800000 300000 200000
11100000 1800000 300000 200000
11400000 1800000 200000 300000
11700000 1800000 200000 300000
12000000 1800000 200000 300000
12300000 1800000 200000 300000
12600000 1800000 300000 200000
12900000 1800000 200000 300000
13200000 1800000 200000 300000
13500000 1800000 200000 300000
13800000 1800000 200000 300000
14100000 1800000 200000 300000
14400000 1800000 300000 200000
14700000 1800000 300000 200000
0 2000000 300000 200000
300000 2000000 200000 300000
600000 2000000 300000 200000
900000 2000000 300000 200000
1200000 2000000 300000 200000
1500000 2000000 200000 300000
1800000 2000000 300000 200000
2100000 2000000 200000 300000
2400000 2000000 200000 300000
2700000 2000000 300000 200000
3000000 2000000 200000 300000
3300000 2000000 200000 300000
3600000 2000000 300000 200000
3900000 2000000 200000 300000
4200000 2000000 200000 300000
4500000 2000000 200000 300000
4800000 2000000 200000 300000
5100000 2000000 200000 300000
5400000 2000000 300000 200000
5700000 2000000 300000 200000
6000000 2000000 300000 200000
6300000 2000000 200000 300000
6600000 2000000 300000 200000
6900000 2000000 300000 200000
7200000 2000000 300000 200000
7500000 2000000 300000 200000
7800000 2000000 200000 300000
8100000 2000000 200000 300000
8400000 2000000 300000 200000
8700000 2000000 300000 200000
9000000 2000000 300000 200000
9300000 2000000 300000 200000
9600000 2000000 300000 200000
9900000 2000000 200000 300000
10200000 2000000 300000 200000
10500000 2000000 300000 200000
10800000 2000000 300000 200000
11100000 2000000 200000 300000
11400000 2000000 300000 200000
11700000 2000000 200000 300000
12000000 2000000 300000 200000
12300000 2000000 300000 200000
12600000 2000000 300000 200000
12900000 2000000 300000 200000
13200000 2000000 300000 200000
13500000 2000000 200000 300000
13800000 2000000 200000 300000
14100000 2000000 300000 200000
14400000 2000000 200000 300000
14700000 2000000 200000 300000
0 2200000 300000 200000
300000 2200000 300000 200000
600000 2200000 300000 200000
900000 2200000 300000 200000
1200000 2200000 300000 200000
1500000 2200000 300000 200000
1800000 2200000 300000 200000
2100000 2200000 300000 200000
2400000 2200000 300000 200000
2700000 2200000 200000 300000
3000000 2200000 200000 300000
3300000 2200000 300000 200000
3600000 2200000 200000 300000
3900000 2200000 200000 300000
4200000 2200000 300000 200000
4500000 2200000 200000 300000
4800000 2200000 300000 200000
5100000 2200000 200000 300000
5400000 2200000 300000 200000
5700000 2200000 200000 300000
6000000 2200000 200000 300000
6300000 2200000 300000 200000
6600000 2200000 200000 300000
6900000 2200000 200000 300000
7200000 2200000 200000 300000
7500000 2200000 300000 200000
7800000 2200000 200000 300000
8100000 2200000 200000 300000
8400000 2200000 200000 300000
8700000 2200000 300000 200000
9000000 2200000 200000 300000
9300000 2200000 200000 300000
9600000 2200000 200000 300000
9900000 2200000 300000 200000
10200000 2200000 300000 200000
10500000 2200000 200000 300000
10800000 2200000 300000 200000
11100000 2200000 200000 300000
11400000 2200000 200000 300000
11700000 2200000 200000 300000
12000000 2200000 300000 200000
12300000 2200000 300000 200000
12600000 2200000 200000 300000
12900000 2200000 200000 300000
13200000 2200000 200000 300000
13500000 2200000 200000 300000
13800000 2200000 300000 200000
14100000 2200000 300000 200000
14400000 2200000 300000 200000
14700000 2200000 200000 300000
0 2400000 200000 300000
300000 2400000 300000 200000
600000 2400000 200000 300000
900000 2400000 300000 200000
1200000 2400000 200000 300000
1500000 2400000 200000 300000
1800000 2400000 200000 300000
2100000 2400000 200000 300000
2400000 2400000 200000 300000
2700000 2400000 200000 300000
3000000 2400000 200000 300000
3300000 2400000 200000 300000
3600000 2400000 300000 200000
3900000 2400000 300000 200000
4200000 2400000 300000 200000
4500000 2400000 200000 300000
4800000 2400000 200000 300000
5100000 2400000 300000 200000
5400000 2400000 300000 200000
5700000 2400000 200000 300000
6000000 2400000 300000 200000
6300000 2400000 300000 200000
6600000 2400000 200000 300000
6900000 2400000 200000 300000
7200000 2400000 300000 200000
7500000 2400000 300000 200000
7800000 2400000 300000 200000
8100000 2400000 300000 200000
8400000 2400000 200000 300000
8700000 2400000 300000 200000
9000000 2400000 300000 200000
9300000 2400000 300000 200000
9600000 2400000 200000 300000
9900000 2400000 200000 300000
10200000 2400000 300000 200000
10500000 2400000 200000 300000
10800000 2400000 200000 300000
11100000 2400000 200000 300000
11400000 2400000 200000 300000
11700000 2400000 300000 200000
12000000 2400000 300000 200000
12300000 2400000 300000 200000
12600000 2400000 200000 300000
12900000 2400000 300000 200000
13200000 2400000 300000 200000
13500000 2400000 200000 300000
13800000 2400000 300000 200000
14100000 2400000 300000 200000
14400000 2400000 200000 300000
14700000 2400000 300000 200000
0 2600000 300000 200000
300000 2600000 300000 200000
600000 2600000 200000 300000
900000 2600000 200000 300000
1200000 2600000 300000 200000
1500000 2600000 300000 200000
1800000 2600000 200000 300000
2100000 2600000 200000 300000
2400000 2600000 200000 300000
2700000 2600000 300000 200000
3000000 2600000 300000 200000
3300000 2600000 300000 200000
3600000 2600000 200000 300000
3900000 2600000 300000 200000
4200000 2600000 300000 200000
4500000 2600000 300000 200000
4800000 2600000 300000 200000
5100000 2600000 200000 300000
5400000 2600000 300000 200000
5700000 2600000 300000 200000
6000000 2600000 200000 300000
6300000 2600000 300000 200000
6600000 2600000 200000 300000
6900000 2600000 300000 200000
7200000 2600000 300000 200000
7500000 2600000 300000 200000
7800000 2600000 200000 300000
8100000 2600000 200000 300000
8400000 2600000 200000 300000
8700000 2600000 200000 300000
9000000 2600000 300000 200000
9300000 2600000 300000 200000
9600000 2600000 300000 200000
9900000 2600000 200000 300000
10200000 2600000 200000 300000
10500000 2600000 300000 200000
10800000 2600000 200000 300000
11100000 2600000 300000 200000
11400000 2600000 200000 300000
11700000 2600000 200000 300000
12000000 2600000 300000 200000
12300000 2600000 300000 200000
12600000 2600000 200000 300000
12900000 2600000 200000 300000
13200000 2600000 200000 300000
13500000 2600000 200000 300000
13800000 2600000 200000 300000
14100000 2600000 200000 300000
14400000 2600000 300000 200000
14700000 2600000 300000 200000
0 2800000 200000 300000
300000 2800000 200000 300000
600000 2800000 300000 200000
900000 2800000 300000 200000
1200000 2800000 300000 200000
1500000 2800000 300000 200000
1800000 2800000 200000 300000
2100000 2800000 300000 200000
2400000 2800000 200000 300000
2700000 2800000 300000 200000
3000000 2800000 300000 200000
3300000 2800000 300000 200000
3600000 2800000 300000 200000
3900000 2800000 200000 300000
4200000 2800000 200000 300000
4500000 2800000 200000 300000
4800000 2800000 300000 200000
5100000 2800000 300000 200000
5400000 2800000 200000 300000
5700000 2800000 200000 300000
6000000 2800000 300000 200000
6300000 2800000 200000 300000
6600000 2800000 300000 200000
6900000 2800000 200000 300000
7200000 2800000 200000 300000
7500000 2800000 300000 200000
7800000 2800000 300000 200000
8100000 2800000 200000 300000
8400000 2800000 200000 300000
8700000 2800000 200000 300000
9000000 2800000 300000 200000
9300000 2800000 300000 200000
9600000 2800000 200000 300000
9900000 2800000 200000 300000
10200000 2800000 200000 300000
10500000 2800000 300000 200000
10800000 2800000 300000 200000
11100000 2800000 200000 300000
11400000 2800000 300000 200000
11700000 2800000 300000 200000
12000000 2800000 200000 300000
12300000 2800000 200000 300000
12600000 2800000 300000 200000
12900000 2800000 300000 200000
13200000 2800000 200000 300000
13500000 2800000 200000 300000
13800000 2800000 300000 200000
14100000 2800000 200000 300000
14400000 2800000 300000 200000
14700000 2800000 200000 300000
0 3000000 300000 200000
300000 3000000 300000 200000
600000 3000000 200000 300000
900000 3000000 300000 200000
1200000 3000000 200000 300000
1500000 3000000 300000 200000
1800000 3000000 300000 200000
2100000 3000000 200000 300000
2400000 3000000 200000 300000
2700000 3000000 200000 300000
3000000 3000000 200000 300000
3300000 3000000 300000 200000
3600000 3000000 300000 200000
3900000 3000000 300000 200000
4200000 3000000 300000 200000
4500000 3000000 300000 200000
4800000 3000000 200000 300000
5100000 3000000 200000 300000
5400000 3000000 200000 300000
5700000 3000000 200000 300000
6000000 3000000 200000 300000
6300000 3000000 200000 300000
6600000 3000000 200000 300000
6900000 3000000 300000 200000
7200000 3000000 300000 200000
7500000 3000000 300000 200000
7800000 3000000 300000 200000
8100000 3000000 300000 200000
8400000 3000000 300000 200000
8700000 3000000 300000 200000
9000000 3000000 200000 300000
9300000 3000000 200000 300000
9600000 3000000 300000 200000
9900000 3000000 200000 300000
10200000 3000000 300000 200000
10500000 3000000 300000 200000
10800000 3000000 300000 200000
11100000 3000000 200000 300000
11400000 3000000 200000 300000
11700000 3000000 200000 300000
12000000 3000000 200000 300000
12300000 3000000 300000 200000
12600000 3000000 300000 200000
12900000 3000000 200000 300000
13200000 3000000 200000 300000
13500000 3000000 200000 300000
13800000 3000000 200000 300000
14100000 3000000 300000 200000
14400000 3000000 300000 200000
14700000 3000000 200000 300000
0 3200000 200000 300000
300000 3200000 300000 200000
600000 3200000 200000 300000
900000 3200000 200000 300000
1200000 3200000 200000 300000
1500000 3200000 200000 300000
1800000 3200000 200000 300000
2100000 3200000 300000 200000
2400000 3200000 200000 300000
2700000 3200000 300000 200000
3000000 3200000 200000 300000
3300000 3200000 200000 300000
3600000 3200000 300000 200000
3900000 3200000 200000 300000
4200000 3200000 300000 200000
4500000 3200000 200000 300000
4800000 3200000 300000 200000
5100000 3200000 300000 200000
5400000 3200000 200000 300000
5700000 3200000 300000 200000
6000000 3200000 200000 300000
6300000 3200000 300000 200000
6600000 3200000 200000 300000
6900000 3200000 200000 300000
7200000 3200000 300000 200000
7500000 3200000 200000 300000
7800000 3200000 300000 200000
8100000 3200000 300000 200000
8400000 3200000 300000 200000
8700000 3200000 300000 200000
9000000 3200000 300000 200000
9300000 3200000 300000 200000
9600000 3200000 200000 300000
9900000 3200000 200000 300000
10200000 3200000 300000 200000
10500000 3200000 200000 300000
10800000 3200000 300000 200000
11100000 3200000 300000 200000
11400000 3200000 200000 300000
11700000 3200000 200000 300000
12000000 3200000 200000 300000
12300000 3200000 200000 300000
12600000 3200000 300000 200000
12900000 3200000 200000 300000
13200000 3200000 200000 300000
13500000 3200000 300000 200000
13800000 3200000 300000 200000
14100000 3200000 300000 200000
14400000 3200000 300000 200000
14700000 3200000 200000 300000
0 3400000 300000 200000
300000 3400000 200000 300000
600000 3400000 200000 300000
900000 3400000 300000 200000
1200000 3400000 300000 200000
1500000 3400000 200000 300000
1800000 3400000 300000 200000
2100000 3400000 300000 200000
2400000 3400000 200000 300000
2700000 3400000 200000 300000
3000000 3400000 200000 300000
3300000 3400000 200000 300000
3600000 3400000 300000 200000
3900000 3400000 300000 200000
4200000 3400000 200000 300000
4500000 3400000 200000 300000
4800000 3400000 300000 200000
5100000 3400000 300000 200000
5400000 3400000 200000 300000
5700000 3400000 200000 300000
6000000 3400000 300000 200000
6300000 3400000 200000 300000
6600000 3400000 300000 200000
6900000 3400000 300000 200000
7200000 3400000 300000 200000
7500000 3400000 300000 200000
7800000 3400000 300000 200000
8100000 3400000 300000 200000
8400000 3400000 200000 300000
8700000 3400000 300000 200000
9000000 3400000 200000 300000
9300000 3400000 300000 200000
9600000 3400000 200000 300000
9900000 3400000 300000 200000
10200000 3400000 200000 300000
10500000 3400000 300000 200000
10800000 3400000 200000 300000
11100000 3400000 300000 200000
11400000 3400000 300000 200000
11700000 3400000 300000 200000
12000000 3400000 300000 200000
12300000 3400000 200000 300000
12600000 3400000 200000 300000
12900000 3400000 300000 200000
13200000 3400000 300000 200000
13500000 3400000 200000 300000
13800000 3400000 300000 200000
14100000 3400000 200000 300000
14400000 3400000 300000 200000
14700000 3400000 300000 200000
0 3600000 200000 300000
300000 3600000 300000 200000
600000 3600000 300000 200000
900000 3600000 200000 300000
1200000 3600000 300000 200000
1500000 3600000 200000 300000
1800000 3600000 200000 300000
2100000 3600000 300000 200000
2400000 3600000 300000 200000
2700000 3600000 300000 200000
3000000 3600000 300000 200000
3300000 3600000 300000 200000
3600000 3600000 200000 300000
3900000 3600000 200000 300000
4200000 3600000 200000 300000
4500000 3600000 300000 200000
4800000 3600000 300000 200000
5100000 3600000 300000 200000
5400000 3600000 300000 200000
5700000 3600000 200000 300000
6000000 3600000 200000 300000
6300000 3600000 300000 200000
6600000 3600000 200000 300000
6900000 3600000 200000 300000
7200000 3600000 300000 200000
7500000 3600000 300000 200000
7800000 3600000 300000 200000
8100000 3600000 300000 200000
8400000 3600000 200000 300000
8700000 3600000 300000 200000
9000000 3600000 300000 200000
9300000 3600000 300000 200000
9600000 3600000 200000 300000
9900000 3600000 200000 300000
10200000 3600000 200000 300000
10500000 3600000 200000 300000
10800000 3600000 200000 300000
11100000 3600000 300000 200000
11400000 3600000 300000 200000
11700000 3600000 200000 300000
12000000 3600000 200000 300000
12300000 3600000 200000 300000
12600000 3600000 200000 300000
12900000 3600000 300000 200000
13200000 3600000 300000 200000
13500000 3600000 300000 200000
13800000 3600000 200000 300000
14100000 3600000 200000 300000
14400000 3600000 200000 300000
14700000 3600000 300000 200000
0 3800000 200000 300000
300000 3800000 300000 200000
600000 3800000 200000 300000
900000 3800000 300000 200000
1200000 3800000 200000 300000
1500000 3800000 300000 200000
1800000 3800000 300000 200000
2100000 3800000 300000 200000
2400000 3800000 200000 300000
2700000 3800000 200000 300000
3000000 3800000 300000 200000
3300000 3800000 200000 300000
3600000 3800000 200000 300000
3900000 3800000 200000 300000
4200000 3800000 200000 300000
4500000 3800000 300000 200000
4800000 3800000 300000 200000
5100000 3800000 200000 300000
5400000 3800000 200000 300000
5700000 3800000 300000 200000
6000000 3800000 200000 300000
6300000 3800000 200000 300000
6600000 3800000 300000 200000
6900000 3800000 200000 300000
7200000 3800000 200000 300000
7500000 3800000 200000 300000
7800000 3800000 200000 300000
8100000 3800000 300000 200000
8400000 3800000 200000 300000
8700000 3800000 200000 300000
9000000 3800000 300000 200000
9300000 3800000 200000 300000
9600000 3800000 200000 300000
9900000 3800000 200000 300000
10200000 3800000 300000 200000
10500000 3800000 300000 200000
10800000 3800000 200000 300000
11100000 3800000 300000 200000
11400000 3800000 300000 200000
11700000 3800000 200000 300000
12000000 3800000 300000 200000
12300000 3800000 300000 200000
12600000 3800000 200000 300000
12900000 3800000 200000 300000
13200000 3800000 300000 200000
13500000 3800000 200000 300000
13800000 3800000 300000 200000
14100000 3800000 300000 200000
14400000 3800000 200000 300000
14700000 3800000 300000 200000
0 4000000 300000 200000
300000 4000000 300000 200000
600000 4000000 300000 200000
900000 4000000 200000 300000
1200000 4000000 200000 300000
1500000 4000000 200000 300000
1800000 4000000 200000 300000
2100000 4000000 200000 300000
2400000 4000000 200000 300000
2700000 4000000 300000 200000
3000000 4000000 300000 200000
3300000 4000000 300000 200000
3600000 4000000 200000 300000
3900000 4000000 300000 200000
4200000 4000000 300000 200000
4500000 4000000 300000 200000
4800000 4000000 200000 300000
5100000 4000000 300000 200000
5400000 4000000 300000 200000
5700000 4000000 200000 300000
6000000 4000000 300000 200000
6300000 4000000 300000 200000
6600000 4000000 200000 300000
6900000 4000000 200000 300000
7200000 4000000 300000 200000
7500000 4000000 300000 200000
7800000 4000000 300000 200000
8100000 4000000 200000 300000
8400000 4000000 300000 200000
8700000 4000000 300000 200000
9000000 4000000 300000 200000
9300000 4000000 200000 300000
9600000 4000000 200000 300000
9900000 4000000 300000 200000
10200000 4000000 200000 300000
10500000 4000000 200000 300000
10800000 4000000 200000 300000
11100000 4000000 300000 200000
11400000 4000000 200000 300000
11700000 4000000 300000 200000
12000000 4000000 200000 300000
12300000 4000000 200000 300000
12600000 4000000 200000 300000
12900000 4000000 300000 200000
13200000 4000000 300000 200000
13500000 4000000 300000 200000
13800000 4000000 300000 200000
14100000 4000000 200000 300000
14400000 4000000 200000 300000
14700000 4000000 200000 300000
0 4200000 300000 200000
300000 4200000 200000 300000
600000 4200000 300000 200000
900000 4200000 200000 300000
1200000 4200000 200000 300000
1500000 4200000 300000 200000
1800000 4200000 200000 300000
2100000 4200000 300000 200000
2400000 4200000 300000 200000
2700000 4200000 200000 300000
3000000 4200000 200000 300000
3300000 4200000 200000 300000
3600000 4200000 300000 200000
3900000 4200000 300000 200000
4200000 4200000 200000 300000
4500000 4200000 300000 200000
4800000 4200000 300000 200000
5100000 4200000 200000 300000
5400000 4200000 200000 300000
5700000 4200000 300000 200000
6000000 4200000 200000 300000
6300000 4200000 200000 300000
6600000 4200000 300000 200000
6900000 4200000 200000 300000
7200000 4200000 200000 300000
7500000 4200000 300000 200000
7800000 4200000 300000 200000
8100000 4200000 200000 300000
8400000 4200000 300000 200000
8700000 4200000 300000 200000
9000000 4200000 200000 300000
9300000 4200000 300000 200000
9600000 4200000 300000 200000
9900000 4200000 300000 200000
10200000 4200000 200000 300000
10500000 4200000 200000 300000
10800000 4200000 200000 300000
11100000 4200000 200000 300000
11400000 4200000 300000 200000
11700000 4200000 200000 300000
12000000 4200000 300000 200000
12300000 4200000 300000 200000
12600000 4200000 200000 300000
12900000 4200000 300000 200000
13200000 4200000 200000 300000
13500000 4200000 300000 200000
13800000 4200000 200000 300000
14100000 4200000 300000 200000
14400000 4200000 200000 300000
14700000 4200000 200000 300000
0 4400000 200000 300000
300000 4400000 200000 300000
600000 4400000 200000 300000
900000 4400000 200000 300000
1200000 4400000 200000 300000
1500000 4400000 200000 300000
1800000 4400000 300000 200000
2100000 4400000 300000 200000
2400000 4400000 300000 200000
2700000 4400000 300000 200000
3000000 4400000 200000 300000
3300000 4400000 300000 200000
3600000 4400000 300000 200000
3900000 4400000 300000 200000
4200000 4400000 300000 200000
4500000 4400000 200000 300000
4800000 4400000 200000 300000
5100000 4400000 300000 200000
5400000 4400000 200000 300000
5700000 4400000 200000 300000
6000000 4400000 300000 200000
6300000 4400000 200000 300000
6600000 4400000 200000 300000
6900000 4400000 300000 200000
7200000 4400000 300000 200000
7500000 4400000 200000 300000
7800000 4400000 200000 300000
8100000 4400000 200000 300000
8400000 4400000 200000 300000
8700000 4400000 300000 200000
9000000 4400000 300000 200000
9300000 4400000 300000 200000
9600000 4400000 300000 200000
9900000 4400000 200000 300000
10200000 4400000 300000 200000
10500000 4400000 300000 200000
10800000 4400000 300000 200000
11100000 4400000 200000 300000
11400000 4400000 300000 200000
11700000 4400000 300000 200000
12000000 4400000 300000 200000
12300000 4400000 300000 200000
12600000 4400000 200000 300000
12900000 4400000 300000 200000
13200000 4400000 300000 200000
13500000 4400000 200000 300000
13800000 4400000 200000 300000
14100000 4400000 200000 300000
14400000 4400000 300000 200000
14700000 4400000 300000 200000
0 4600000 200000 300000
300000 4600000 200000 300000
600000 4600000 300000 200000
900000 4600000 300000 200000
1200000 4600000 300000 200000
1500000 4600000 300000 200000
1800000 4600000 200000 300000
2100000 4600000 200000 300000
2400000 4600000 200000 300000
2700000 4600000 200000 300000
3000000 4600000 200000 300000
3300000 4600000 200000 300000
3600000 4600000 200000 300000
3900000 4600000 200000 300000
4200000 4600000 200000 300000
4500000 4600000 200000 300000
4800000 4600000 200000 300000
5100000 4600000 200000 300000
5400000 4600000 300000 200000
5700000 4600000 300000 200000
6000000 4600000 200000 300000
6300000 4600000 200000 300000
6600000 4600000 200000 300000
6900000 4600000 300000 200000
7200000 4600000 300000 200000
7500000 4600000 200000 300000
7800000 4600000 300000 200000
8100000 4600000 200000 300000
8400000 4600000 300000 200000
8700000 4600000 200000 300000
9000000 4600000 200000 300000
9300000 4600000 300000 200000
9600000 4600000 200000 300000
9900000 4600000 200000 300000
10200000 4600000 200000 300000
10500000 4600000 300000 200000
10800000 4600000 300000 200000
11100000 4600000 200000 300000
11400000 4600000 200000 300000
11700000 4600000 300000 200000
12000000 4600000 300000 200000
12300000 4600000 300000 200000
12600000 4600000 200000 300000
12900000 4600000 300000 200000
13200000 4600000 200000 300000
13500000 4600000 300000 200000
13800000 4600000 200000 300000
14100000 4600000 200000 300000
14400000 4600000 300000 200000
14700000 4600000 200000 300000
0 4800000 200000 300000
300000 4800000 200000 300000
600000 4800000 200000 300000
900000 4800000 200000 300000
1200000 4800000 300000 200000
1500000 4800000 200000 300000
1800000 4800000 200000 300000
2100000 4800000 300000 200000
2400000 4800000 300000 200000
2700000 4800000 300000 200000
3000000 4800000 200000 300000
3300000 4800000 200000 300000
3600000 4800000 200000 300000
3900000 4800000 300000 200000
4200000 4800000 200000 300000
4500000 4800000 200000 300000
4800000 4800000 300000 200000
5100000 4800000 300000 200000
5400000 4800000 200000 300000
5700000 4800000 300000 200000
6000000 4800000 300000 200000
6300000 4800000 300000 200000
6600000 4800000 300000 200000
6900000 4800000 200000 300000
7200000 4800000 200000 300000
7500000 4800000 300000 200000
7800000 4800000 200000 300000
8100000 4800000 300000 200000
8400000 4800000 300000 200000
8700000 4800000 300000 200000
9000000 4800000 300000 200000
9300000 4800000 300000 200000
9600000 4800000 300000 200000
9900000 4800000 300000 200000
10200000 4800000 200000 300000
10500000 4800000 200000 300000
10800000 4800000 200000 300000
11100000 4800000 200000 300000
11400000 4800000 200000 300000
11700000 4800000 300000 200000
12000000 4800000 200000 300000
12300000 4800000 200000 300000
12600000 4800000 300000 200000
12900000 4800000 200000 300000
13200000 4800000 200000 300000
13500000 4800000 200000 300000
13800000 4800000 300000 200000
14100000 4800000 300000 200000
14400000 4800000 300000 200000
14700000 4800000 200000 300000
0 5000000 300000 200000
300000 5000000 200000 300000
600000 5000000 200000 300000
900000 5000000 200000 300000
1200000 5000000 200000 300000
1500000 5000000 300000 200000
1800000 5000000 200000 300000
2100000 5000000 200000 300000
2400000 5000000 300000 200000
2700000 5000000 300000 200000
3000000 5000000 300000 200000
3300000 5000000 300000 200000
3600000 5000000 200000 300000
3900000 5000000 300000 200000
4200000 5000000 200000 300000
4500000 5000000 300000 200000
4800000 5000000 300000 200000
5100000 5000000 200000 300000
5400000 5000000 200000 300000
5700000 5000000 200000 300000
6000000 5000000 200000 300000
6300000 5000000 200000 300000
6600000 5000000 300000 200000
6900000 5000000 200000 300000
7200000 5000000 300000 200000
7500000 5000000 300000 200000
7800000 5000000 300000 200000
8100000 5000000 300000 200000
8400000 5000000 300000 200000
8700000 5000000 200000 300000
9000000 5000000 300000 200000
9300000 5000000 200000 300000
9600000 5000000 200000 300000
9900000 5000000 300000 200000
10200000 5000000 300000 200000
10500000 5000000 200000 300000
10800000 5000000 300000 200000
11100000 5000000 200000 300000
11400000 5000000 300000 200000
11700000 5000000 200000 300000
12000000 5000000 300000 200000
12300000 5000000 200000 300000
12600000 5000000 200000 300000
12900000 5000000 200000 300000
13200000 5000000 300000 200000
13500000 5000000 200000 300000
13800000 5000000 300000 200000
14100000 5000000 200000 300000
14400000 5000000 300000 200000
14700000 5000000 300000 200000
0 5200000 200000 300000
300000 5200000 200000 300000
600000 5200000 300000 200000
900000 5200000 300000 200000
1200000 5200000 300000 200000
1500000 5200000 300000 200000
1800000 5200000 200000 300000
2100000 5200000 200000 300000
2400000 5200000 300000 200000
2700000 5200000 300000 200000
3000000 5200000 200000 300000
3300000 5200000 300000 200000
3600000 5200000 200000 300000
3900000 5200000 200000 300000
4200000 5200000 300000 200000
4500000 5200000 300000 200000
4800000 5200000 300000 200000
5100000 5200000 300000 200000
5400000 5200000 300000 200000
5700000 5200000 200000 300000
6000000 5200000 300000 200000
6300000 5200000 300000 200000
6600000 5200000 300000 200000
6900000 5200000 300000 200000
7200000 5200000 300000 200000
7500000 5200000 300000 200000
7800000 5200000 200000 300000
8100000 5200000 300000 200000
8400000 5200000 200000 300000
8700000 5200000 200000 300000
9000000 5200000 300000 200000
9300000 5200000 200000 300000
9600000 5200000 200000 300000
9900000 5200000 300000 200000
10200000 5200000 200000 300000
10500000 5200000 300000 200000
10800000 5200000 200000 300000
11100000 5200000 300000 200000
11400000 5200000 200000 300000
11700000 5200000 200000 300000
12000000 5200000 300000 200000
12300000 5200000 300000 200000
12600000 5200000 200000 300000
12900000 5200000 300000 200000
13200000 5200000 300000 200000
13500000 5200000 300000 200000
13800000 5200000 200000 300000
14100000 5200000 300000 200000
14400000 5200000 300000 200000
14700000 5200000 200000 300000
0 5400000 300000 200000
300000 5400000 200000 300000
600000 5400000 300000 200000
900000 5400000 300000 200000
1200000 5400000 200000 300000
1500000 5400000 300000 200000
1800000 5400000 200000 300000
2100000 5400000 200000 300000
2400000 5400000 200000 300000
2700000 5400000 300000 200000
3000000 5400000 200000 300000
3300000 5400000 200000 300000
3600000 5400000 200000 300000
3900000 5400000 300000 200000
4200000 5400000 300000 200000
4500000 5400000 300000 200000
4800000 5400000 300000 200000
5100000 5400000 200000 300000
5400000 5400000 200000 300000
5700000 5400000 200000 300000
6000000 5400000 200000 300000
6300000 5400000 200000 300000
6600000 5400000 300000 200000
6900000 5400000 300000 200000
7200000 5400000 200000 300000
7500000 5400000 200000 300000
7800000 5400000 300000 200000
8100000 5400000 300000 200000
8400000 5400000 300000 200000
8700000 5400000 200000 300000
9000000 5400000 300000 200000
9300000 5400000 200000 300000
9600000 5400000 300000 200000
9900000 5400000 300000 200000
10200000 5400000 200000 300000
10500000 5400000 200000 300000
10800000 5400000 300000 200000
11100000 5400000 200000 300000
11400000 5400000 200000 300000
11700000 5400000 300000 200000
12000000 5400000 300000 200000
12300000 5400000 200000 300000
12600000 5400000 300000 200000
12900000 5400000 300000 200000
13200000 5400000 200000 300000
13500000 5400000 200000 300000
13800000 5400000 200000 300000
14100000 5400000 300000 200000
14400000 5400000 300000 200000
14700000 5400000 300000 200000
0 5600000 300000 200000
300000 5600000 200000 300000
600000 5600000 200000 300000
900000 5600000 200000 300000
1200000 5600000 200000 300000
1500000 5600000 300000 200000
1800000 5600000 200000 300000
2100000 5600000 300000 200000
2400000 5600000 300000 200000
2700000 5600000 300000 200000
3000000 5600000 200000 300000
3300000 5600000 200000 300000
3600000 5600000 300000 200000
3900000 5600000 300000 200000
4200000 5600000 300000 200000
4500000 5600000 200000 300000
4800000 5600000 200000 300000
5100000 5600000 300000 200000
5400000 5600000 300000 200000
5700000 5600000 200000 300000
6000000 5600000 300000 200000
6300000 5600000 200000 300000
6600000 5600000 200000 300000
6900000 5600000 200000 300000
7200000 5600000 200000 300000
7500000 5600000 200000 300000
7800000 5600000 300000 200000
8100000 5600000 200000 300000
8400000 5600000 300000 200000
8700000 5600000 300000 200000
9000000 5600000 200000 300000
9300000 5600000 200000 300000
9600000 5600000 300000 200000
9900000 5600000 300000 200000
10200000 5600000 200000 300000
10500000 5600000 300000 200000
10800000 5600000 200000 300000
11100000 5600000 300000 200000
11400000 5600000 300000 200000
11700000 5600000 300000 200000
12000000 5600000 300000 200000
12300000 5600000 200000 300000
12600000 5600000 200000 300000
12900000 5600000 300000 200000
13200000 5600000 200000 300000
13500000 5600000 300000 200000
13800000 5600000 300000 200000
14100000 5600000 300000 200000
14400000 5600000 200000 300000
14700000 5600000 200000 300000
0 5800000 300000 200000
300000 5800000 200000 300000
600000 5800000 300000 200000
900000 5800000 200000 300000
1200000 5800000 300000 200000
1500000 5800000 200000 300000
1800000 5800000 200000 300000
2100000 5800000 200000 300000
2400000 5800000 300000 200000
2700000 5800000 200000 300000
3000000 5800000 300000 200000
3300000 5800000 200000 300000
3600000 5800000 300000 200000
3900000 5800000 300000 200000
4200000 5800000 200000 300000
4500000 5800000 300000 200000
4800000 5800000 300000 200000
5100000 5800000 300000 200000
5400000 5800000 300000 200000
5700000 5800000 200000 300000
6000000 5800000 300000 200000
6300000 5800000 300000 200000
6600000 5800000 300000 200000
6900000 5800000 300000 200000
7200000 5800000 200000 300000
7500000 5800000 200000 300000
7800000 5800000 300000 200000
8100000 5800000 300000 200000
8400000 5800000 200000 300000
8700000 5800000 200000 300000
9000000 5800000 200000 300000
9300000 5800000 200000 300000
9600000 5800000 300000 200000
9900000 5800000 300000 200000
10200000 5800000 200000 300000
10500000 5800000 200000 300000
10800000 5800000 300000 200000
11100000 5800000 200000 300000
11400000 5800000 200000 300000
11700000 5800000 300000 200000
12000000 5800000 300000 200000
12300000 5800000 300000 200000
12600000 5800000 200000 300000
12900000 5800000 200000 300000
13200000 5800000 300000 200000
13500000 5800000 200000 300000
13800000 5800000 300000 200000
14100000 5800000 200000 300000
14400000 5800000 300000 200000
14700000 5800000 300000 200000
0 6000000 200000 300000
300000 6000000 300000 200000
600000 6000000 300000 200000
900000 6000000 200000 300000
1200000 6000000 200000 300000
1500000 6000000 300000 200000
1800000 6000000 200000 300000
2100000 6000000 300000 200000
2400000 6000000 300000 200000
2700000 6000000 200000 300000
3000000 6000000 200000 300000
3300000 6000000 200000 300000
3600000 6000000 200000 300000
3900000 6000000 200000 300000
4200000 6000000 300000 200000
4500000 6000000 300000 200000
4800000 6000000 300000 200000
5100000 6000000 200000 300000
5400000 6000000 300000 200000
5700000 6000000 300000 200000
6000000 6000000 200000 300000
6300000 6000000 300000 200000
6600000 6000000 300000 200000
6900000 6000000 200000 300000
7200000 6000000 300000 200000
7500000 6000000 300000 200000
7800000 6000000 200000 300000
8100000 6000000 200000 300000
8400000 6000000 300000 200000
8700000 6000000 300000 200000
9000000 6000000 300000 200000
9300000 6000000 300000 200000
9600000 6000000 300000 200000
9900000 6000000 300000 200000
10200000 6000000 300000 200000
10500000 6000000 200000 300000
10800000 6000000 200000 300000
11100000 6000000 300000 200000
11400000 6000000 200000 300000
11700000 6000000 200000 300000
12000000 6000000 200000 300000
12300000 6000000 200000 300000
12600000 6000000 300000 200000
12900000 6000000 200000 300000
13200000 6000000 200000 300000
13500000 6000000 200000 300000
13800000 6000000 300000 200000
14100000 6000000 300000 200000
14400000 6000000 300000 200000
14700000 6000000 200000 300000
0 6200000 300000 200000
300000 6200000 200000 300000
600000 6200000 300000 200000
900000 6200000 200000 300000
1200000 6200000 200000 300000
1500000 6200000 200000 300000
1800000 6200000 300000 200000
2100000 6200000 300000 200000
2400000 6200000 200000 300000
2700000 6200000 200000 300000
3000000 6200000 200000 300000
3300000 6200000 300000 200000
3600000 6200000 300000 200000
3900000 6200000 300000 200000
4200000 6200000 300000 200000
4500000 6200000 200000 300000
4800000 6200000 200000 300000
5100000 6200000 200000 300000
5400000 6200000 300000 200000
5700000 6200000 200000 300000
6000000 6200000 300000 200000
6300000 6200000 200000 300000
6600000 6200000 300000 200000
6900000 6200000 200000 300000
7200000 6200000 300000 200000
7500000 6200000 300000 200000
7800000 6200000 200000 300000
8100000 6200000 300000 200000
8400000 6200000 200000 300000
8700000 6200000 200000 300000
9000000 6200000 200000 300000
9300000 6200000 200000 300000
9600000 6200000 200000 300000
9900000 6200000 300000 200000
10200000 6200000 300000 200000
10500000 6200000 300000 200000
10800000 6200000 200000 300000
11100000 6200000 300000 200000
11400000 6200000 200000 300000
11700000 6200000 200000 300000
12000000 6200000 200000 300000
12300000 6200000 200000 300000
12600000 6200000 300000 200000
12900000 6200000 200000 300000
13200000 6200000 300000 200000
13500000 6200000 300000 200000
13800000 6200000 200000 300000
14100000 6200000 300000 200000
14400000 6200000 200000 300000
14700000 6200000 300000 200000
0 6400000 200000 300000
300000 6400000 200000 300000
600000 6400000 200000 300000
900000 6400000 200000 300000
1200000 6400000 300000 200000
1500000 6400000 300000 200000
1800000 6400000 300000 200000
2100000 6400000 300000 200000
2400000 6400000 200000 300000
2700000 6400000 200000 300000
3000000 6400000 200000 300000
3300000 6400000 200000 300000
3600000 6400000 300000 200000
3900000 6400000 300000 200000
4200000 6400000 300000 200000
4500000 6400000 200000 300000
4800000 6400000 200000 300000
5100000 6400000 200000 300000
5400000 6400000 300000 200000
5700000 6400000 300000 200000
6000000 6400000 200000 300000
6300000 6400000 300000 200000
6600000 6400000 200000 300000
6900000 6400000 300000 200000
7200000 6400000 300000 200000
7500000 6400000 300000 200000
7800000 6400000 200000 300000
8100000 6400000 300000 200000
8400000 6400000 200000 300000
8700000 6400000 300000 200000
9000000 6400000 200000 300000
9300000 6400000 300000 200000
9600000 6400000 300000 200000
9900000 6400000 300000 200000
10200000 6400000 300000 200000
10500000 6400000 300000 200000
10800000 6400000 200000 300000
11100000 6400000 300000 200000
11400000 6400000 300000 200000
11700000 6400000 200000 300000
12000000 6400000 200000 300000
12300000 6400000 300000 200000
12600000 6400000 200000 300000
12900000 6400000 300000 200000
13200000 6400000 200000 300000
13500000 6400000 200000 300000
13800000 6400000 300000 200000
14100000 6400000 200000 300000
14400000 6400000 200000 300000
14700000 6400000 300000 200000
0 6600000 300000 200000
300000 6600000 200000 300000
600000 6600000 200000 300000
900000 6600000 300000 200000
1200000 6600000 300000 200000
1500000 6600000 200000 300000
1800000 6600000 300000 200000
2100000 6600000 200000 300000
2400000 6600000 300000 200000
2700000 6600000 200000 300000
3000000 6600000 200000 300000
3300000 6600000 200000 300000
3600000 6600000 200000 300000
3900000 6600000 200000 300000
4200000 6600000 300000 200000
4500000 6600000 300000 200000
4800000 6600000 300000 200000
5100000 6600000 200000 300000
5400000 6600000 200000 300000
5700000 6600000 300000 200000
6000000 6600000 200000 300000
6300000 6600000 200000 300000
6600000 6600000 300000 200000
6900000 6600000 300000 200000
7200000 6600000 200000 300000
7500000 6600000 300000 200000
7800000 6600000 200000 300000
8100000 6600000 200000 300000
8400000 6600000 200000 300000
8700000 6600000 300000 200000
9000000 6600000 300000 200000
9300000 6600000 200000 300000
9600000 6600000 200000 300000
9900000 6600000 200000 300000
10200000 6600000 300000 200000
10500000 6600000 200000 300000
10800000 6600000 300000 200000
11100000 6600000 300000 200000
11400000 6600000 300000 200000
11700000 6600000 200000 300000
12000000 6600000 300000 200000
12300000 6600000 200000 300000
12600000 6600000 200000 300000
12900000 6600000 200000 300000
13200000 6600000 300000 200000
13500000 6600000 200000 300000
13800000 6600000 300000 200000
14100000 6600000 300000 200000
14400000 6600000 200000 300000
14700000 6600000 300000 200000
0 6800000 300000 200000
300000 6800000 200000 300000
600000 6800000 300000 200000
900000 6800000 300000 200000
1200000 6800000 200000 300000
1500000 6800000 200000 300000
1800000 6800000 300000 200000
2100000 6800000 200000 300000
2400000 6800000 300000 200000
2700000 6800000 200000 300000
3000000 6800000 300000 200000
3300000 6800000 300000 200000
3600000 6800000 200000 300000
3900000 6800000 300000 200000
4200000 6800000 200000 300000
4500000 6800000 200000 300000
4800000 6800000 200000 300000
5100000 6800000 200000 300000
5400000 6800000 300000 200000
5700000 6800000 200000 300000
6000000 6800000 200000 300000
6300000 6800000 300000 200000
6600000 6800000 300000 200000
6900000 6800000 200000 300000
7200000 6800000 300000 200000
7500000 6800000 300000 200000
7800000 6800000 300000 200000
8100000 6800000 300000 200000
8400000 6800000 200000 300000
8700000 6800000 300000 200000
9000000 6800000 300000 200000
9300000 6800000 300000 200000
9600000 6800000 300000 200000
9900000 6800000 200000 300000
10200000 6800000 300000 200000
10500000 6800000 300000 200000
10800000 6800000 200000 300000
11100000 6800000 200000 300000
11400000 6800000 300000 200000
11700000 6800000 300000 200000
12000000 6800000 300000 200000
12300000 6800000 300000 200000
12600000 6800000 300000 200000
12900000 6800000 300000 200000
13200000 6800000 300000 200000
13500000 6800000 200000 300000
13800000 6800000 200000 300000
14100000 6800000 300000 200000
14400000 6800000 200000 300000
14700000 6800000 300000 200000
0 7000000 200000 300000
300000 7000000 200000 300000
600000 7000000 300000 200000
900000 7000000 300000 200000
1200000 7000000 200000 300000
1500000 7000000 200000 300000
1800000 7000000 200000 300000
2100000 7000000 300000 200000
2400000 7000000 200000 300000
2700000 7000000 200000 300000
3000000 7000000 200000 300000
3300000 7000000 200000 300000
3600000 7000000 200000 300000
3900000 7000000 200000 300000
4200000 7000000 300000 200000
4500000 7000000 200000 300000
4800000 7000000 200000 300000
5100000 7000000 200000 300000
5400000 7000000 200000 300000
5700000 7000000 200000 300000
6000000 7000000 300000 200000
6300000 7000000 300000 200000
6600000 7000000 200000 300000
6900000 7000000 300000 200000
7200000 7000000 300000 200000
7500000 7000000 300000 200000
7800000 7000000 200000 300000
8100000 7000000 200000 300000
8400000 7000000 200000 300000
8700000 7000000 300000 200000
9000000 7000000 200000 300000
9300000 7000000 300000 200000
9600000 7000000 200000 300000
9900000 7000000 300000 200000
10200000 7000000 300000 200000
10500000 7000000 300000 200000
10800000 7000000 200000 300000
11100000 7000000 300000 200000
11400000 7000000 300000 200000
11700000 7000000 200000 300000
12000000 7000000 300000 200000
12300000 7000000 200000 300000
12600000 7000000 300000 200000
12900000 7000000 200000 300000
13200000 7000000 300000 200000
13500000 7000000 300000 200000
13800000 7000000 200000 300000
14100000 7000000 200000 300000
14400000 7000000 200000 300000
14700000 7000000 300000 200000
0 7200000 300000 200000
300000 7200000 200000 300000
600000 7200000 300000 200000
900000 7200000 200000 300000
1200000 7200000 300000 200000
1500000 7200000 300000 200000
1800000 7200000 200000 300000
2100000 7200000 200000 300000
2400000 7200000 300000 200000
2700000 7200000 200000 300000
3000000 7200000 200000 300000
3300000 7200000 200000 300000
3600000 7200000 300000 200000
3900000 7200000 300000 200000
4200000 7200000 300000 200000
4500000 7200000 300000 200000
4800000 7200000 300000 200000
5100000 7200000 300000 200000
5400000 7200000 200000 300000
5700000 7200000 300000 200000
6000000 7200000 200000 300000
6300000 7200000 300000 200000
6600000 7200000 200000 300000
6900000 7200000 300000 200000
7200000 7200000 300000 200000
7500000 7200000 300000 200000
7800000 7200000 200000 300000
8100000 7200000 200000 300000
8400000 7200000 300000 200000
8700000 7200000 200000 300000
9000000 7200000 200000 300000
9300000 7200000 300000 200000
9600000 7200000 300000 200000
9900000 7200000 300000 200000
10200000 7200000 300000 200000
10500000 7200000 300000 200000
10800000 7200000 300000 200000
11100000 7200000 200000 300000
11400000 7200000 300000 200000
11700000 7200000 200000 300000
12000000 7200000 300000 200000
12300000 7200000 300000 200000
12600000 7200000 200000 300000
12900000 7200000 200000 300000
13200000 7200000 200000 300000
13500000 7200000 200000 300000
13800000 7200000 200000 300000
14100000 7200000 200000 300000
14400000 7200000 300000 200000
14700000 7200000 200000 300000
0 7400000 200000 300000
300000 7400000 300000 200000
600000 7400000 300000 200000
900000 7400000 300000 200000
1200000 7400000 200000 300000
1500000 7400000 300000 200000
1800000 7400000 200000 300000
2100000 7400000 300000 200000
2400000 7400000 300000 200000
2700000 7400000 200000 300000
3000000 7400000 300000 200000
3300000 7400000 200000 300000
3600000 7400000 300000 200000
3900000 7400000 300000 200000
4200000 7400000 300000 200000
4500000 7400000 200000 300000
4800000 7400000 200000 300000
5100000 7400000 200000 300000
5400000 7400000 200000 300000
5700000 7400000 300000 200000
6000000 7400000 200000 300000
6300000 7400000 300000 200000
6600000 7400000 200000 300000
6900000 7400000 200000 300000
7200000 7400000 200000 300000
7500000 7400000 300000 200000
7800000 7400000 200000 300000
8100000 7400000 200000 300000
8400000 7400000 300000 200000
8700000 7400000 200000 300000
9000000 7400000 300000 200000
9300000 7400000 200000 300000
9600000 7400000 200000 300000
9900000 7400000 300000 200000
10200000 7400000 200000 300000
10500000 7400000 300000 200000
10800000 7400000 200000 300000
11100000 7400000 200000 300000
11400000 7400000 300000 200000
11700000 7400000 200000 300000
12000000 7400000 300000 200000
12300000 7400000 200000 300000
12600000 7400000 200000 300000
12900000 7400000 200000 300000
13200000 7400000 200000 300000
13500000 7400000 200000 300000
13800000 7400000 200000 300000
14100000 7400000 200000 300000
14400000 7400000 200000 300000
14700000 7400000 200000 300000
0 7600000 200000 300000
300000 7600000 300000 200000
600000 7600000 300000 200000
900000 7600000 300000 200000
1200000 7600000 200000 300000
1500000 7600000 200000 300000
1800000 7600000 200000 300000
2100000 7600000 200000 300000
2400000 7600000 200000 300000
2700000 7600000 300000 200000
3000000 7600000 200000 300000
3300000 7600000 200000 300000
3600000 7600000 300000 200000
3900000 7600000 300000 200000
4200000 7600000 200000 300000
4500000 7600000 300000 200000
4800000 7600000 200000 300000
5100000 7600000 300000 200000
5400000 7600000 300000 200000
5700000 7600000 300000 200000
6000000 7600000 200000 300000
6300000 7600000 300000 200000
6600000 7600000 200000 300000
6900000 7600000 300000 200000
7200000 7600000 200000 300000
7500000 7600000 300000 200000
7800000 7600000 200000 300000
8100000 7600000 300000 200000
8400000 7600000 200000 300000
8700000 7600000 300000 200000
9000000 7600000 300000 200000
9300000 7600000 200000 300000
9600000 7600000 300000 200000
9900000 7600000 300000 200000
10200000 7600000 200000 300000
10500000 7600000 200000 300000
10800000 7600000 300000 200000
11100000 7600000 200000 300000
11400000 7600000 200000 300000
11700000 7600000 200000 300000
12000000 7600000 300000 200000
12300000 7600000 300000 200000
12600000 7600000 300000 200000
12900000 7600000 200000 300000
13200000 7600000 300000 200000
13500000 7600000 200000 300000
13800000 7600000 200000 300000
14100000 7600000 200000 300000
14400000 7600000 200000 300000
14700000 7600000 300000 200000
0 7800000 300000 200000
300000 7800000 300000 200000
600000 7800000 300000 200000
900000 7800000 200000 300000
1200000 7800000 200000 300000
1500000 7800000 300000 200000
1800000 7800000 200000 300000
2100000 7800000 200000 300000
2400000 7800000 300000 200000
2700000 7800000 200000 300000
3000000 7800000 300000 200000
3300000 7800000 300000 200000
3600000 7800000 300000 200000
3900000 7800000 300000 200000
4200000 7800000 200000 300000
4500000 7800000 300000 200000
4800000 7800000 300000 200000
5100000 7800000 300000 200000
5400000 7800000 300000 200000
5700000 7800000 200000 300000
6000000 7800000 200000 300000
6300000 7800000 200000 300000
6600000 7800000 300000 200000
6900000 7800000 200000 300000
7200000 7800000 300000 200000
7500000 7800000 300000 200000
7800000 7800000 300000 200000
8100000 7800000 200000 300000
8400000 7800000 300000 200000
8700000 7800000 200000 300000
9000000 7800000 200000 300000
9300000 7800000 300000 200000
9600000 7800000 200000 300000
9900000 7800000 300000 200000
10200000 7800000 300000 200000
10500000 7800000 300000 200000
10800000 7800000 200000 300000
11100000 7800000 300000 200000
11400000 7800000 300000 200000
11700000 7800000 200000 300000
12000000 7800000 200000 300000
12300000 7800000 300000 200000
12600000 7800000 200000 300000
12900000 7800000 200000 300000
13200000 7800000 300000 200000
13500000 7800000 200000 300000
13800000 7800000 300000 200000
14100000 7800000 300000 200000
14400000 7800000 300000 200000
14700000 7800000 200000 300000
0 8000000 300000 200000
300000 8000000 300000 200000
600000 8000000 300000 200000
900000 8000000 200000 300000
1200000 8000000 200000 300000
1500000 8000000 300000 200000
1800000 8000000 300000 200000
2100000 8000000 300000 200000
2400000 8000000 200000 300000
2700000 8000000 200000 300000
3000000 8000000 300000 200000
3300000 8000000 200000 300000
3600000 8000000 200000 300000
3900000 8000000 300000 200000
4200000 8000000 200000 300000
4500000 8000000 300000 200000
4800000 8000000 300000 200000
5100000 8000000 200000 300000
5400000 8000000 300000 200000
5700000 8000000 200000 300000
6000000 8000000 300000 200000
6300000 8000000 300000 200000
6600000 8000000 200000 300000
6900000 8000000 300000 200000
7200000 8000000 300000 200000
7500000 8000000 300000 200000
7800000 8000000 200000 300000
8100000 8000000 200000 300000
8400000 8000000 300000 200000
8700000 8000000 200000 300000
9000000 8000000 300000 200000
9300000 8000000 300000 200000
9600000 8000000 300000 200000
9900000 8000000 200000 300000
10200000 8000000 200000 300000
10500000 8000000 200000 300000
10800000 8000000 300000 200000
11100000 8000000 200000 300000
11400000 8000000 200000 300000
11700000 8000000 300000 200000
12000000 8000000 300000 200000
12300000 8000000 200000 300000
12600000 8000000 300000 200000
12900000 8000000 300000 200000
13200000 8000000 200000 300000
13500000 8000000 200000 300000
13800000 8000000 200000 300000
14100000 8000000 200000 300000
14400000 8000000 300000 200000
14700000 8000000 200000 300000
0 8200000 300000 200000
300000 8200000 300000 200000
600000 8200000 200000 300000
900000 8200000 200000 300000
1200000 8200000 200000 300000
1500000 8200000 300000 200000
1800000 8200000 300000 200000
2100000 8200000 200000 300000
2400000 8200000 200000 300000
2700000 8200000 200000 300000
3000000 8200000 200000 300000
3300000 8200000 300000 200000
3600000 8200000 200000 300000
3900000 8200000 200000 300000
4200000 8200000 200000 300000
4500000 8200000 200000 300000
4800000 8200000 300000 200000
5100000 8200000 300000 200000
5400000 8200000 300000 200000
5700000 8200000 200000 300000
6000000 8200000 200000 300000
6300000 8200000 200000 300000
6600000 8200000 200000 300000
6900000 8200000 200000 300000
7200000 8200000 300000 200000
7500000 8200000 300000 200000
7800000 8200000 200000 300000
8100000 8200000 300000 200000
8400000 8200000 300000 200000
8700000 8200000 300000 200000
9000000 8200000 200000 300000
9300000 8200000 300000 200000
9600000 8200000 300000 200000
9900000 8200000 200000 300000
10200000 8200000 300000 200000
10500000 8200000 300000 200000
10800000 8200000 200000 300000
11100000 8200000 300000 200000
11400000 8200000 200000 300000
11700000 8200000 300000 200000
12000000 8200000 300000 200000
12300000 8200000 200000 300000
12600000 8200000 300000 200000
12900000 8200000 300000 200000
13200000 8200000 300000 200000
13500000 8200000 300000 200000
13800000 8200000 200000 300000
14100000 8200000 200000 300000
14400000 8200000 300000 200000
14700000 8200000 200000 300000
0 8400000 300000 200000
300000 8400000 200000 300000
600000 8400000 200000 300000
900000 8400000 300000 200000
1200000 8400000 200000 300000
1500000 8400000 300000 200000
1800000 8400000 300000 200000
2100000 8400000 200000 300000
2400000 8400000 300000 200000
2700000 8400000 200000 300000
3000000 8400000 200000 300000
3300000 8400000 200000 300000
3600000 8400000 300000 200000
3900000 8400000 200000 300000
4200000 8400000 300000 200000
4500000 8400000 300000 200000
4800000 8400000 300000 200000
5100000 8400000 300000 200000
5400000 8400000 300000 200000
5700000 8400000 200000 300000
6000000 8400000 300000 200000
6300000 8400000 200000 300000
6600000 8400000 200000 300000
6900000 8400000 300000 200000
7200000 8400000 300000 200000
7500000 8400000 300000 200000
7800000 8400000 300000 200000
8100000 8400000 200000 300000
8400000 8400000 200000 300000
8700000 8400000 300000 200000
9000000 8400000 300000 200000
9300000 8400000 200000 300000
9600000 8400000 300000 200000
9900000 8400000 300000 200000
10200000 8400000 200000 300000
10500000 8400000 200000 300000
10800000 8400000 300000 200000
11100000 8400000 300000 200000
11400000 8400000 300000 200000
11700000 8400000 300000 200000
12000000 8400000 200000 300000
12300000 8400000 300000 200000
12600000 8400000 200000 300000
12900000 8400000 200000 300000
13200000 8400000 200000 300000
13500000 8400000 300000 200000
13800000 8400000 200000 300000
14100000 8400000 200000 300000
14400000 8400000 200000 300000
14700000 8400000 200000 300000
0 8600000 200000 300000
300000 8600000 200000 300000
600000 8600000 200000 300000
900000 8600000 300000 200000
1200000 8600000 200000 300000
1500000 8600000 200000 300000
1800000 8600000 200000 300000
2100000 8600000 300000 200000
2400000 8600000 300000 200000
2700000 8600000 300000 200000
3000000 8600000 200000 300000
3300000 8600000 200000 300000
3600000 8600000 200000 300000
3900000 8600000 200000 300000
4200000 8600000 300000 200000
4500000 8600000 200000 300000
4800000 8600000 300000 200000
5100000 8600000 200000 300000
5400000 8600000 300000 200000
5700000 8600000 200000 300000
6000000 8600000 200000 300000
6300000 8600000 200000 300000
6600000 8600000 200000 300000
6900000 8600000 300000 200000
7200000 8600000 300000 200000
7500000 8600000 200000 300000
7800000 8600000 300000 200000
8100000 8600000 300000 200000
8400000 8600000 200000 300000
8700000 8600000 300000 200000
9000000 8600000 200000 300000
9300000 8600000 200000 300000
9600000 8600000 200000 300000
9900000 8600000 300000 200000
10200000 8600000 200000 300000
10500000 8600000 300000 200000
10800000 8600000 200000 300000
11100000 8600000 300000 200000
11400000 8600000 300000 200000
11700000 8600000 300000 200000
12000000 8600000 300000 200000
12300000 8600000 200000 300000
12600000 8600000 300000 200000
12900000 8600000 300000 200000
13200000 8600000 300000 200000
13500000 8600000 300000 200000
13800000 8600000 200000 300000
14100000 8600000 300000 200000
14400000 8600000 200000 300000
14700000 8600000 300000 200000
0 8800000 300000 200000
300000 8800000 200000 300000
600000 8800000 200000 300000
900000 8800000 200000 300000
1200000 8800000 200000 300000
1500000 8800000 300000 200000
1800000 8800000 200000 300000
2100000 8800000 200000 300000
2400000 8800000 200000 300000
2700000 8800000 300000 200000
3000000 8800000 300000 200000
3300000 8800000 200000 300000
3600000 8800000 200000 300000
3900000 8800000 200000 300000
4200000 8800000 200000 300000
4500000 8800000 300000 200000
4800000 8800000 200000 300000
5100000 8800000 200000 300000
5400000 8800000 200000 300000
5700000 8800000 300000 200000
6000000 8800000 200000 300000
6300000 8800000 300000 200000
6600000 8800000 300000 200000
6900000 8800000 200000 300000
7200000 8800000 200000 300000
7500000 8800000 300000 200000
7800000 8800000 300000 200000
8100000 8800000 200000 300000
8400000 8800000 300000 200000
8700000 8800000 300000 200000
9000000 8800000 200000 300000
9300000 8800000 300000 200000
9600000 8800000 300000 200000
9900000 8800000 200000 300000
10200000 8800000 200000 300000
10500000 8800000 200000 300000
10800000 8800000 200000 300000
11100000 8800000 300000 200000
11400000 8800000 200000 300000
11700000 8800000 200000 300000
12000000 8800000 300000 200000
12300000 8800000 300000 200000
12600000 8800000 200000 300000
12900000 8800000 200000 300000
13200000 8800000 300000 200000
13500000 8800000 300000 200000
13800000 8800000 200000 300000
14100000 8800000 200000 300000
14400000 8800000 200000 300000
14700000 8800000 200000 300000
0 9000000 200000 300000
300000 9000000 200000 300000
600000 9000000 200000 300000
900000 9000000 300000 200000
1200000 9000000 200000 300000
1500000 9000000 200000 300000
1800000 9000000 200000 300000
2100000 9000000 300000 200000
2400000 9000000 300000 200000
2700000 9000000 200000 300000
3000000 9000000 200000 300000
3300000 9000000 300000 200000
3600000 9000000 200000 300000
3900000 9000000 300000 200000
4200000 9000000 200000 300000
4500000 9000000 200000 300000
4800000 9000000 300000 200000
5100000 9000000 300000 200000
5400000 9000000 300000 200000
5700000 9000000 200000 300000
6000000 9000000 300000 200000
6300000 9000000 300000 200000
6600000 9000000 300000 200000
6900000 9000000 200000 300000
7200000 9000000 200000 300000
7500000 9000000 200000 300000
7800000 9000000 200000 300000
8100000 9000000 200000 300000
8400000 9000000 200000 300000
8700000 9000000 300000 200000
9000000 9000000 200000 300000
9300000 9000000 300000 200000
9600000 9000000 200000 300000
9900000 9000000 300000 200000
10200000 9000000 200000 300000
10500000 9000000 200000 300000
10800000 9000000 200000 300000
11100000 9000000 200000 300000
11400000 9000000 200000 300000
11700000 9000000 300000 200000
12000000 9000000 300000 200000
12300000 9000000 300000 200000
12600000 9000000 200000 300000
12900000 9000000 300000 200000
13200000 9000000 200000 300000
13500000 9000000 300000 200000
13800000 9000000 300000 200000
14100000 9000000 300000 200000
14400000 9000000 300000 200000
14700000 9000000 300000 200000
0 9200000 300000 200000
300000 9200000 300000 200000
600000 9200000 300000 200000
900000 9200000 200000 300000
1200000 9200000 200000 300000
1500000 9200000 300000 200000
1800000 9200000 300000 200000
2100000 9200000 200000 300000
2400000 9200000 300000 200000
2700000 9200000 300000 200000
3000000 9200000 300000 200000
3300000 9200000 200000 300000
3600000 9200000 200000 300000
3900000 9200000 200000 300000
4200000 9200000 300000 200000
4500000 9200000 200000 300000
4800000 9200000 300000 200000
5100000 9200000 300000 200000
5400000 9200000 300000 200000
5700000 9200000 200000 300000
6000000 9200000 300000 200000
6300000 9200000 300000 200000
6600000 9200000 200000 300000
6900000 9200000 300000 200000
7200000 9200000 200000 300000
7500000 9200000 300000 200000
7800000 9200000 200000 300000
8100000 9200000 200000 300000
8400000 9200000 300000 200000
8700000 9200000 200000 300000
9000000 9200000 200000 300000
9300000 9200000 300000 200000
9600000 9200000 300000 200000
9900000 9200000 200000 300000
10200000 9200000 300000 200000
10500000 9200000 300000 200000
10800000 9200000 300000 200000
11100000 9200000 300000 200000
11400000 9200000 300000 200000
11700000 9200000 300000 200000
12000000 9200000 300000 200000
12300000 9200000 300000 200000
12600000 9200000 300000 200000
12900000 9200000 300000 200000
13200000 9200000 300000 200000
13500000 9200000 300000 200000
13800000 9200000 200000 300000
14100000 9200000 200000 300000
14400000 9200000 200000 300000
14700000 9200000 200000 300000
0 9400000 200000 300000
300000 9400000 300000 200000
600000 9400000 300000 200000
900000 9400000 200000 300000
1200000 9400000 300000 200000
1500000 9400000 200000 300000
1800000 9400000 300000 200000
2100000 9400000 300000 200000
2400000 9400000 300000 200000
2700000 9400000 200000 300000
3000000 9400000 300000 200000
3300000 9400000 200000 300000
3600000 9400000 200000 300000
3900000 9400000 300000 200000
4200000 9400000 200000 300000
4500000 9400000 200000 300000
4800000 9400000 200000 300000
5100000 9400000 300000 200000
5400000 9400000 200000 300000
5700000 9400000 200000 300000
6000000 9400000 300000 200000
6300000 9400000 300000 200000
6600000 9400000 200000 300000
6900000 9400000 200000 300000
7200000 9400000 200000 300000
7500000 9400000 300000 200000
7800000 9400000 200000 300000
8100000 9400000 300000 200000
8400000 9400000 200000 300000
8700000 9400000 300000 200000
9000000 9400000 200000 300000
9300000 9400000 300000 200000
9600000 9400000 200000 300000
9900000 9400000 200000 300000
10200000 9400000 300000 200000
10500000 9400000 300000 200000
10800000 9400000 300000 200000
11100000 9400000 200000 300000
11400000 9400000 200000 300000
11700000 9400000 200000 300000
12000000 9400000 300000 200000
12300000 9400000 300000 200000
12600000 9400000 300000 200000
12900000 9400000 200000 300000
13200000 9400000 200000 300000
13500000 9400000 200000 300000
13800000 9400000 200000 300000
14100000 9400000 300000 200000
14400000 9400000 200000 300000
14700000 9400000 300000 200000
0 9600000 300000 200000
300000 9600000 200000 300000
600000 9600000 200000 300000
900000 9600000 200000 300000
1200000 9600000 300000 200000
1500000 9600000 200000 300000
1800000 9600000 300000 200000
2100000 9600000 300000 200000
2400000 9600000 300000 200000
2700000 9600000 300000 200000
3000000 9600000 200000 300000
3300000 9600000 300000 200000
3600000 9600000 200000 300000
3900000 9600000 200000 300000
4200000 9600000 300000 200000
4500000 9600000 300000 200000
4800000 9600000 200000 300000
5100000 9600000 300000 200000
5400000 9600000 200000 300000
5700000 9600000 200000 300000
6000000 9600000 300000 200000
6300000 9600000 200000 300000
6600000 9600000 300000 200000
6900000 9600000 300000 200000
7200000 9600000 200000 300000
7500000 9600000 200000 300000
7800000 9600000 200000 300000
8100000 9600000 300000 200000
8400000 9600000 300000 200000
8700000 9600000 300000 200000
9000000 9600000 200000 300000
9300000 9600000 200000 300000
9600000 9600000 300000 200000
9900000 9600000 300000 200000
10200000 9600000 300000 200000
10500000 9600000 300000 200000
10800000 9600000 300000 200000
11100000 9600000 200000 300000
11400000 9600000 200000 300000
11700000 9600000 300000 200000
12000000 9600000 300000 200000
12300000 9600000 200000 300000
12600000 9600000 200000 300000
12900000 9600000 200000 300000
13200000 9600000 300000 200000
13500000 9600000 300000 200000
13800000 9600000 300000 200000
14100000 9600000 300000 200000
14400000 9600000 300000 200000
14700000 9600000 300000 200000
0 9800000 200000 300000
300000 9800000 300000 200000
600000 9800000 300000 200000
900000 9800000 200000 300000
1200000 9800000 300000 200000
1500000 9800000 300000 200000
1800000 9800000 200000 300000
2100000 9800000 200000 300000
2400000 9800000 200000 300000
2700000 9800000 300000 200000
3000000 9800000 300000 200000
3300000 9800000 300000 200000
3600000 9800000 200000 300000
3900000 9800000 300000 200000
4200000 9800000 200000 300000
4500000 9800000 200000 300000
4800000 9800000 300000 200000
5100000 9800000 200000 300000
5400000 9800000 200000 300000
5700000 9800000 300000 200000
6000000 9800000 200000 300000
6300000 9800000 300000 200000
6600000 9800000 300000 200000
6900000 9800000 200000 300000
7200000 9800000 200000 300000
7500000 9800000 200000 300000
7800000 9800000 300000 200000
8100000 9800000 300000 200000
8400000 9800000 300000 200000
8700000 9800000 200000 300000
9000000 9800000 300000 200000
9300000 9800000 300000 200000
9600000 9800000 300000 200000
9900000 9800000 300000 200000
10200000 9800000 200000 300000
10500000 9800000 200000 300000
10800000 9800000 200000 300000
11100000 9800000 300000 200000
11400000 9800000 300000 200000
11700000 9800000 200000 300000
12000000 9800000 200000 300000
12300000 9800000 300000 200000
12600000 9800000 300000 200000
12900000 9800000 300000 200000
13200000 9800000 300000 200000
13500000 9800000 200000 300000
13800000 9800000 300000 200000
14100000 9800000 200000 300000
14400000 9800000 200000 300000
14700000 9800000 200000 300000
