930
0 0 1000 987
987 0 987 1000
1974 0 987 1000
2961 0 987 1000
3948 0 987 1000
4935 0 987 1000
5922 0 987 1000
6909 0 1000 987
7896 0 987 1000
8883 0 1000 987
9870 0 987 1000
10857 0 1000 987
11844 0 987 1000
12831 0 987 1000
13818 0 1000 987
14805 0 987 1000
15792 0 1000 987
16779 0 1000 987
17766 0 1000 987
18753 0 1000 987
19740 0 1000 987
20727 0 1000 987
21714 0 987 1000
22701 0 987 1000
23688 0 987 1000
24675 0 987 1000
25662 0 1000 987
26649 0 987 1000
27636 0 987 1000
28623 0 987 1000
29610 0 1000 987
0 1000 1000 987
987 1000 1000 987
1974 1000 1000 987
2961 1000 1000 987
3948 1000 1000 987
4935 1000 1000 987
5922 1000 1000 987
6909 1000 987 1000
7896 1000 1000 987
8883 1000 1000 987
9870 1000 987 1000
10857 1000 1000 987
11844 1000 987 1000
12831 1000 1000 987
13818 1000 1000 987
14805 1000 1000 987
15792 1000 1000 987
16779 1000 987 1000
17766 1000 987 1000
18753 1000 1000 987
19740 1000 987 1000
20727 1000 1000 987
21714 1000 987 1000
22701 1000 1000 987
23688 1000 987 1000
24675 1000 1000 987
25662 1000 987 1000
26649 1000 987 1000
27636 1000 987 1000
28623 1000 987 1000
29610 1000 987 1000
0 2000 987 1000
987 2000 987 1000
1974 2000 1000 987
2961 2000 987 1000
3948 2000 987 1000
4935 2000 987 1000
5922 2000 1000 987
6909 2000 1000 987
7896 2000 1000 987
8883 2000 1000 987
9870 2000 1000 987
10857 2000 987 1000
11844 2000 987 1000
12831 2000 987 1000
13818 2000 1000 987
14805 2000 987 1000
15792 2000 1000 987
16779 2000 987 1000
17766 2000 1000 987
18753 2000 1000 987
19740 2000 1000 987
20727 2000 1000 987
21714 2000 987 1000
22701 2000 1000 987
23688 2000 987 1000
24675 2000 987 1000
25662 2000 987 1000
26649 2000 1000 987
27636 2000 1000 987
28623 2000 987 1000
29610 2000 1000 987
0 3000 1000 987
987 3000 987 1000
1974 3000 1000 987
2961 3000 1000 987
3948 3000 1000 987
4935 3000 987 1000
5922 3000 1000 987
6909 3000 1000 987
7896 3000 987 1000
8883 3000 1000 987
9870 3000 987 1000
10857 3000 987 1000
11844 3000 987 1000
12831 3000 987 1000
13818 3000 987 1000
14805 3000 1000 987
15792 3000 987 1000
16779 3000 987 1000
17766 3000 1000 987
18753 3000 987 1000
19740 3000 987 1000
20727 3000 1000 987
21714 3000 987 1000
22701 3000 1000 987
23688 3000 987 1000
24675 3000 987 1000
25662 3000 1000 987
26649 3000 1000 987
27636 3000 1000 987
28623 3000 987 1000
29610 3000 1000 987
0 4000 1000 987
987 4000 987 1000
1974 4000 987 1000
2961 4000 1000 987
3948 4000 987 1000
4935 4000 1000 987
5922 4000 1000 987
6909 4000 1000 987
7896 4000 1000 987
8883 4000 1000 987
9870 4000 987 1000
10857 4000 987 1000
11844 4000 987 1000
12831 4000 1000 987
13818 4000 1000 987
14805 4000 1000 987
15792 4000 987 1000
16779 4000 1000 987
17766 4000 987 1000
18753 4000 1000 987
19740 4000 987 1000
20727 4000 987 1000
21714 4000 987 1000
22701 4000 1000 987
23688 4000 1000 987
24675 4000 1000 987
25662 4000 987 1000
26649 4000 987 1000
27636 4000 1000 987
28623 4000 1000 987
29610 4000 987 1000
0 5000 1000 987
987 5000 1000 987
1974 5000 987 1000
2961 5000 987 1000
3948 5000 987 1000
4935 5000 987 1000
5922 5000 987 1000
6909 5000 1000 987
7896 5000 987 1000
8883 5000 1000 987
9870 5000 1000 987
10857 5000 1000 987
11844 5000 1000 987
12831 5000 987 1000
13818 5000 1000 987
14805 5000 987 1000
15792 5000 1000 987
16779 5000 987 1000
17766 5000 1000 987
18753 5000 1000 987
19740 5000 1000 987
20727 5000 987 1000
21714 5000 987 1000
22701 5000 1000 987
23688 5000 987 1000
24675 5000 1000 987
25662 5000 987 1000
26649 5000 1000 987
27636 5000 1000 987
28623 5000 1000 987
29610 5000 1000 987
0 6000 987 1000
987 6000 987 1000
1974 6000 1000 987
2961 6000 1000 987
3948 6000 1000 987
4935 6000 1000 987
5922 6000 987 1000
6909 6000 1000 987
7896 6000 1000 987
8883 6000 1000 987
9870 6000 987 1000
10857 6000 1000 987
11844 6000 987 1000
12831 6000 987 1000
13818 6000 987 1000
14805 6000 987 1000
15792 6000 1000 987
16779 6000 1000 987
17766 6000 987 1000
18753 6000 1000 987
19740 6000 1000 987
20727 6000 1000 987
21714 6000 1000 987
22701 6000 987 1000
23688 6000 987 1000
24675 6000 1000 987
25662 6000 1000 987
26649 6000 987 1000
27636 6000 1000 987
28623 6000 987 1000
29610 6000 1000 987
0 7000 987 1000
987 7000 1000 987
1974 7000 987 1000
2961 7000 1000 987
3948 7000 1000 987
4935 7000 987 1000
5922 7000 987 1000
6909 7000 1000 987
7896 7000 987 1000
8883 7000 1000 987
9870 7000 987 1000
10857 7000 987 1000
11844 7000 987 1000
12831 7000 987 1000
13818 7000 1000 987
14805 7000 1000 987
15792 7000 1000 987
16779 7000 987 1000
17766 7000 1000 987
18753 7000 987 1000
19740 7000 1000 987
20727 7000 987 1000
21714 7000 1000 987
22701 7000 987 1000
23688 7000 1000 987
24675 7000 987 1000
25662 7000 1000 987
26649 7000 987 1000
27636 7000 1000 987
28623 7000 987 1000
29610 7000 987 1000
0 8000 987 1000
987 8000 987 1000
1974 8000 1000 987
2961 8000 1000 987
3948 8000 987 1000
4935 8000 1000 987
5922 8000 987 1000
6909 8000 1000 987
7896 8000 1000 987
8883 8000 1000 987
9870 8000 987 1000
10857 8000 1000 987
11844 8000 1000 987
12831 8000 1000 987
13818 8000 987 1000
14805 8000 987 1000
15792 8000 987 1000
16779 8000 987 1000
17766 8000 987 1000
18753 8000 1000 987
19740 8000 987 1000
20727 8000 987 1000
21714 8000 987 1000
22701 8000 1000 987
23688 8000 1000 987
24675 8000 1000 987
25662 8000 1000 987
26649 8000 987 1000
27636 8000 1000 987
28623 8000 987 1000
29610 8000 1000 987
0 9000 1000 987
987 9000 987 1000
1974 9000 987 1000
2961 9000 987 1000
3948 9000 987 1000
4935 9000 1000 987
5922 9000 987 1000
6909 9000 1000 987
7896 9000 987 1000
8883 9000 1000 987
9870 9000 987 1000
10857 9000 1000 987
11844 9000 987 1000
12831 9000 987 1000
13818 9000 987 1000
14805 9000 1000 987
15792 9000 987 1000
16779 9000 1000 987
17766 9000 1000 987
18753 9000 1000 987
19740 9000 1000 987
20727 9000 1000 987
21714 9000 1000 987
22701 9000 1000 987
23688 9000 987 1000
24675 9000 1000 987
25662 9000 1000 987
26649 9000 987 1000
27636 9000 987 1000
28623 9000 987 1000
29610 9000 1000 987
0 10000 1000 987
987 10000 987 1000
1974 10000 1000 987
2961 10000 987 1000
3948 10000 1000 987
4935 10000 1000 987
5922 10000 1000 987
6909 10000 1000 987
7896 10000 987 1000
8883 10000 987 1000
9870 10000 987 1000
10857 10000 1000 987
11844 10000 987 1000
12831 10000 1000 987
13818 10000 987 1000
14805 10000 987 1000
15792 10000 1000 987
16779 10000 987 1000
17766 10000 1000 987
18753 10000 987 1000
19740 10000 1000 987
20727 10000 987 1000
21714 10000 987 1000
22701 10000 987 1000
23688 10000 987 1000
24675 10000 1000 987
25662 10000 987 1000
26649 10000 1000 987
27636 10000 987 1000
28623 10000 987 1000
29610 10000 987 1000
0 11000 1000 987
987 11000 987 1000
1974 11000 1000 987
2961 11000 1000 987
3948 11000 1000 987
4935 11000 987 1000
5922 11000 1000 987
6909 11000 987 1000
7896 11000 1000 987
8883 11000 1000 987
9870 11000 1000 987
10857 11000 987 1000
11844 11000 1000 987
12831 11000 1000 987
13818 11000 1000 987
14805 11000 987 1000
15792 11000 987 1000
16779 11000 1000 987
17766 11000 1000 987
18753 11000 987 1000
19740 11000 987 1000
20727 11000 1000 987
21714 11000 987 1000
22701 11000 1000 987
23688 11000 1000 987
24675 11000 1000 987
25662 11000 1000 987
26649 11000 987 1000
27636 11000 987 1000
28623 11000 1000 987
29610 11000 1000 987
0 12000 987 1000
987 12000 987 1000
1974 12000 1000 987
2961 12000 1000 987
3948 12000 1000 987
4935 12000 1000 987
5922 12000 987 1000
6909 12000 1000 987
7896 12000 987 1000
8883 12000 987 1000
9870 12000 1000 987
10857 12000 1000 987
11844 12000 1000 987
12831 12000 987 1000
13818 12000 1000 987
14805 12000 987 1000
15792 12000 1000 987
16779 12000 1000 987
17766 12000 987 1000
18753 12000 987 1000
19740 12000 1000 987
20727 12000 987 1000
21714 12000 987 1000
22701 12000 987 1000
23688 12000 1000 987
24675 12000 987 1000
25662 12000 987 1000
26649 12000 1000 987
27636 12000 1000 987
28623 12000 1000 987
29610 12000 1000 987
0 13000 987 1000
987 13000 1000 987
1974 13000 987 1000
2961 13000 987 1000
3948 13000 987 1000
4935 13000 1000 987
5922 13000 1000 987
6909 13000 1000 987
7896 13000 987 1000
8883 13000 1000 987
9870 13000 1000 987
10857 13000 987 1000
11844 13000 1000 987
12831 13000 987 1000
13818 13000 1000 987
14805 13000 1000 987
15792 13000 987 1000
16779 13000 1000 987
17766 13000 987 1000
18753 13000 987 1000
19740 13000 987 1000
20727 13000 1000 987
21714 13000 1000 987
22701 13000 987 1000
23688 13000 1000 987
24675 13000 987 1000
25662 13000 987 1000
26649 13000 987 1000
27636 13000 987 1000
28623 13000 1000 987
29610 13000 987 1000
0 14000 1000 987
987 14000 1000 987
1974 14000 1000 987
2961 14000 987 1000
3948 14000 987 1000
4935 14000 987 1000
5922 14000 1000 987
6909 14000 1000 987
7896 14000 1000 987
8883 14000 1000 987
9870 14000 987 1000
10857 14000 1000 987
11844 14000 1000 987
12831 14000 987 1000
13818 14000 987 1000
14805 14000 1000 987
15792 14000 987 1000
16779 14000 1000 987
17766 14000 987 1000
18753 14000 987 1000
19740 14000 1000 987
20727 14000 1000 987
21714 14000 1000 987
22701 14000 987 1000
23688 14000 987 1000
24675 14000 1000 987
25662 14000 1000 987
26649 14000 1000 987
27636 14000 1000 987
28623 14000 987 1000
29610 14000 1000 987
0 15000 987 1000
987 15000 987 1000
1974 15000 987 1000
2961 15000 987 1000
3948 15000 1000 987
4935 15000 1000 987
5922 15000 1000 987
6909 15000 987 1000
7896 15000 987 1000
8883 15000 1000 987
9870 15000 1000 987
10857 15000 1000 987
11844 15000 987 1000
12831 15000 1000 987
13818 15000 987 1000
14805 15000 987 1000
15792 15000 1000 987
16779 15000 1000 987
17766 15000 987 1000
18753 15000 987 1000
19740 15000 987 1000
20727 15000 1000 987
21714 15000 987 1000
22701 15000 987 1000
23688 15000 1000 987
24675 15000 987 1000
25662 15000 1000 987
26649 15000 987 1000
27636 15000 987 1000
28623 15000 1000 987
29610 15000 987 1000
0 16000 1000 987
987 16000 987 1000
1974 16000 1000 987
2961 16000 1000 987
3948 16000 1000 987
4935 16000 987 1000
5922 16000 987 1000
6909 16000 987 1000
7896 16000 987 1000
8883 16000 987 1000
9870 16000 1000 987
10857 16000 987 1000
11844 16000 987 1000
12831 16000 1000 987
13818 16000 987 1000
14805 16000 1000 987
15792 16000 1000 987
16779 16000 987 1000
17766 16000 987 1000
18753 16000 987 1000
19740 16000 987 1000
20727 16000 1000 987
21714 16000 987 1000
22701 16000 987 1000
23688 16000 1000 987
24675 16000 1000 987
25662 16000 1000 987
26649 16000 1000 987
27636 16000 987 1000
28623 16000 1000 987
29610 16000 987 1000
0 17000 987 1000
987 17000 987 1000
1974 17000 987 1000
2961 17000 987 1000
3948 17000 1000 987
4935 17000 1000 987
5922 17000 987 1000
6909 17000 1000 987
7896 17000 987 1000
8883 17000 987 1000
9870 17000 1000 987
10857 17000 1000 987
11844 17000 1000 987
12831 17000 987 1000
13818 17000 1000 987
14805 17000 1000 987
15792 17000 987 1000
16779 17000 987 1000
17766 17000 1000 987
18753 17000 987 1000
19740 17000 1000 987
20727 17000 1000 987
21714 17000 1000 987
22701 17000 987 1000
23688 17000 1000 987
24675 17000 987 1000
25662 17000 1000 987
26649 17000 1000 987
27636 17000 987 1000
28623 17000 987 1000
29610 17000 1000 987
0 18000 987 1000
987 18000 1000 987
1974 18000 987 1000
2961 18000 987 1000
3948 18000 1000 987
4935 18000 987 1000
5922 18000 987 1000
6909 18000 1000 987
7896 18000 987 1000
8883 18000 987 1000
9870 18000 1000 987
10857 18000 987 1000
11844 18000 987 1000
12831 18000 1000 987
13818 18000 1000 987
14805 18000 1000 987
15792 18000 987 1000
16779 18000 987 1000
17766 18000 987 1000
18753 18000 1000 987
19740 18000 1000 987
20727 18000 1000 987
21714 18000 987 1000
22701 18000 987 1000
23688 18000 987 1000
24675 18000 987 1000
25662 18000 1000 987
26649 18000 987 1000
27636 18000 1000 987
28623 18000 1000 987
29610 18000 987 1000
0 19000 1000 987
987 19000 1000 987
1974 19000 1000 987
2961 19000 1000 987
3948 19000 1000 987
4935 19000 987 1000
5922 19000 987 1000
6909 19000 1000 987
7896 19000 1000 987
8883 19000 1000 987
9870 19000 987 1000
10857 19000 1000 987
11844 19000 987 1000
12831 19000 1000 987
13818 19000 1000 987
14805 19000 1000 987
15792 19000 987 1000
16779 19000 987 1000
17766 19000 987 1000
18753 19000 1000 987
19740 19000 987 1000
20727 19000 987 1000
21714 19000 1000 987
22701 19000 1000 987
23688 19000 987 1000
24675 19000 1000 987
25662 19000 987 1000
26649 19000 987 1000
27636 19000 1000 987
28623 19000 987 1000
29610 19000 987 1000
0 20000 1000 987
987 20000 987 1000
1974 20000 1000 987
2961 20000 1000 987
3948 20000 987 1000
4935 20000 1000 987
5922 20000 1000 987
6909 20000 1000 987
7896 20000 1000 987
8883 20000 987 1000
9870 20000 987 1000
10857 20000 1000 987
11844 20000 1000 987
12831 20000 987 1000
13818 20000 987 1000
14805 20000 1000 987
15792 20000 1000 987
16779 20000 1000 987
17766 20000 987 1000
18753 20000 987 1000
19740 20000 1000 987
20727 20000 987 1000
21714 20000 1000 987
22701 20000 987 1000
23688 20000 1000 987
24675 20000 1000 987
25662 20000 987 1000
26649 20000 987 1000
27636 20000 1000 987
28623 20000 987 1000
29610 20000 987 1000
0 21000 987 1000
987 21000 987 1000
1974 21000 1000 987
2961 21000 987 1000
3948 21000 1000 987
4935 21000 1000 987
5922 21000 1000 987
6909 21000 1000 987
7896 21000 987 1000
8883 21000 1000 987
9870 21000 987 1000
10857 21000 987 1000
11844 21000 1000 987
12831 21000 1000 987
13818 21000 987 1000
14805 21000 1000 987
15792 21000 987 1000
16779 21000 987 1000
17766 21000 1000 987
18753 21000 987 1000
19740 21000 987 1000
20727 21000 1000 987
21714 21000 1000 987
22701 21000 1000 987
23688 21000 987 1000
24675 21000 987 1000
25662 21000 987 1000
26649 21000 1000 987
27636 21000 1000 987
28623 21000 1000 987
29610 21000 1000 987
0 22000 987 1000
987 22000 1000 987
1974 22000 1000 987
2961 22000 987 1000
3948 22000 1000 987
4935 22000 1000 987
5922 22000 1000 987
6909 22000 987 1000
7896 22000 1000 987
8883 22000 987 1000
9870 22000 1000 987
10857 22000 987 1000
11844 22000 1000 987
12831 22000 1000 987
13818 22000 1000 987
14805 22000 987 1000
15792 22000 1000 987
16779 22000 1000 987
17766 22000 1000 987
18753 22000 1000 987
19740 22000 1000 987
20727 22000 1000 987
21714 22000 1000 987
22701 22000 1000 987
23688 22000 1000 987
24675 22000 987 1000
25662 22000 1000 987
26649 22000 987 1000
27636 22000 1000 987
28623 22000 1000 987
29610 22000 1000 987
0 23000 1000 987
987 23000 987 1000
1974 23000 987 1000
2961 23000 987 1000
3948 23000 987 1000
4935 23000 1000 987
5922 23000 987 1000
6909 23000 987 1000
7896 23000 987 1000
8883 23000 987 1000
9870 23000 1000 987
10857 23000 987 1000
11844 23000 1000 987
12831 23000 1000 987
13818 23000 987 1000
14805 23000 1000 987
15792 23000 1000 987
16779 23000 987 1000
17766 23000 987 1000
18753 23000 987 1000
19740 23000 1000 987
20727 23000 987 1000
21714 23000 1000 987
22701 23000 1000 987
23688 23000 987 1000
24675 23000 987 1000
25662 23000 987 1000
26649 23000 1000 987
27636 23000 1000 987
28623 23000 1000 987
29610 23000 987 1000
0 24000 1000 987
987 24000 1000 987
1974 24000 987 1000
2961 24000 1000 987
3948 24000 1000 987
4935 24000 987 1000
5922 24000 987 1000
6909 24000 1000 987
7896 24000 987 1000
8883 24000 987 1000
9870 24000 987 1000
10857 24000 987 1000
11844 24000 987 1000
12831 24000 987 1000
13818 24000 987 1000
14805 24000 987 1000
15792 24000 987 1000
16779 24000 1000 987
17766 24000 1000 987
18753 24000 1000 987
19740 24000 1000 987
20727 24000 1000 987
21714 24000 987 1000
22701 24000 987 1000
23688 24000 987 1000
24675 24000 1000 987
25662 24000 1000 987
26649 24000 987 1000
27636 24000 1000 987
28623 24000 1000 987
29610 24000 1000 987
0 25000 987 1000
987 25000 987 1000
1974 25000 1000 987
2961 25000 1000 987
3948 25000 1000 987
4935 25000 1000 987
5922 25000 987 1000
6909 25000 987 1000
7896 25000 987 1000
8883 25000 1000 987
9870 25000 987 1000
10857 25000 987 1000
11844 25000 987 1000
12831 25000 987 1000
13818 25000 1000 987
14805 25000 1000 987
15792 25000 1000 987
16779 25000 1000 987
17766 25000 987 1000
18753 25000 987 1000
19740 25000 1000 987
20727 25000 1000 987
21714 25000 1000 987
22701 25000 1000 987
23688 25000 987 1000
24675 25000 987 1000
25662 25000 1000 987
26649 25000 1000 987
27636 25000 1000 987
28623 25000 987 1000
29610 25000 987 1000
0 26000 1000 987
987 26000 1000 987
1974 26000 1000 987
2961 26000 987 1000
3948 26000 1000 987
4935 26000 987 1000
5922 26000 1000 987
6909 26000 987 1000
7896 26000 987 1000
8883 26000 1000 987
9870 26000 987 1000
10857 26000 1000 987
11844 26000 987 1000
12831 26000 987 1000
13818 26000 1000 987
14805 26000 1000 987
15792 26000 1000 987
16779 26000 1000 987
17766 26000 1000 987
18753 26000 987 1000
19740 26000 987 1000
20727 26000 987 1000
21714 26000 987 1000
22701 26000 987 1000
23688 26000 1000 987
24675 26000 987 1000
25662 26000 1000 987
26649 26000 987 1000
27636 26000 1000 987
28623 26000 987 1000
29610 26000 1000 987
0 27000 1000 987
987 27000 987 1000
1974 27000 987 1000
2961 27000 1000 987
3948 27000 1000 987
4935 27000 1000 987
5922 27000 987 1000
6909 27000 987 1000
7896 27000 1000 987
8883 27000 1000 987
9870 27000 987 1000
10857 27000 1000 987
11844 27000 987 1000
12831 27000 1000 987
13818 27000 987 1000
14805 27000 987 1000
15792 27000 1000 987
16779 27000 987 1000
17766 27000 987 1000
18753 27000 987 1000
19740 27000 1000 987
20727 27000 1000 987
21714 27000 987 1000
22701 27000 1000 987
23688 27000 1000 987
24675 27000 1000 987
25662 27000 987 1000
26649 27000 987 1000
27636 27000 987 1000
28623 27000 1000 987
29610 27000 1000 987
0 28000 987 1000
987 28000 987 1000
1974 28000 1000 987
2961 28000 1000 987
3948 28000 1000 987
4935 28000 987 1000
5922 28000 1000 987
6909 28000 1000 987
7896 28000 987 1000
8883 28000 1000 987
9870 28000 987 1000
10857 28000 987 1000
11844 28000 987 1000
12831 28000 987 1000
13818 28000 987 1000
14805 28000 1000 987
15792 28000 1000 987
16779 28000 987 1000
17766 28000 1000 987
18753 28000 1000 987
19740 28000 1000 987
20727 28000 1000 987
21714 28000 987 1000
22701 28000 987 1000
23688 28000 987 1000
24675 28000 1000 987
25662 28000 987 1000
26649 28000 1000 987
27636 28000 1000 987
28623 28000 1000 987
29610 28000 987 1000
0 29000 987 1000
987 29000 1000 987
1974 29000 1000 987
2961 29000 1000 987
3948 29000 987 1000
4935 29000 1000 987
5922 29000 987 1000
6909 29000 1000 987
7896 29000 1000 987
8883 29000 1000 987
9870 29000 1000 987
10857 29000 987 1000
11844 29000 987 1000
12831 29000 987 1000
13818 29000 987 1000
14805 29000 1000 987
15792 29000 987 1000
16779 29000 987 1000
17766 29000 1000 987
18753 29000 987 1000
19740 29000 987 1000
20727 29000 987 1000
21714 29000 987 1000
22701 29000 1000 987
23688 29000 1000 987
24675 29000 1000 987
25662 29000 1000 987
26649 29000 1000 987
27636 29000 1000 987
28623 29000 987 1000
29610 29000 1000 987
