2500
0 0 127985 847110
1000000 0 829062 69075
2000000 0 460640 640062
3000000 0 593256 142284
4000000 0 771626 293752
5000000 0 493743 526400
6000000 0 21850 722719
7000000 0 545778 204983
8000000 0 934211 304060
9000000 0 358692 39166
10000000 0 239290 578490
11000000 0 739798 707556
12000000 0 117932 160646
13000000 0 870653 611429
14000000 0 925318 938928
15000000 0 88451 625527
16000000 0 48311 543113
17000000 0 632585 105817
18000000 0 120394 839862
19000000 0 169374 120072
20000000 0 311341 309405
21000000 0 719368 850553
22000000 0 537299 935922
23000000 0 826993 218250
24000000 0 492162 93899
25000000 0 234953 174772
26000000 0 770963 4595
27000000 0 947059 340810
28000000 0 7712 165495
29000000 0 641756 447351
30000000 0 752357 870029
31000000 0 879922 726036
32000000 0 781216 980137
33000000 0 77110 356292
34000000 0 640812 836625
35000000 0 986267 641970
36000000 0 84315 101947
37000000 0 738657 628000
38000000 0 904344 368935
39000000 0 960935 730642
40000000 0 82454 874397
41000000 0 434463 590181
42000000 0 742340 249099
43000000 0 932645 300097
44000000 0 322523 321537
45000000 0 826974 260025
46000000 0 367932 237476
47000000 0 791137 507414
48000000 0 580394 126185
49000000 0 760019 811481
0 1000000 234974 568061
1000000 1000000 297329 942443
2000000 1000000 658950 480333
3000000 1000000 92919 343440
4000000 1000000 88026 256613
5000000 1000000 661534 51784
6000000 1000000 331052 96355
7000000 1000000 492062 90758
8000000 1000000 935317 651232
9000000 1000000 421677 582364
10000000 1000000 475427 947216
11000000 1000000 565296 943926
12000000 1000000 974062 439050
13000000 1000000 650635 111590
14000000 1000000 294960 326700
15000000 1000000 629512 457147
16000000 1000000 521625 406602
17000000 1000000 123220 714548
18000000 1000000 222820 690988
19000000 1000000 65577 219462
20000000 1000000 728618 54065
21000000 1000000 626945 72644
22000000 1000000 548881 490162
23000000 1000000 65627 201067
24000000 1000000 391536 608497
25000000 1000000 474543 334666
26000000 1000000 254236 651759
27000000 1000000 948706 495900
28000000 1000000 183417 704310
29000000 1000000 187465 119885
30000000 1000000 50095 829939
31000000 1000000 511387 919728
32000000 1000000 307062 730278
33000000 1000000 925845 245740
34000000 1000000 890569 799060
35000000 1000000 310070 861598
36000000 1000000 317177 226035
37000000 1000000 753178 618431
38000000 1000000 879153 115066
39000000 1000000 949517 849225
40000000 1000000 732060 241883
41000000 1000000 786092 950492
42000000 1000000 277962 807366
43000000 1000000 857889 737782
44000000 1000000 599935 341120
45000000 1000000 632663 356850
46000000 1000000 224259 308257
47000000 1000000 744115 148060
48000000 1000000 385708 795935
49000000 1000000 223143 683092
0 2000000 765673 972254
1000000 2000000 838780 796053
2000000 2000000 689495 174193
3000000 2000000 255891 384018
4000000 2000000 271001 905999
5000000 2000000 30347 563892
6000000 2000000 644866 674655
7000000 2000000 904903 880514
8000000 2000000 548818 869282
9000000 2000000 271421 511346
10000000 2000000 837248 680476
11000000 2000000 742991 188255
12000000 2000000 199786 876857
13000000 2000000 463765 254083
14000000 2000000 634388 254116
15000000 2000000 45533 280396
16000000 2000000 608986 885702
17000000 2000000 707193 130824
18000000 2000000 315700 845650
19000000 2000000 194168 728628
20000000 2000000 219189 947554
21000000 2000000 193100 639200
22000000 2000000 703275 443033
23000000 2000000 99652 826061
24000000 2000000 252153 614125
25000000 2000000 620132 130459
26000000 2000000 85597 245730
27000000 2000000 566955 954813
28000000 2000000 212223 717405
29000000 2000000 85545 274185
30000000 2000000 935207 780931
31000000 2000000 238184 248982
32000000 2000000 533199 177126
33000000 2000000 777357 6323
34000000 2000000 508193 473051
35000000 2000000 692146 702910
36000000 2000000 614226 761543
37000000 2000000 608997 440674
38000000 2000000 774847 595017
39000000 2000000 336259 119598
40000000 2000000 824162 339377
41000000 2000000 11364 560414
42000000 2000000 329238 252296
43000000 2000000 715398 933714
44000000 2000000 33407 360592
45000000 2000000 781685 290997
46000000 2000000 362110 6187
47000000 2000000 539228 446801
48000000 2000000 409181 3769
49000000 2000000 407733 938866
0 3000000 603470 437044
1000000 3000000 61452 196137
2000000 3000000 711516 866993
3000000 3000000 31053 238575
4000000 3000000 572870 573964
5000000 3000000 547272 55156
6000000 3000000 599826 221784
7000000 3000000 956779 138568
8000000 3000000 1420 196325
9000000 3000000 609818 54793
10000000 3000000 777478 993204
11000000 3000000 662495 811561
12000000 3000000 940560 46123
13000000 3000000 663531 753087
14000000 3000000 923129 52056
15000000 3000000 6032 530370
16000000 3000000 342092 926946
17000000 3000000 927537 605902
18000000 3000000 266079 549616
19000000 3000000 786907 221915
20000000 3000000 475689 825251
21000000 3000000 398966 682129
22000000 3000000 548015 168430
23000000 3000000 202953 113477
24000000 3000000 149695 151343
25000000 3000000 415682 112745
26000000 3000000 797201 291276
27000000 3000000 685806 452714
28000000 3000000 837110 921584
29000000 3000000 514920 882943
30000000 3000000 97847 375038
31000000 3000000 641500 127807
32000000 3000000 982540 975629
33000000 3000000 173867 183140
34000000 3000000 622921 383609
35000000 3000000 960581 377371
36000000 3000000 169457 651242
37000000 3000000 250510 279765
38000000 3000000 468155 518300
39000000 3000000 425772 172962
40000000 3000000 313424 756797
41000000 3000000 646777 574876
42000000 3000000 825533 246458
43000000 3000000 874249 407901
44000000 3000000 317546 395465
45000000 3000000 276292 649235
46000000 3000000 187852 986886
47000000 3000000 820217 40039
48000000 3000000 147741 24635
49000000 3000000 228773 902341
0 4000000 838822 962589
1000000 4000000 456225 235715
2000000 4000000 661254 955105
3000000 4000000 95924 924208
4000000 4000000 413597 768045
5000000 4000000 358626 914700
6000000 4000000 287806 455557
7000000 4000000 529944 343721
8000000 4000000 686085 581825
9000000 4000000 91061 233350
10000000 4000000 588546 957733
11000000 4000000 497043 488090
12000000 4000000 692747 945771
13000000 4000000 34660 826709
14000000 4000000 427121 271955
15000000 4000000 701673 71720
16000000 4000000 785698 771535
17000000 4000000 857191 558983
18000000 4000000 51184 336742
19000000 4000000 245097 983347
20000000 4000000 72344 486988
21000000 4000000 857242 73485
22000000 4000000 521899 411805
23000000 4000000 930395 210808
24000000 4000000 51016 966083
25000000 4000000 630298 751435
26000000 4000000 865016 207891
27000000 4000000 701767 742485
28000000 4000000 787562 14471
29000000 4000000 645501 753926
30000000 4000000 82328 27354
31000000 4000000 537185 732902
32000000 4000000 700297 358754
33000000 4000000 188269 647421
34000000 4000000 162905 537656
35000000 4000000 727376 13262
36000000 4000000 997648 173379
37000000 4000000 918626 364117
38000000 4000000 66776 833341
39000000 4000000 407131 11540
40000000 4000000 664640 364227
41000000 4000000 64894 991214
42000000 4000000 127397 196224
43000000 4000000 577715 131237
44000000 4000000 303486 149844
45000000 4000000 997760 444310
46000000 4000000 948354 840568
47000000 4000000 566489 381561
48000000 4000000 388553 651976
49000000 4000000 399784 277464
0 5000000 581256 727285
1000000 5000000 79340 731475
2000000 5000000 840843 56892
3000000 5000000 225833 593965
4000000 5000000 661220 380987
5000000 5000000 326036 991971
6000000 5000000 31114 573539
7000000 5000000 579207 451094
8000000 5000000 594432 879036
9000000 5000000 712456 221450
10000000 5000000 135994 194476
11000000 5000000 678670 237827
12000000 5000000 554624 820019
13000000 5000000 882618 676471
14000000 5000000 611310 47285
15000000 5000000 495405 144851
16000000 5000000 82011 298625
17000000 5000000 537328 370790
18000000 5000000 504707 489458
19000000 5000000 286277 308313
20000000 5000000 588812 179123
21000000 5000000 328623 404022
22000000 5000000 377638 545545
23000000 5000000 574342 436562
24000000 5000000 252660 129778
25000000 5000000 491812 612908
26000000 5000000 155916 300235
27000000 5000000 32808 617338
28000000 5000000 878129 813645
29000000 5000000 730395 682291
30000000 5000000 563830 255515
31000000 5000000 470768 541868
32000000 5000000 727689 154602
33000000 5000000 388984 393312
34000000 5000000 967297 651083
35000000 5000000 471718 728620
36000000 5000000 7112 62994
37000000 5000000 413664 649639
38000000 5000000 789166 112674
39000000 5000000 875554 884944
40000000 5000000 474616 784552
41000000 5000000 193781 437756
42000000 5000000 221324 351484
43000000 5000000 283649 173388
44000000 5000000 480953 585402
45000000 5000000 195835 607429
46000000 5000000 36868 147276
47000000 5000000 284663 827033
48000000 5000000 951294 133681
49000000 5000000 503898 456827
0 6000000 542977 192510
1000000 6000000 859967 860101
2000000 6000000 184614 992869
3000000 6000000 941246 736350
4000000 6000000 973885 176123
5000000 6000000 422960 572691
6000000 6000000 448950 224079
7000000 6000000 307164 983700
8000000 6000000 176935 731144
9000000 6000000 764525 117328
10000000 6000000 314609 65433
11000000 6000000 971474 396064
12000000 6000000 205102 114697
13000000 6000000 141109 42102
14000000 6000000 749080 545299
15000000 6000000 499495 613374
16000000 6000000 486318 857957
17000000 6000000 300124 210166
18000000 6000000 172603 870658
19000000 6000000 18355 913177
20000000 6000000 552247 897669
21000000 6000000 242004 702311
22000000 6000000 951739 374164
23000000 6000000 793691 417259
24000000 6000000 677944 746423
25000000 6000000 452006 777867
26000000 6000000 671713 721776
27000000 6000000 673462 452531
28000000 6000000 450504 49459
29000000 6000000 331008 942075
30000000 6000000 38549 378349
31000000 6000000 215439 871439
32000000 6000000 219667 997751
33000000 6000000 712489 754866
34000000 6000000 598590 718748
35000000 6000000 339398 906807
36000000 6000000 227486 616719
37000000 6000000 759890 829941
38000000 6000000 260920 380353
39000000 6000000 579345 556312
40000000 6000000 67450 604979
41000000 6000000 426825 293853
42000000 6000000 941038 732387
43000000 6000000 857442 687500
44000000 6000000 243524 926154
45000000 6000000 276683 903045
46000000 6000000 892501 93818
47000000 6000000 961572 793141
48000000 6000000 627288 986190
49000000 6000000 953010 762060
0 7000000 224583 974984
1000000 7000000 422432 983671
2000000 7000000 14612 973451
3000000 7000000 958095 988040
4000000 7000000 75514 764166
5000000 7000000 629120 619986
6000000 7000000 284742 295427
7000000 7000000 856788 741195
8000000 7000000 98271 608694
9000000 7000000 720685 26202
10000000 7000000 490997 280303
11000000 7000000 532267 614668
12000000 7000000 249813 165272
13000000 7000000 83540 316631
14000000 7000000 286026 8674
15000000 7000000 462437 697270
16000000 7000000 190730 304315
17000000 7000000 746570 125111
18000000 7000000 891996 620041
19000000 7000000 676111 100811
20000000 7000000 881200 15213
21000000 7000000 508807 163438
22000000 7000000 630424 660944
23000000 7000000 382754 898294
24000000 7000000 708442 868558
25000000 7000000 201359 202412
26000000 7000000 118093 970466
27000000 7000000 38613 679341
28000000 7000000 137652 945539
29000000 7000000 612530 930491
30000000 7000000 768275 391562
31000000 7000000 975630 534786
32000000 7000000 510047 580361
33000000 7000000 537195 737590
34000000 7000000 506200 732153
35000000 7000000 533752 313544
36000000 7000000 387240 20323
37000000 7000000 833639 601443
38000000 7000000 343434 185379
39000000 7000000 900848 158496
40000000 7000000 824998 809455
41000000 7000000 658722 151727
42000000 7000000 170718 175043
43000000 7000000 988188 787425
44000000 7000000 379569 821784
45000000 7000000 901485 998151
46000000 7000000 445692 464065
47000000 7000000 427032 376611
48000000 7000000 305852 394086
49000000 7000000 682253 63441
0 8000000 715595 322924
1000000 8000000 49548 371690
2000000 8000000 770001 696308
3000000 8000000 772929 487112
4000000 8000000 760918 813347
5000000 8000000 98971 49773
6000000 8000000 488874 634110
7000000 8000000 727645 988915
8000000 8000000 89691 663828
9000000 8000000 118455 489027
10000000 8000000 853417 757138
11000000 8000000 879958 100930
12000000 8000000 122225 63646
13000000 8000000 396626 443628
14000000 8000000 321463 550056
15000000 8000000 71832 390536
16000000 8000000 25111 248019
17000000 8000000 197105 608891
18000000 8000000 384249 649166
19000000 8000000 523413 756883
20000000 8000000 241495 98266
21000000 8000000 868126 735838
22000000 8000000 790827 270271
23000000 8000000 175002 428453
24000000 8000000 792470 29813
25000000 8000000 981944 751501
26000000 8000000 113501 988303
27000000 8000000 990045 782931
28000000 8000000 568573 834329
29000000 8000000 425127 952591
30000000 8000000 582792 681986
31000000 8000000 233301 746169
32000000 8000000 86655 449597
33000000 8000000 293612 610917
34000000 8000000 157647 804669
35000000 8000000 342147 529818
36000000 8000000 684807 290673
37000000 8000000 721175 191319
38000000 8000000 622097 937175
39000000 8000000 387473 669204
40000000 8000000 151811 892069
41000000 8000000 459029 646746
42000000 8000000 731753 6538
43000000 8000000 988051 464831
44000000 8000000 741065 171212
45000000 8000000 572003 463134
46000000 8000000 517893 157193
47000000 8000000 263340 653731
48000000 8000000 765029 331228
49000000 8000000 309217 503731
0 9000000 202273 673069
1000000 9000000 760781 636181
2000000 9000000 184193 435310
3000000 9000000 48642 225497
4000000 9000000 883874 516426
5000000 9000000 216730 566192
6000000 9000000 896115 242310
7000000 9000000 326690 190501
8000000 9000000 619853 431394
9000000 9000000 703592 847854
10000000 9000000 466208 284143
11000000 9000000 130292 303052
12000000 9000000 770404 110770
13000000 9000000 383525 862948
14000000 9000000 816523 971647
15000000 9000000 259091 707153
16000000 9000000 116766 130923
17000000 9000000 862930 466778
18000000 9000000 550720 896572
19000000 9000000 118716 148808
20000000 9000000 826244 907198
21000000 9000000 331373 81157
22000000 9000000 288473 360728
23000000 9000000 531348 393735
24000000 9000000 403111 195473
25000000 9000000 748014 865830
26000000 9000000 403116 943002
27000000 9000000 384677 750700
28000000 9000000 523835 619025
29000000 9000000 953833 701114
30000000 9000000 618069 778520
31000000 9000000 253993 327815
32000000 9000000 640277 346595
33000000 9000000 955604 478110
34000000 9000000 340061 860962
35000000 9000000 556416 834917
36000000 9000000 545278 420021
37000000 9000000 994340 994948
38000000 9000000 939656 731900
39000000 9000000 688191 577596
40000000 9000000 169973 293301
41000000 9000000 5652 437773
42000000 9000000 650297 472197
43000000 9000000 617699 684336
44000000 9000000 380866 143898
45000000 9000000 954049 952644
46000000 9000000 957957 482871
47000000 9000000 129318 807425
48000000 9000000 618931 990625
49000000 9000000 192818 621242
0 10000000 698772 723274
1000000 10000000 558444 648980
2000000 10000000 410487 523350
3000000 10000000 960759 66170
4000000 10000000 526833 906163
5000000 10000000 72983 721117
6000000 10000000 148183 516041
7000000 10000000 256106 343978
8000000 10000000 838257 174730
9000000 10000000 541436 341098
10000000 10000000 36302 705379
11000000 10000000 731285 558081
12000000 10000000 231357 660557
13000000 10000000 257711 94665
14000000 10000000 7944 844627
15000000 10000000 838638 352994
16000000 10000000 795711 745082
17000000 10000000 778363 998358
18000000 10000000 251637 960996
19000000 10000000 902078 589909
20000000 10000000 547816 766491
21000000 10000000 527217 282150
22000000 10000000 798410 356267
23000000 10000000 790307 245668
24000000 10000000 783517 651873
25000000 10000000 232154 702669
26000000 10000000 366167 564255
27000000 10000000 830829 625103
28000000 10000000 826176 416361
29000000 10000000 17736 509257
30000000 10000000 546497 175364
31000000 10000000 18663 370030
32000000 10000000 668056 888797
33000000 10000000 684236 423887
34000000 10000000 498846 943619
35000000 10000000 407730 923045
36000000 10000000 271583 920823
37000000 10000000 898882 322673
38000000 10000000 840237 311767
39000000 10000000 822925 174656
40000000 10000000 548969 522402
41000000 10000000 676427 604716
42000000 10000000 560562 934179
43000000 10000000 646578 71917
44000000 10000000 104432 35005
45000000 10000000 101974 563085
46000000 10000000 897389 788002
47000000 10000000 774558 590165
48000000 10000000 989498 506746
49000000 10000000 483417 507776
0 11000000 10297 657849
1000000 11000000 286827 966104
2000000 11000000 560489 552487
3000000 11000000 214239 898744
4000000 11000000 639359 325098
5000000 11000000 240345 287590
6000000 11000000 982688 527238
7000000 11000000 944251 501944
8000000 11000000 984726 181796
9000000 11000000 123053 137400
10000000 11000000 768143 460120
11000000 11000000 395229 132350
12000000 11000000 270652 521081
13000000 11000000 561524 237484
14000000 11000000 913631 242939
15000000 11000000 838335 676301
16000000 11000000 294380 956266
17000000 11000000 290018 459068
18000000 11000000 146615 994282
19000000 11000000 42810 91862
20000000 11000000 598238 519007
21000000 11000000 228568 273180
22000000 11000000 387371 840101
23000000 11000000 552055 472965
24000000 11000000 203162 906550
25000000 11000000 797766 467376
26000000 11000000 142273 500140
27000000 11000000 315331 314536
28000000 11000000 875643 962932
29000000 11000000 712424 584874
30000000 11000000 274658 856231
31000000 11000000 595324 620855
32000000 11000000 798654 442586
33000000 11000000 781231 593984
34000000 11000000 295837 813283
35000000 11000000 280234 351110
36000000 11000000 655496 738964
37000000 11000000 29371 595976
38000000 11000000 814229 122552
39000000 11000000 896876 40518
40000000 11000000 887413 68046
41000000 11000000 59653 491572
42000000 11000000 323784 429385
43000000 11000000 801610 229876
44000000 11000000 184664 861218
45000000 11000000 462877 337894
46000000 11000000 909438 227879
47000000 11000000 106603 811426
48000000 11000000 34390 713710
49000000 11000000 410570 158066
0 12000000 471309 831952
1000000 12000000 651106 395489
2000000 12000000 572444 451909
3000000 12000000 241746 706929
4000000 12000000 146376 885847
5000000 12000000 197221 747531
6000000 12000000 326331 810751
7000000 12000000 588756 483968
8000000 12000000 700102 206879
9000000 12000000 323737 6445
10000000 12000000 421475 74157
11000000 12000000 992146 151638
12000000 12000000 739276 873219
13000000 12000000 76617 462863
14000000 12000000 565370 656298
15000000 12000000 1422 66433
16000000 12000000 449754 549075
17000000 12000000 643576 669411
18000000 12000000 624921 254286
19000000 12000000 527949 211518
20000000 12000000 305488 243579
21000000 12000000 825359 806409
22000000 12000000 779238 830335
23000000 12000000 594682 370485
24000000 12000000 298942 206655
25000000 12000000 968626 146621
26000000 12000000 770634 884515
27000000 12000000 110311 522705
28000000 12000000 215432 511332
29000000 12000000 123827 947810
30000000 12000000 18704 974323
31000000 12000000 19696 560123
32000000 12000000 178677 324141
33000000 12000000 43551 211749
34000000 12000000 55261 116781
35000000 12000000 464765 573173
36000000 12000000 70358 588284
37000000 12000000 914039 725841
38000000 12000000 263433 902178
39000000 12000000 855200 549328
40000000 12000000 829073 293082
41000000 12000000 883452 412464
42000000 12000000 946523 659185
43000000 12000000 624862 158925
44000000 12000000 345035 983187
45000000 12000000 508964 856604
46000000 12000000 77471 103438
47000000 12000000 292684 833871
48000000 12000000 824434 334269
49000000 12000000 201964 58787
0 13000000 971431 589564
1000000 13000000 755602 542460
2000000 13000000 517542 919699
3000000 13000000 413257 366806
4000000 13000000 333149 314781
5000000 13000000 489166 111537
6000000 13000000 779332 171135
7000000 13000000 547258 947568
8000000 13000000 137796 606562
9000000 13000000 791702 908897
10000000 13000000 610513 905144
11000000 13000000 217402 112801
12000000 13000000 649102 757470
13000000 13000000 250776 111116
14000000 13000000 982595 23620
15000000 13000000 591956 143031
16000000 13000000 44692 673786
17000000 13000000 442461 369946
18000000 13000000 281833 616024
19000000 13000000 869074 459435
20000000 13000000 673784 348420
21000000 13000000 83054 501589
22000000 13000000 301176 227232
23000000 13000000 669008 351239
24000000 13000000 413589 36259
25000000 13000000 207312 95811
26000000 13000000 519028 384476
27000000 13000000 784689 93362
28000000 13000000 296674 644969
29000000 13000000 290669 410911
30000000 13000000 13434 312546
31000000 13000000 785963 223003
32000000 13000000 434660 906690
33000000 13000000 500367 153269
34000000 13000000 552106 117700
35000000 13000000 292862 192449
36000000 13000000 581392 832652
37000000 13000000 618183 67547
38000000 13000000 925424 343053
39000000 13000000 860996 811551
40000000 13000000 577980 647873
41000000 13000000 739821 79433
42000000 13000000 640622 991014
43000000 13000000 696613 348018
44000000 13000000 254403 990098
45000000 13000000 504068 289303
46000000 13000000 535947 60953
47000000 13000000 347621 325802
48000000 13000000 263862 140625
49000000 13000000 547959 379796
0 14000000 578580 56879
1000000 14000000 585754 714092
2000000 14000000 311355 886856
3000000 14000000 625154 929601
4000000 14000000 318669 574390
5000000 14000000 594554 787651
6000000 14000000 620999 864361
7000000 14000000 113901 148907
8000000 14000000 64347 791776
9000000 14000000 978323 33829
10000000 14000000 248759 784799
11000000 14000000 14197 83812
12000000 14000000 177479 180489
13000000 14000000 928536 299486
14000000 14000000 1798 239748
15000000 14000000 602439 175454
16000000 14000000 865201 240146
17000000 14000000 628497 832671
18000000 14000000 271537 880878
19000000 14000000 950631 423719
20000000 14000000 839124 272108
21000000 14000000 812470 311710
22000000 14000000 141669 93030
23000000 14000000 456369 730302
24000000 14000000 650867 97075
25000000 14000000 643800 368555
26000000 14000000 730468 919412
27000000 14000000 520441 783506
28000000 14000000 674337 148209
29000000 14000000 806647 117139
30000000 14000000 665845 80023
31000000 14000000 681423 481177
32000000 14000000 277611 367046
33000000 14000000 374130 726378
34000000 14000000 367431 396371
35000000 14000000 428704 62154
36000000 14000000 649894 89760
37000000 14000000 675806 920698
38000000 14000000 633189 187877
39000000 14000000 806393 498682
40000000 14000000 392914 499493
41000000 14000000 362032 150024
42000000 14000000 807697 474965
43000000 14000000 937128 122194
44000000 14000000 96875 868852
45000000 14000000 577943 212993
46000000 14000000 679169 491110
47000000 14000000 823615 409387
48000000 14000000 753294 26242
49000000 14000000 762792 979778
0 15000000 20213 418666
1000000 15000000 525300 918153
2000000 15000000 564230 287969
3000000 15000000 685236 128322
4000000 15000000 682164 705395
5000000 15000000 442790 342452
6000000 15000000 396339 399841
7000000 15000000 203959 263007
8000000 15000000 580324 680615
9000000 15000000 952251 817520
10000000 15000000 683416 922320
11000000 15000000 103980 227397
12000000 15000000 231047 176366
13000000 15000000 327400 456347
14000000 15000000 782403 946527
15000000 15000000 825344 531128
16000000 15000000 874320 347016
17000000 15000000 179020 627875
18000000 15000000 835157 947105
19000000 15000000 272542 345728
20000000 15000000 779233 838588
21000000 15000000 3063 707811
22000000 15000000 240623 55854
23000000 15000000 535658 864497
24000000 15000000 521893 815982
25000000 15000000 362891 106013
26000000 15000000 765627 245095
27000000 15000000 142988 575256
28000000 15000000 74439 376907
29000000 15000000 527995 884751
30000000 15000000 309718 237270
31000000 15000000 962085 720575
32000000 15000000 915151 409313
33000000 15000000 746801 51126
34000000 15000000 740440 527599
35000000 15000000 680673 164766
36000000 15000000 953051 239245
37000000 15000000 275919 431135
38000000 15000000 38850 991477
39000000 15000000 892582 230882
40000000 15000000 801913 598031
41000000 15000000 493327 591525
42000000 15000000 364358 860474
43000000 15000000 214507 629524
44000000 15000000 446111 247099
45000000 15000000 196231 726927
46000000 15000000 360496 984511
47000000 15000000 145318 634409
48000000 15000000 617609 549323
49000000 15000000 150411 944000
0 16000000 400752 614909
1000000 16000000 871712 654248
2000000 16000000 863025 544338
3000000 16000000 547244 910684
4000000 16000000 24838 60671
5000000 16000000 798758 961331
6000000 16000000 838823 394190
7000000 16000000 941600 11513
8000000 16000000 523788 29927
9000000 16000000 932572 519605
10000000 16000000 335054 972504
11000000 16000000 883070 79296
12000000 16000000 69916 581012
13000000 16000000 355630 840746
14000000 16000000 111157 245177
15000000 16000000 645090 263329
16000000 16000000 489247 710171
17000000 16000000 833697 677639
18000000 16000000 624720 74776
19000000 16000000 574065 885554
20000000 16000000 656949 392564
21000000 16000000 500040 197319
22000000 16000000 528789 575888
23000000 16000000 669623 869734
24000000 16000000 377662 698674
25000000 16000000 164629 463573
26000000 16000000 911857 496097
27000000 16000000 452976 135016
28000000 16000000 546245 930987
29000000 16000000 520457 257427
30000000 16000000 527719 363328
31000000 16000000 342495 943126
32000000 16000000 561289 383737
33000000 16000000 54855 369734
34000000 16000000 843272 976779
35000000 16000000 906396 480471
36000000 16000000 847722 24796
37000000 16000000 539144 679970
38000000 16000000 855434 645082
39000000 16000000 973485 575963
40000000 16000000 437168 702392
41000000 16000000 411242 114286
42000000 16000000 766472 756402
43000000 16000000 388429 276079
44000000 16000000 414389 649662
45000000 16000000 679589 185559
46000000 16000000 678169 757973
47000000 16000000 905803 890302
48000000 16000000 757168 754217
49000000 16000000 696280 711888
0 17000000 837830 917816
1000000 17000000 693455 624290
2000000 17000000 756320 226400
3000000 17000000 432451 694116
4000000 17000000 714669 255183
5000000 17000000 607225 168678
6000000 17000000 385108 193404
7000000 17000000 218192 587036
8000000 17000000 730866 430726
9000000 17000000 948646 119260
10000000 17000000 688534 238310
11000000 17000000 453389 893192
12000000 17000000 743518 239948
13000000 17000000 872718 814359
14000000 17000000 962869 57689
15000000 17000000 718712 510319
16000000 17000000 855962 702027
17000000 17000000 534090 497353
18000000 17000000 109232 484041
19000000 17000000 379764 880849
20000000 17000000 466947 337269
21000000 17000000 756789 937718
22000000 17000000 862460 69918
23000000 17000000 914459 547223
24000000 17000000 2859 606970
25000000 17000000 826731 480915
26000000 17000000 471156 965914
27000000 17000000 476463 106138
28000000 17000000 25007 497753
29000000 17000000 413232 798401
30000000 17000000 505309 658716
31000000 17000000 785323 33742
32000000 17000000 872049 404176
33000000 17000000 445934 602658
34000000 17000000 293462 757055
35000000 17000000 132729 421836
36000000 17000000 342004 325615
37000000 17000000 428312 59033
38000000 17000000 666267 33629
39000000 17000000 72895 283900
40000000 17000000 507732 890060
41000000 17000000 424493 871069
42000000 17000000 770808 761715
43000000 17000000 32598 466846
44000000 17000000 540770 591250
45000000 17000000 72538 680569
46000000 17000000 979977 911521
47000000 17000000 480150 650999
48000000 17000000 190299 194293
49000000 17000000 895227 759717
0 18000000 184171 174794
1000000 18000000 956558 442902
2000000 18000000 139526 984323
3000000 18000000 271035 424254
4000000 18000000 259716 925020
5000000 18000000 114450 602051
6000000 18000000 210411 526551
7000000 18000000 222173 863838
8000000 18000000 63341 42539
9000000 18000000 582959 543815
10000000 18000000 26157 891562
11000000 18000000 531413 731550
12000000 18000000 356283 710073
13000000 18000000 961853 434068
14000000 18000000 90118 219654
15000000 18000000 30673 488680
16000000 18000000 85291 974483
17000000 18000000 3535 209042
18000000 18000000 903328 472789
19000000 18000000 173528 715251
20000000 18000000 918697 579545
21000000 18000000 547399 488713
22000000 18000000 30861 736792
23000000 18000000 496587 598367
24000000 18000000 794302 298968
25000000 18000000 623048 357799
26000000 18000000 965350 574839
27000000 18000000 872521 922735
28000000 18000000 406039 648340
29000000 18000000 105349 129073
30000000 18000000 476288 563118
31000000 18000000 674290 80161
32000000 18000000 708912 882339
33000000 18000000 807481 700164
34000000 18000000 401479 959017
35000000 18000000 35589 262695
36000000 18000000 673884 334262
37000000 18000000 429427 323847
38000000 18000000 359482 89452
39000000 18000000 574054 440646
40000000 18000000 639925 582837
41000000 18000000 877067 618290
42000000 18000000 855045 474539
43000000 18000000 446910 757770
44000000 18000000 54751 887619
45000000 18000000 476467 45879
46000000 18000000 611640 575612
47000000 18000000 405373 272742
48000000 18000000 862836 805026
49000000 18000000 377705 168972
0 19000000 792163 94948
1000000 19000000 868669 898856
2000000 19000000 499985 235315
3000000 19000000 729867 718424
4000000 19000000 312208 209358
5000000 19000000 319105 475160
6000000 19000000 433597 952472
7000000 19000000 203270 927417
8000000 19000000 814943 788893
9000000 19000000 87326 925934
10000000 19000000 861236 139318
11000000 19000000 901290 167345
12000000 19000000 956604 310874
13000000 19000000 294004 608111
14000000 19000000 62994 383577
15000000 19000000 925211 208366
16000000 19000000 605497 51786
17000000 19000000 74646 856549
18000000 19000000 398297 464817
19000000 19000000 346915 427062
20000000 19000000 78414 715420
21000000 19000000 114188 213052
22000000 19000000 382432 661884
23000000 19000000 26149 821167
24000000 19000000 840492 935297
25000000 19000000 217008 73656
26000000 19000000 934363 242175
27000000 19000000 397039 483210
28000000 19000000 778554 331031
29000000 19000000 969590 513169
30000000 19000000 129092 574639
31000000 19000000 474219 606157
32000000 19000000 868593 105920
33000000 19000000 117771 673197
34000000 19000000 820774 583152
35000000 19000000 682607 519228
36000000 19000000 14226 454098
37000000 19000000 642390 378490
38000000 19000000 255368 630519
39000000 19000000 861813 392166
40000000 19000000 358209 717803
41000000 19000000 629853 988776
42000000 19000000 979509 843853
43000000 19000000 451624 624204
44000000 19000000 937411 123998
45000000 19000000 682436 437251
46000000 19000000 394981 546094
47000000 19000000 519126 354410
48000000 19000000 376721 666186
49000000 19000000 671986 468589
0 20000000 921677 592337
1000000 20000000 494213 991269
2000000 20000000 92506 765133
3000000 20000000 470224 483511
4000000 20000000 262081 630404
5000000 20000000 912483 295058
6000000 20000000 611413 429967
7000000 20000000 846893 777820
8000000 20000000 616580 276912
9000000 20000000 866200 445089
10000000 20000000 383043 372027
11000000 20000000 138495 933724
12000000 20000000 177328 859134
13000000 20000000 434360 702248
14000000 20000000 679680 23950
15000000 20000000 226054 362549
16000000 20000000 375870 282196
17000000 20000000 542744 170250
18000000 20000000 365573 586824
19000000 20000000 615116 343930
20000000 20000000 274868 658425
21000000 20000000 587322 849476
22000000 20000000 369728 121154
23000000 20000000 919626 334355
24000000 20000000 829164 750106
25000000 20000000 863907 824981
26000000 20000000 774409 341659
27000000 20000000 605223 239571
28000000 20000000 228734 521640
29000000 20000000 826511 942986
30000000 20000000 815491 7630
31000000 20000000 813917 18994
32000000 20000000 24397 162777
33000000 20000000 688381 251943
34000000 20000000 630226 748577
35000000 20000000 156601 275817
36000000 20000000 691116 384977
37000000 20000000 478055 234415
38000000 20000000 879158 161465
39000000 20000000 654011 551339
40000000 20000000 748590 948443
41000000 20000000 61199 788049
42000000 20000000 588996 88780
43000000 20000000 163357 853245
44000000 20000000 462603 907283
45000000 20000000 343414 533555
46000000 20000000 109250 630384
47000000 20000000 496434 850228
48000000 20000000 762795 663330
49000000 20000000 826153 320469
0 21000000 562143 581588
1000000 21000000 915815 193995
2000000 21000000 977492 757731
3000000 21000000 250679 100005
4000000 21000000 386063 853192
5000000 21000000 122217 55714
6000000 21000000 243502 708580
7000000 21000000 942976 856673
8000000 21000000 135938 392760
9000000 21000000 926113 184209
10000000 21000000 261104 226761
11000000 21000000 133034 626084
12000000 21000000 836866 392761
13000000 21000000 807516 805992
14000000 21000000 576493 970126
15000000 21000000 766064 809872
16000000 21000000 545386 551677
17000000 21000000 618569 283207
18000000 21000000 706358 942631
19000000 21000000 893974 241114
20000000 21000000 762817 547556
21000000 21000000 112349 339863
22000000 21000000 71213 219268
23000000 21000000 598010 932910
24000000 21000000 615922 306157
25000000 21000000 489620 770982
26000000 21000000 519273 450930
27000000 21000000 783495 736960
28000000 21000000 395116 881549
29000000 21000000 990483 251870
30000000 21000000 756675 957983
31000000 21000000 382150 333426
32000000 21000000 526035 172505
33000000 21000000 144877 466851
34000000 21000000 710781 553527
35000000 21000000 200913 426398
36000000 21000000 892067 913056
37000000 21000000 484798 228233
38000000 21000000 639759 704301
39000000 21000000 195810 460291
40000000 21000000 703203 557528
41000000 21000000 981685 948338
42000000 21000000 740048 721623
43000000 21000000 973259 760586
44000000 21000000 813892 3056
45000000 21000000 554353 760003
46000000 21000000 550337 937140
47000000 21000000 392833 935605
48000000 21000000 406551 677701
49000000 21000000 54788 471301
0 22000000 197875 865419
1000000 22000000 600084 448934
2000000 22000000 497451 850354
3000000 22000000 434838 910038
4000000 22000000 362389 34222
5000000 22000000 121468 805515
6000000 22000000 763586 599172
7000000 22000000 812647 849483
8000000 22000000 395232 767840
9000000 22000000 920976 56612
10000000 22000000 863089 37638
11000000 22000000 946606 672999
12000000 22000000 150552 517198
13000000 22000000 198612 761396
14000000 22000000 117141 935613
15000000 22000000 964128 936180
16000000 22000000 123266 933498
17000000 22000000 282091 430084
18000000 22000000 564783 925487
19000000 22000000 182605 87356
20000000 22000000 944291 940281
21000000 22000000 958765 1040
22000000 22000000 212959 468510
23000000 22000000 720872 332969
24000000 22000000 419698 425045
25000000 22000000 925973 76050
26000000 22000000 488443 406229
27000000 22000000 97634 685688
28000000 22000000 735069 44686
29000000 22000000 586964 227114
30000000 22000000 557132 474205
31000000 22000000 309359 208534
32000000 22000000 186229 923967
33000000 22000000 120132 537385
34000000 22000000 5415 878282
35000000 22000000 701100 891227
36000000 22000000 325114 462750
37000000 22000000 274234 562684
38000000 22000000 551911 160243
39000000 22000000 540250 651298
40000000 22000000 984961 968031
41000000 22000000 608693 120756
42000000 22000000 159238 848577
43000000 22000000 760773 949316
44000000 22000000 423104 952116
45000000 22000000 472310 945584
46000000 22000000 317146 96354
47000000 22000000 693124 980402
48000000 22000000 293879 451441
49000000 22000000 365867 759145
0 23000000 545705 81240
1000000 23000000 163419 693360
2000000 23000000 973374 23118
3000000 23000000 709126 905307
4000000 23000000 355562 34287
5000000 23000000 507710 683372
6000000 23000000 677609 325831
7000000 23000000 40494 868686
8000000 23000000 375131 325646
9000000 23000000 857521 37498
10000000 23000000 731093 216929
11000000 23000000 804494 878850
12000000 23000000 51517 472872
13000000 23000000 960654 633199
14000000 23000000 661203 258185
15000000 23000000 230796 932662
16000000 23000000 399658 51341
17000000 23000000 756002 756954
18000000 23000000 318256 781528
19000000 23000000 433559 335766
20000000 23000000 234325 51295
21000000 23000000 116402 609693
22000000 23000000 879330 500148
23000000 23000000 22746 903106
24000000 23000000 297056 505954
25000000 23000000 428254 216552
26000000 23000000 204493 748372
27000000 23000000 751696 549561
28000000 23000000 866132 837229
29000000 23000000 424094 157523
30000000 23000000 588082 582495
31000000 23000000 657843 730722
32000000 23000000 770627 795391
33000000 23000000 986602 243224
34000000 23000000 338484 378093
35000000 23000000 564432 691833
36000000 23000000 113592 200687
37000000 23000000 303354 365357
38000000 23000000 725321 448561
39000000 23000000 54008 972819
40000000 23000000 694426 824703
41000000 23000000 492708 134077
42000000 23000000 482812 34992
43000000 23000000 706002 754961
44000000 23000000 234846 714892
45000000 23000000 94052 417156
46000000 23000000 985439 97067
47000000 23000000 488014 610529
48000000 23000000 997288 636961
49000000 23000000 588156 644488
0 24000000 482764 722911
1000000 24000000 343223 988333
2000000 24000000 459073 7660
3000000 24000000 202675 851313
4000000 24000000 343127 561188
5000000 24000000 346787 643300
6000000 24000000 908528 815435
7000000 24000000 260475 946695
8000000 24000000 667733 383667
9000000 24000000 90183 996708
10000000 24000000 289849 461889
11000000 24000000 724402 851337
12000000 24000000 204548 506503
13000000 24000000 781225 106115
14000000 24000000 778801 825353
15000000 24000000 209216 869544
16000000 24000000 938009 250077
17000000 24000000 998832 84157
18000000 24000000 955838 3906
19000000 24000000 380512 333600
20000000 24000000 850279 864727
21000000 24000000 527320 676790
22000000 24000000 798826 673803
23000000 24000000 31933 938869
24000000 24000000 673192 824704
25000000 24000000 902916 237420
26000000 24000000 780580 25707
27000000 24000000 238774 831561
28000000 24000000 794157 590123
29000000 24000000 139887 857405
30000000 24000000 3477 185641
31000000 24000000 479230 310359
32000000 24000000 841567 81976
33000000 24000000 833407 15379
34000000 24000000 271261 110462
35000000 24000000 139105 236498
36000000 24000000 482291 111794
37000000 24000000 925491 288364
38000000 24000000 539053 971746
39000000 24000000 481122 199317
40000000 24000000 71018 402901
41000000 24000000 624702 226436
42000000 24000000 895932 477636
43000000 24000000 890371 384905
44000000 24000000 736003 292143
45000000 24000000 19823 15137
46000000 24000000 161449 721240
47000000 24000000 733984 86548
48000000 24000000 293569 384864
49000000 24000000 616392 168187
0 25000000 857390 526540
1000000 25000000 449845 50171
2000000 25000000 463638 860221
3000000 25000000 353394 30793
4000000 25000000 415680 648662
5000000 25000000 697154 828631
6000000 25000000 754668 572820
7000000 25000000 98121 231142
8000000 25000000 18881 471530
9000000 25000000 406856 725617
10000000 25000000 8850 714252
11000000 25000000 233363 796896
12000000 25000000 385508 398794
13000000 25000000 665900 309565
14000000 25000000 664064 136550
15000000 25000000 664657 169247
16000000 25000000 844639 461753
17000000 25000000 942655 267891
18000000 25000000 735114 213153
19000000 25000000 981872 942319
20000000 25000000 662601 5066
21000000 25000000 482902 986439
22000000 25000000 905441 94589
23000000 25000000 262873 805357
24000000 25000000 644433 567065
25000000 25000000 690518 172679
26000000 25000000 616835 543770
27000000 25000000 723882 163982
28000000 25000000 842397 219603
29000000 25000000 187981 755857
30000000 25000000 152640 976186
31000000 25000000 854014 467528
32000000 25000000 273214 563761
33000000 25000000 867837 913328
34000000 25000000 81323 262631
35000000 25000000 282410 484705
36000000 25000000 62927 76612
37000000 25000000 349494 346389
38000000 25000000 194716 700977
39000000 25000000 911748 944020
40000000 25000000 461163 183469
41000000 25000000 459741 192881
42000000 25000000 314337 710482
43000000 25000000 721950 260061
44000000 25000000 449866 32871
45000000 25000000 739915 310701
46000000 25000000 804290 229614
47000000 25000000 878036 841506
48000000 25000000 390586 408000
49000000 25000000 905233 700361
0 26000000 36785 649335
1000000 26000000 836476 902209
2000000 26000000 93561 509864
3000000 26000000 159771 205328
4000000 26000000 546511 863216
5000000 26000000 697341 938996
6000000 26000000 150829 445411
7000000 26000000 660142 45558
8000000 26000000 68502 481740
9000000 26000000 522430 257759
10000000 26000000 710658 871387
11000000 26000000 328589 117585
12000000 26000000 386730 129648
13000000 26000000 545078 260152
14000000 26000000 421474 355924
15000000 26000000 674876 840308
16000000 26000000 431097 375834
17000000 26000000 172451 565010
18000000 26000000 732428 601658
19000000 26000000 757661 425957
20000000 26000000 939532 217179
21000000 26000000 911961 438409
22000000 26000000 328021 814360
23000000 26000000 413497 895869
24000000 26000000 782510 628865
25000000 26000000 283572 970183
26000000 26000000 896891 137572
27000000 26000000 593501 151132
28000000 26000000 950841 811859
29000000 26000000 171241 393587
30000000 26000000 927651 504697
31000000 26000000 762013 953800
32000000 26000000 275196 256759
33000000 26000000 239484 55095
34000000 26000000 700592 463391
35000000 26000000 801717 782948
36000000 26000000 576454 431794
37000000 26000000 626829 805741
38000000 26000000 301699 156103
39000000 26000000 983440 588811
40000000 26000000 899027 1801
41000000 26000000 214798 26664
42000000 26000000 888908 645974
43000000 26000000 447459 341194
44000000 26000000 25043 559622
45000000 26000000 412691 845534
46000000 26000000 971276 384154
47000000 26000000 845621 622011
48000000 26000000 787220 590744
49000000 26000000 322115 234545
0 27000000 295275 942811
1000000 27000000 456443 699002
2000000 27000000 59663 659605
3000000 27000000 69293 794010
4000000 27000000 240628 461326
5000000 27000000 104354 849288
6000000 27000000 475791 919581
7000000 27000000 74041 136692
8000000 27000000 291051 559270
9000000 27000000 586536 60796
10000000 27000000 654265 162970
11000000 27000000 428086 955939
12000000 27000000 744652 741894
13000000 27000000 73764 358051
14000000 27000000 420094 88165
15000000 27000000 41172 992291
16000000 27000000 66212 744851
17000000 27000000 548648 421047
18000000 27000000 61275 674950
19000000 27000000 755310 791339
20000000 27000000 231815 768361
21000000 27000000 894271 842234
22000000 27000000 251212 618901
23000000 27000000 854208 15869
24000000 27000000 419310 900264
25000000 27000000 285395 272495
26000000 27000000 263567 548351
27000000 27000000 168953 824206
28000000 27000000 170994 716007
29000000 27000000 657004 849912
30000000 27000000 816658 537959
31000000 27000000 528748 422160
32000000 27000000 560224 805772
33000000 27000000 296853 240969
34000000 27000000 64699 483364
35000000 27000000 579491 173018
36000000 27000000 301050 639285
37000000 27000000 440026 345223
38000000 27000000 131861 164906
39000000 27000000 256080 781814
40000000 27000000 459725 647696
41000000 27000000 291758 76995
42000000 27000000 429718 422336
43000000 27000000 110537 840624
44000000 27000000 929100 658915
45000000 27000000 69903 959640
46000000 27000000 701957 146589
47000000 27000000 517274 869025
48000000 27000000 907753 864753
49000000 27000000 905725 988991
0 28000000 314929 145361
1000000 28000000 12930 370891
2000000 28000000 865837 375763
3000000 28000000 464118 339548
4000000 28000000 971828 154635
5000000 28000000 175282 55883
6000000 28000000 160307 625677
7000000 28000000 118645 626626
8000000 28000000 360032 287242
9000000 28000000 523997 723317
10000000 28000000 577631 23410
11000000 28000000 935008 59761
12000000 28000000 981961 119769
13000000 28000000 555332 908121
14000000 28000000 689776 981648
15000000 28000000 366852 169608
16000000 28000000 723212 616420
17000000 28000000 45726 144869
18000000 28000000 334639 246330
19000000 28000000 49518 882588
20000000 28000000 726572 241207
21000000 28000000 927331 205284
22000000 28000000 227846 475378
23000000 28000000 111460 395555
24000000 28000000 32413 929428
25000000 28000000 460150 193638
26000000 28000000 824751 85746
27000000 28000000 469376 167306
28000000 28000000 900508 381489
29000000 28000000 641904 717819
30000000 28000000 973060 9368
31000000 28000000 632107 170087
32000000 28000000 150006 672079
33000000 28000000 841735 907162
34000000 28000000 666231 651887
35000000 28000000 486389 480267
36000000 28000000 146859 346291
37000000 28000000 435035 937570
38000000 28000000 300701 301719
39000000 28000000 714830 396403
40000000 28000000 47917 971397
41000000 28000000 373279 760378
42000000 28000000 828838 306324
43000000 28000000 509671 694552
44000000 28000000 838980 463685
45000000 28000000 975265 73493
46000000 28000000 396843 667762
47000000 28000000 865825 698984
48000000 28000000 33808 252135
49000000 28000000 573113 130323
0 29000000 913697 284884
1000000 29000000 109297 138511
2000000 29000000 181160 55438
3000000 29000000 128525 375364
4000000 29000000 807853 725529
5000000 29000000 855571 788143
6000000 29000000 114657 101218
7000000 29000000 309888 480010
8000000 29000000 457746 837868
9000000 29000000 580906 715057
10000000 29000000 44780 940370
11000000 29000000 721593 982424
12000000 29000000 89993 35498
13000000 29000000 242548 41911
14000000 29000000 694874 502499
15000000 29000000 584461 177881
16000000 29000000 252074 994027
17000000 29000000 919080 396906
18000000 29000000 13180 733365
19000000 29000000 695308 707501
20000000 29000000 118282 538481
21000000 29000000 408816 426931
22000000 29000000 232745 403987
23000000 29000000 420902 298319
24000000 29000000 213728 299948
25000000 29000000 208960 919625
26000000 29000000 674779 888759
27000000 29000000 740475 345174
28000000 29000000 534306 722921
29000000 29000000 253011 374368
30000000 29000000 653108 61978
31000000 29000000 862463 921683
32000000 29000000 758447 197656
33000000 29000000 398979 391682
34000000 29000000 154528 606903
35000000 29000000 835530 344923
36000000 29000000 535720 900922
37000000 29000000 559876 924669
38000000 29000000 184022 953182
39000000 29000000 908475 782434
40000000 29000000 193563 673894
41000000 29000000 39232 880755
42000000 29000000 268858 211570
43000000 29000000 529737 591933
44000000 29000000 283034 739386
45000000 29000000 283724 272145
46000000 29000000 484256 296707
47000000 29000000 712425 272268
48000000 29000000 465196 610205
49000000 29000000 396934 255580
0 30000000 508141 936899
1000000 30000000 481753 446385
2000000 30000000 238172 125230
3000000 30000000 527182 520040
4000000 30000000 208793 885098
5000000 30000000 835849 167162
6000000 30000000 514224 31374
7000000 30000000 867552 302885
8000000 30000000 620434 58339
9000000 30000000 247462 478496
10000000 30000000 588919 968840
11000000 30000000 623630 145685
12000000 30000000 547069 204531
13000000 30000000 896326 107242
14000000 30000000 306109 36315
15000000 30000000 777433 198044
16000000 30000000 780762 525480
17000000 30000000 69164 919405
18000000 30000000 359323 319912
19000000 30000000 946092 827505
20000000 30000000 665217 596028
21000000 30000000 579770 343472
22000000 30000000 476076 481141
23000000 30000000 112887 267955
24000000 30000000 852555 666119
25000000 30000000 307572 748014
26000000 30000000 804957 904093
27000000 30000000 173479 996058
28000000 30000000 10509 840737
29000000 30000000 896559 179063
30000000 30000000 461407 574103
31000000 30000000 257089 352710
32000000 30000000 868864 352404
33000000 30000000 622806 327281
34000000 30000000 381433 410658
35000000 30000000 263197 782708
36000000 30000000 570304 27195
37000000 30000000 422745 324029
38000000 30000000 930108 43789
39000000 30000000 128827 255186
40000000 30000000 120877 174078
41000000 30000000 468790 454200
42000000 30000000 477905 262691
43000000 30000000 360774 928043
44000000 30000000 124655 918563
45000000 30000000 687327 7002
46000000 30000000 652527 371122
47000000 30000000 647143 993790
48000000 30000000 272729 616148
49000000 30000000 473224 33085
0 31000000 66091 424567
1000000 31000000 378942 879023
2000000 31000000 436070 189999
3000000 31000000 348626 849786
4000000 31000000 764907 162603
5000000 31000000 657923 810326
6000000 31000000 912161 382980
7000000 31000000 982222 975727
8000000 31000000 386742 876646
9000000 31000000 88442 206966
10000000 31000000 69733 890289
11000000 31000000 295793 716766
12000000 31000000 445224 238382
13000000 31000000 109839 466506
14000000 31000000 748283 624089
15000000 31000000 919639 73394
16000000 31000000 579525 197474
17000000 31000000 309903 951741
18000000 31000000 649187 965437
19000000 31000000 895085 87326
20000000 31000000 525478 432959
21000000 31000000 953221 548595
22000000 31000000 552368 494266
23000000 31000000 713919 971874
24000000 31000000 835089 671695
25000000 31000000 896496 324038
26000000 31000000 585102 904161
27000000 31000000 688096 836009
28000000 31000000 173800 589551
29000000 31000000 811936 756750
30000000 31000000 535392 607728
31000000 31000000 99507 677904
32000000 31000000 846075 328636
33000000 31000000 556014 19418
34000000 31000000 680328 6700
35000000 31000000 777110 51715
36000000 31000000 795642 869405
37000000 31000000 776408 690175
38000000 31000000 314690 188702
39000000 31000000 196651 691266
40000000 31000000 929992 517353
41000000 31000000 226808 245833
42000000 31000000 709163 135721
43000000 31000000 912966 751045
44000000 31000000 999403 399671
45000000 31000000 873185 525327
46000000 31000000 924705 492551
47000000 31000000 772592 793399
48000000 31000000 652258 571969
49000000 31000000 431194 187621
0 32000000 956741 128162
1000000 32000000 837270 446368
2000000 32000000 189139 34679
3000000 32000000 55089 423469
4000000 32000000 319903 821133
5000000 32000000 687317 305441
6000000 32000000 675869 792671
7000000 32000000 588159 636234
8000000 32000000 384541 212383
9000000 32000000 394333 378586
10000000 32000000 195406 843303
11000000 32000000 734841 51760
12000000 32000000 792629 309486
13000000 32000000 601983 48041
14000000 32000000 800111 524235
15000000 32000000 104624 990296
16000000 32000000 386476 471078
17000000 32000000 73050 263823
18000000 32000000 904766 287839
19000000 32000000 888809 134930
20000000 32000000 942961 218695
21000000 32000000 540511 551726
22000000 32000000 96247 1467
23000000 32000000 410133 321142
24000000 32000000 419556 840827
25000000 32000000 622335 826672
26000000 32000000 78156 499204
27000000 32000000 751406 622134
28000000 32000000 797686 888531
29000000 32000000 185780 739909
30000000 32000000 599862 246868
31000000 32000000 130929 948561
32000000 32000000 469356 47775
33000000 32000000 555179 966279
34000000 32000000 726823 988680
35000000 32000000 271540 58851
36000000 32000000 209087 829738
37000000 32000000 102028 902778
38000000 32000000 248216 729448
39000000 32000000 870119 42458
40000000 32000000 236768 745042
41000000 32000000 784744 46129
42000000 32000000 581443 941487
43000000 32000000 610854 998726
44000000 32000000 936667 688516
45000000 32000000 778177 896781
46000000 32000000 585836 619895
47000000 32000000 663993 274635
48000000 32000000 241301 696467
49000000 32000000 212723 495138
0 33000000 710171 271877
1000000 33000000 831275 996916
2000000 33000000 537010 223733
3000000 33000000 207358 936245
4000000 33000000 855143 247728
5000000 33000000 576645 676963
6000000 33000000 92371 250076
7000000 33000000 133811 152036
8000000 33000000 209647 575146
9000000 33000000 775528 731365
10000000 33000000 895678 203888
11000000 33000000 342649 863712
12000000 33000000 422053 839150
13000000 33000000 456264 784676
14000000 33000000 467289 764520
15000000 33000000 844477 768343
16000000 33000000 114502 584328
17000000 33000000 212610 697081
18000000 33000000 701586 45702
19000000 33000000 943352 249264
20000000 33000000 778855 215229
21000000 33000000 167836 577628
22000000 33000000 749725 263022
23000000 33000000 372376 158386
24000000 33000000 51244 794073
25000000 33000000 323483 173750
26000000 33000000 276566 256869
27000000 33000000 388878 625471
28000000 33000000 394325 368149
29000000 33000000 358076 180633
30000000 33000000 365704 803557
31000000 33000000 433972 362240
32000000 33000000 823668 79331
33000000 33000000 530321 890952
34000000 33000000 500809 298075
35000000 33000000 172892 12956
36000000 33000000 896765 911835
37000000 33000000 678972 922098
38000000 33000000 189245 924352
39000000 33000000 341363 514531
40000000 33000000 198647 250557
41000000 33000000 673348 419071
42000000 33000000 366205 906770
43000000 33000000 43346 742091
44000000 33000000 654994 308324
45000000 33000000 768211 728708
46000000 33000000 504851 983216
47000000 33000000 222307 556564
48000000 33000000 170963 97226
49000000 33000000 490575 648084
0 34000000 224926 533715
1000000 34000000 935149 606280
2000000 34000000 19949 523635
3000000 34000000 54611 696626
4000000 34000000 243285 292135
5000000 34000000 641855 510177
6000000 34000000 317997 350586
7000000 34000000 183499 14692
8000000 34000000 492970 412165
9000000 34000000 259640 101124
10000000 34000000 482831 77304
11000000 34000000 270061 138276
12000000 34000000 634569 961361
13000000 34000000 161714 533933
14000000 34000000 533551 404429
15000000 34000000 735121 369970
16000000 34000000 350714 287405
17000000 34000000 930381 166246
18000000 34000000 166364 843280
19000000 34000000 407983 229448
20000000 34000000 94502 525018
21000000 34000000 510037 548531
22000000 34000000 234697 440337
23000000 34000000 850422 608297
24000000 34000000 379703 366701
25000000 34000000 131283 819275
26000000 34000000 531489 617097
27000000 34000000 580999 770388
28000000 34000000 646235 528556
29000000 34000000 338350 268738
30000000 34000000 5940 711393
31000000 34000000 263310 849751
32000000 34000000 169637 136775
33000000 34000000 525439 464582
34000000 34000000 109198 877533
35000000 34000000 170751 192769
36000000 34000000 6543 831856
37000000 34000000 483569 710658
38000000 34000000 889322 121766
39000000 34000000 67819 479922
40000000 34000000 540956 55257
41000000 34000000 405908 689760
42000000 34000000 234364 312756
43000000 34000000 242112 8976
44000000 34000000 67803 761162
45000000 34000000 369281 122285
46000000 34000000 871982 981335
47000000 34000000 229085 920087
48000000 34000000 933001 651103
49000000 34000000 165349 879000
0 35000000 550696 205220
1000000 35000000 870097 859977
2000000 35000000 810769 428383
3000000 35000000 847149 417878
4000000 35000000 336906 675579
5000000 35000000 733297 952197
6000000 35000000 966832 925750
7000000 35000000 846927 635428
8000000 35000000 146486 585202
9000000 35000000 48534 182071
10000000 35000000 381816 749584
11000000 35000000 398324 741030
12000000 35000000 436555 530467
13000000 35000000 676916 824358
14000000 35000000 291693 687829
15000000 35000000 689089 356269
16000000 35000000 99631 711952
17000000 35000000 352660 631917
18000000 35000000 383565 798078
19000000 35000000 693635 709913
20000000 35000000 787974 65649
21000000 35000000 889647 407750
22000000 35000000 308206 677715
23000000 35000000 727350 567446
24000000 35000000 707970 596958
25000000 35000000 258537 640643
26000000 35000000 223683 50821
27000000 35000000 339443 925380
28000000 35000000 783254 49493
29000000 35000000 66346 862874
30000000 35000000 413946 487974
31000000 35000000 52855 360694
32000000 35000000 784838 541355
33000000 35000000 90710 556889
34000000 35000000 255875 853891
35000000 35000000 781262 818258
36000000 35000000 753308 48781
37000000 35000000 609258 647930
38000000 35000000 834861 245024
39000000 35000000 236188 171545
40000000 35000000 409334 161842
41000000 35000000 454262 91538
42000000 35000000 32108 190032
43000000 35000000 603337 448002
44000000 35000000 15805 125410
45000000 35000000 785909 321894
46000000 35000000 209337 92273
47000000 35000000 151689 832578
48000000 35000000 64435 983839
49000000 35000000 622470 789338
0 36000000 651475 752388
1000000 36000000 889032 647146
2000000 36000000 418151 736495
3000000 36000000 403338 965508
4000000 36000000 606821 242729
5000000 36000000 758514 181675
6000000 36000000 552325 333513
7000000 36000000 670557 632032
8000000 36000000 179716 298294
9000000 36000000 410335 296311
10000000 36000000 127819 422619
11000000 36000000 385643 11679
12000000 36000000 588049 16309
13000000 36000000 43097 924803
14000000 36000000 510617 924087
15000000 36000000 340274 297115
16000000 36000000 353791 339065
17000000 36000000 952396 426794
18000000 36000000 245924 358236
19000000 36000000 89941 956393
20000000 36000000 552112 831839
21000000 36000000 871564 281006
22000000 36000000 484996 178718
23000000 36000000 250011 357001
24000000 36000000 544764 175135
25000000 36000000 667072 354267
26000000 36000000 127470 269364
27000000 36000000 241860 679546
28000000 36000000 958157 317455
29000000 36000000 495914 447432
30000000 36000000 773374 237790
31000000 36000000 773129 955051
32000000 36000000 890535 979832
33000000 36000000 906773 467962
34000000 36000000 835567 667316
35000000 36000000 373233 413775
36000000 36000000 953158 84878
37000000 36000000 570460 539491
38000000 36000000 671656 697226
39000000 36000000 390030 564554
40000000 36000000 32163 931857
41000000 36000000 571990 798472
42000000 36000000 623665 288701
43000000 36000000 314517 365963
44000000 36000000 762579 282816
45000000 36000000 491614 399492
46000000 36000000 555526 762271
47000000 36000000 933658 331253
48000000 36000000 857674 531958
49000000 36000000 648380 769634
0 37000000 232261 807868
1000000 37000000 679014 711800
2000000 37000000 875007 973031
3000000 37000000 111541 884201
4000000 37000000 407557 554377
5000000 37000000 745399 689280
6000000 37000000 811947 598898
7000000 37000000 832493 357942
8000000 37000000 274818 143595
9000000 37000000 106774 998918
10000000 37000000 738669 514660
11000000 37000000 754488 776005
12000000 37000000 748021 718627
13000000 37000000 814034 790982
14000000 37000000 548426 722380
15000000 37000000 749053 248779
16000000 37000000 646787 531604
17000000 37000000 77208 960267
18000000 37000000 779412 472503
19000000 37000000 696009 580545
20000000 37000000 91471 297332
21000000 37000000 506547 574182
22000000 37000000 335908 529673
23000000 37000000 982383 839933
24000000 37000000 499564 228111
25000000 37000000 189276 494273
26000000 37000000 221890 711419
27000000 37000000 686617 771260
28000000 37000000 330544 912244
29000000 37000000 950272 515401
30000000 37000000 868840 141038
31000000 37000000 370674 340542
32000000 37000000 976037 971649
33000000 37000000 807120 275466
34000000 37000000 730589 750828
35000000 37000000 319914 471819
36000000 37000000 313499 593607
37000000 37000000 731776 559835
38000000 37000000 184510 275005
39000000 37000000 580837 682198
40000000 37000000 304924 181532
41000000 37000000 336799 523055
42000000 37000000 820253 270115
43000000 37000000 107654 439034
44000000 37000000 666555 854399
45000000 37000000 724692 605645
46000000 37000000 512899 375349
47000000 37000000 397973 290339
48000000 37000000 795975 87715
49000000 37000000 625139 798044
0 38000000 851474 254358
1000000 38000000 656907 475017
2000000 38000000 576606 773980
3000000 38000000 873469 939865
4000000 38000000 324618 182291
5000000 38000000 530299 839385
6000000 38000000 725919 897317
7000000 38000000 61492 20645
8000000 38000000 555492 946330
9000000 38000000 459296 509040
10000000 38000000 964795 611981
11000000 38000000 67738 193085
12000000 38000000 120540 39061
13000000 38000000 206081 751938
14000000 38000000 889062 248063
15000000 38000000 323720 806468
16000000 38000000 472461 883107
17000000 38000000 8894 469339
18000000 38000000 749164 607341
19000000 38000000 789417 388669
20000000 38000000 670072 455475
21000000 38000000 676604 505791
22000000 38000000 375842 449308
23000000 38000000 423378 184024
24000000 38000000 474081 602944
25000000 38000000 943338 776621
26000000 38000000 532916 237192
27000000 38000000 225539 598885
28000000 38000000 878612 741414
29000000 38000000 307056 565508
30000000 38000000 79007 353397
31000000 38000000 677493 364199
32000000 38000000 504070 234273
33000000 38000000 30967 941056
34000000 38000000 547194 684245
35000000 38000000 117345 913925
36000000 38000000 940441 639075
37000000 38000000 670544 240352
38000000 38000000 88304 479763
39000000 38000000 618385 668828
40000000 38000000 631292 633106
41000000 38000000 609478 506787
42000000 38000000 173580 202171
43000000 38000000 159707 74739
44000000 38000000 474027 360862
45000000 38000000 517245 653298
46000000 38000000 111277 95498
47000000 38000000 907138 329353
48000000 38000000 243157 358783
49000000 38000000 942151 106395
0 39000000 179740 725711
1000000 39000000 78310 34443
2000000 39000000 811550 233097
3000000 39000000 904837 541684
4000000 39000000 310326 664381
5000000 39000000 155685 95589
6000000 39000000 225917 222959
7000000 39000000 792886 946018
8000000 39000000 613765 392594
9000000 39000000 85715 40498
10000000 39000000 705985 312980
11000000 39000000 664227 289012
12000000 39000000 28654 112030
13000000 39000000 44243 233807
14000000 39000000 827443 15627
15000000 39000000 702881 970730
16000000 39000000 99782 386804
17000000 39000000 99924 667086
18000000 39000000 480471 13101
19000000 39000000 240578 24278
20000000 39000000 904001 285997
21000000 39000000 579046 508041
22000000 39000000 497997 199638
23000000 39000000 274014 255578
24000000 39000000 601605 703125
25000000 39000000 876408 830799
26000000 39000000 114008 114878
27000000 39000000 537147 132947
28000000 39000000 169246 339446
29000000 39000000 644081 471549
30000000 39000000 126264 250420
31000000 39000000 710679 885711
32000000 39000000 56078 31616
33000000 39000000 263147 917290
34000000 39000000 184180 405939
35000000 39000000 856980 240187
36000000 39000000 306877 783380
37000000 39000000 573194 569275
38000000 39000000 490741 241061
39000000 39000000 596800 603484
40000000 39000000 852369 596015
41000000 39000000 964344 484312
42000000 39000000 88719 644851
43000000 39000000 298881 776054
44000000 39000000 330906 649010
45000000 39000000 938625 783416
46000000 39000000 56861 188296
47000000 39000000 556893 673611
48000000 39000000 489895 52620
49000000 39000000 254473 828314
0 40000000 347078 466212
1000000 40000000 229348 653631
2000000 40000000 483127 571910
3000000 40000000 766184 240208
4000000 40000000 318237 418522
5000000 40000000 234430 536089
6000000 40000000 95821 596844
7000000 40000000 956643 166007
8000000 40000000 505448 43305
9000000 40000000 282382 952615
10000000 40000000 167517 162518
11000000 40000000 683978 292165
12000000 40000000 921338 289270
13000000 40000000 752259 687741
14000000 40000000 17638 207572
15000000 40000000 438252 738172
16000000 40000000 89341 480357
17000000 40000000 212798 554647
18000000 40000000 939227 64502
19000000 40000000 72245 526461
20000000 40000000 592654 401108
21000000 40000000 525915 624608
22000000 40000000 305020 59446
23000000 40000000 174311 399802
24000000 40000000 500738 591735
25000000 40000000 491230 717198
26000000 40000000 841285 205381
27000000 40000000 856499 908039
28000000 40000000 815560 403660
29000000 40000000 353150 848998
30000000 40000000 654336 321458
31000000 40000000 505524 270091
32000000 40000000 767850 838077
33000000 40000000 462155 513887
34000000 40000000 814518 637044
35000000 40000000 621002 172374
36000000 40000000 812591 805842
37000000 40000000 330808 85859
38000000 40000000 35205 432215
39000000 40000000 653330 90958
40000000 40000000 115166 963283
41000000 40000000 370443 101875
42000000 40000000 934542 617216
43000000 40000000 906177 616964
44000000 40000000 159519 781050
45000000 40000000 811040 893094
46000000 40000000 169609 248352
47000000 40000000 154014 20262
48000000 40000000 899582 717842
49000000 40000000 70870 782605
0 41000000 578548 378997
1000000 41000000 219100 15632
2000000 41000000 297418 698994
3000000 41000000 485402 441394
4000000 41000000 185195 550585
5000000 41000000 528595 257406
6000000 41000000 98973 799571
7000000 41000000 360335 447808
8000000 41000000 66900 825131
9000000 41000000 12444 507679
10000000 41000000 174968 243020
11000000 41000000 111322 871999
12000000 41000000 580469 51705
13000000 41000000 932105 488519
14000000 41000000 70344 222700
15000000 41000000 172298 654714
16000000 41000000 381730 944778
17000000 41000000 197377 328702
18000000 41000000 734343 219571
19000000 41000000 880354 492605
20000000 41000000 328531 347943
21000000 41000000 145208 674871
22000000 41000000 763967 36591
23000000 41000000 188485 446972
24000000 41000000 472533 501383
25000000 41000000 498442 915678
26000000 41000000 323692 120626
27000000 41000000 906112 271505
28000000 41000000 594265 588791
29000000 41000000 992308 894027
30000000 41000000 116794 902127
31000000 41000000 389617 969503
32000000 41000000 5996 480870
33000000 41000000 102513 674710
34000000 41000000 919599 392371
35000000 41000000 755987 737941
36000000 41000000 962945 931468
37000000 41000000 560048 64070
38000000 41000000 370981 578044
39000000 41000000 539944 248208
40000000 41000000 215788 305272
41000000 41000000 401457 674533
42000000 41000000 84722 653947
43000000 41000000 226948 726491
44000000 41000000 362410 166966
45000000 41000000 563453 163440
46000000 41000000 475492 587044
47000000 41000000 5109 193556
48000000 41000000 818270 686108
49000000 41000000 377153 535085
0 42000000 855146 457904
1000000 42000000 71374 676779
2000000 42000000 599898 156978
3000000 42000000 356425 897495
4000000 42000000 808975 389554
5000000 42000000 351633 954245
6000000 42000000 812821 174655
7000000 42000000 999256 783608
8000000 42000000 211235 712852
9000000 42000000 674809 274112
10000000 42000000 354749 231982
11000000 42000000 210722 737041
12000000 42000000 499830 535664
13000000 42000000 378786 420562
14000000 42000000 997030 943901
15000000 42000000 941865 233141
16000000 42000000 236672 528393
17000000 42000000 703512 926414
18000000 42000000 6627 162180
19000000 42000000 470898 450615
20000000 42000000 509470 379750
21000000 42000000 112892 122050
22000000 42000000 744686 604991
23000000 42000000 450086 937147
24000000 42000000 554552 81933
25000000 42000000 866128 286526
26000000 42000000 653252 628668
27000000 42000000 467267 346091
28000000 42000000 543937 271706
29000000 42000000 974177 469362
30000000 42000000 660240 816253
31000000 42000000 368510 774149
32000000 42000000 334234 991805
33000000 42000000 910994 247344
34000000 42000000 656703 995852
35000000 42000000 566074 727507
36000000 42000000 505554 726864
37000000 42000000 708994 138770
38000000 42000000 371380 606780
39000000 42000000 349536 416501
40000000 42000000 534025 41363
41000000 42000000 224989 92279
42000000 42000000 216726 874392
43000000 42000000 484829 475738
44000000 42000000 970678 756361
45000000 42000000 66878 193451
46000000 42000000 259592 540526
47000000 42000000 365623 893649
48000000 42000000 330561 443882
49000000 42000000 756542 916192
0 43000000 763508 576884
1000000 43000000 808526 562165
2000000 43000000 844235 725957
3000000 43000000 833311 154459
4000000 43000000 925057 324886
5000000 43000000 744110 885128
6000000 43000000 722319 6454
7000000 43000000 805522 875436
8000000 43000000 575271 505439
9000000 43000000 355983 761372
10000000 43000000 977508 50050
11000000 43000000 849954 276950
12000000 43000000 421850 502147
13000000 43000000 7212 192748
14000000 43000000 860188 697486
15000000 43000000 664640 217872
16000000 43000000 498213 568200
17000000 43000000 458302 71116
18000000 43000000 35914 779260
19000000 43000000 442989 571238
20000000 43000000 546324 530449
21000000 43000000 924502 238777
22000000 43000000 242787 45412
23000000 43000000 943809 766908
24000000 43000000 862474 31370
25000000 43000000 621143 774604
26000000 43000000 106429 781805
27000000 43000000 269976 280876
28000000 43000000 533364 869805
29000000 43000000 749137 335501
30000000 43000000 785205 521864
31000000 43000000 968666 630608
32000000 43000000 999064 370225
33000000 43000000 870967 631204
34000000 43000000 484657 804428
35000000 43000000 894822 348381
36000000 43000000 489288 96208
37000000 43000000 345662 269037
38000000 43000000 673916 950315
39000000 43000000 550685 942568
40000000 43000000 222389 750260
41000000 43000000 132757 868455
42000000 43000000 655377 553040
43000000 43000000 918795 498694
44000000 43000000 219297 624512
45000000 43000000 824574 954694
46000000 43000000 529077 141335
47000000 43000000 398318 210321
48000000 43000000 606576 273338
49000000 43000000 544136 496233
0 44000000 913534 130667
1000000 44000000 330853 93703
2000000 44000000 397338 342356
3000000 44000000 476845 459625
4000000 44000000 23283 677369
5000000 44000000 750073 835344
6000000 44000000 437308 577815
7000000 44000000 466246 436361
8000000 44000000 311696 41041
9000000 44000000 252868 806683
10000000 44000000 722767 459950
11000000 44000000 320873 630157
12000000 44000000 811554 633113
13000000 44000000 652606 914978
14000000 44000000 705971 192526
15000000 44000000 2209 255592
16000000 44000000 757971 932080
17000000 44000000 666405 877198
18000000 44000000 647974 203713
19000000 44000000 768650 382736
20000000 44000000 149314 827998
21000000 44000000 252551 632182
22000000 44000000 555220 878159
23000000 44000000 824649 454255
24000000 44000000 574411 350647
25000000 44000000 690736 620612
26000000 44000000 364681 560010
27000000 44000000 852905 589366
28000000 44000000 880679 28301
29000000 44000000 332782 470068
30000000 44000000 294789 674295
31000000 44000000 442127 441293
32000000 44000000 505200 108113
33000000 44000000 550399 60856
34000000 44000000 567081 945240
35000000 44000000 60058 364200
36000000 44000000 386047 317320
37000000 44000000 754010 225018
38000000 44000000 941265 903700
39000000 44000000 753885 558774
40000000 44000000 707634 219368
41000000 44000000 340632 297402
42000000 44000000 772797 956421
43000000 44000000 811636 262069
44000000 44000000 663180 317713
45000000 44000000 311615 643161
46000000 44000000 326506 373600
47000000 44000000 871936 391909
48000000 44000000 250550 271461
49000000 44000000 6958 44464
0 45000000 932672 922300
1000000 45000000 994565 182548
2000000 45000000 582244 54725
3000000 45000000 516707 855515
4000000 45000000 888359 449795
5000000 45000000 488224 952537
6000000 45000000 344342 202732
7000000 45000000 559462 358358
8000000 45000000 861110 116083
9000000 45000000 844832 636512
10000000 45000000 932728 555555
11000000 45000000 496725 499456
12000000 45000000 500615 171027
13000000 45000000 530692 36123
14000000 45000000 798053 854882
15000000 45000000 131598 839230
16000000 45000000 670055 468976
17000000 45000000 575633 918234
18000000 45000000 673226 368324
19000000 45000000 491446 553852
20000000 45000000 18540 419348
21000000 45000000 82832 549623
22000000 45000000 119656 154216
23000000 45000000 124389 450959
24000000 45000000 866018 431750
25000000 45000000 904933 931050
26000000 45000000 77429 971746
27000000 45000000 544562 633658
28000000 45000000 324512 634
29000000 45000000 324937 635518
30000000 45000000 932381 764894
31000000 45000000 416728 496393
32000000 45000000 697146 185367
33000000 45000000 48485 976286
34000000 45000000 829800 739796
35000000 45000000 461765 902171
36000000 45000000 286611 102756
37000000 45000000 84109 910346
38000000 45000000 332408 130019
39000000 45000000 378304 36799
40000000 45000000 384204 778577
41000000 45000000 648344 688808
42000000 45000000 693355 544077
43000000 45000000 159160 306359
44000000 45000000 859482 496736
45000000 45000000 459292 538297
46000000 45000000 931424 48209
47000000 45000000 83239 880987
48000000 45000000 119671 932658
49000000 45000000 973382 689508
0 46000000 77208 127010
1000000 46000000 500002 742810
2000000 46000000 592177 610156
3000000 46000000 996244 316527
4000000 46000000 749046 578627
5000000 46000000 133889 177053
6000000 46000000 558625 780933
7000000 46000000 746673 74255
8000000 46000000 941794 101058
9000000 46000000 215593 927752
10000000 46000000 38074 944817
11000000 46000000 247662 987032
12000000 46000000 786445 969616
13000000 46000000 767413 755932
14000000 46000000 927736 516004
15000000 46000000 778972 816401
16000000 46000000 948241 509821
17000000 46000000 735936 391161
18000000 46000000 4411 708871
19000000 46000000 258564 16548
20000000 46000000 199282 170895
21000000 46000000 341267 595843
22000000 46000000 295598 13942
23000000 46000000 897606 214259
24000000 46000000 671555 893759
25000000 46000000 946345 434782
26000000 46000000 870499 99253
27000000 46000000 645772 316105
28000000 46000000 391910 349267
29000000 46000000 485533 892116
30000000 46000000 808316 687601
31000000 46000000 271852 82729
32000000 46000000 445549 351188
33000000 46000000 855218 584281
34000000 46000000 896517 637295
35000000 46000000 28252 831300
36000000 46000000 74079 617710
37000000 46000000 784128 520232
38000000 46000000 623200 107734
39000000 46000000 59788 267849
40000000 46000000 502167 704036
41000000 46000000 728313 197320
42000000 46000000 816346 225688
43000000 46000000 775525 683479
44000000 46000000 233866 77871
45000000 46000000 549017 944173
46000000 46000000 424798 159097
47000000 46000000 132766 175569
48000000 46000000 11555 998005
49000000 46000000 684586 343034
0 47000000 383235 562879
1000000 47000000 995897 924876
2000000 47000000 633547 278437
3000000 47000000 74418 382566
4000000 47000000 979330 367864
5000000 47000000 23003 907172
6000000 47000000 480326 816430
7000000 47000000 286973 512376
8000000 47000000 472261 214692
9000000 47000000 468999 897968
10000000 47000000 522298 301468
11000000 47000000 355908 287790
12000000 47000000 160219 415808
13000000 47000000 780920 374925
14000000 47000000 195789 684560
15000000 47000000 793978 491773
16000000 47000000 354891 258930
17000000 47000000 852060 869144
18000000 47000000 271527 845276
19000000 47000000 43509 691124
20000000 47000000 281473 811021
21000000 47000000 612522 152059
22000000 47000000 312665 499452
23000000 47000000 917366 678205
24000000 47000000 567911 971395
25000000 47000000 262625 417759
26000000 47000000 998551 805295
27000000 47000000 15513 757952
28000000 47000000 613392 574377
29000000 47000000 117025 679234
30000000 47000000 74338 446961
31000000 47000000 541397 689762
32000000 47000000 824912 278881
33000000 47000000 890465 122725
34000000 47000000 928389 615833
35000000 47000000 254322 536876
36000000 47000000 791978 781993
37000000 47000000 27918 786272
38000000 47000000 306999 457805
39000000 47000000 123656 96330
40000000 47000000 384740 793473
41000000 47000000 62145 764690
42000000 47000000 693729 222687
43000000 47000000 448049 480491
44000000 47000000 135416 843957
45000000 47000000 497310 64245
46000000 47000000 81980 745737
47000000 47000000 585294 270857
48000000 47000000 338727 944584
49000000 47000000 107848 606032
0 48000000 998484 897218
1000000 48000000 925108 241989
2000000 48000000 889065 145662
3000000 48000000 644478 301321
4000000 48000000 243690 217918
5000000 48000000 142645 135149
6000000 48000000 429762 134919
7000000 48000000 977751 975636
8000000 48000000 153145 464259
9000000 48000000 330888 314649
10000000 48000000 241393 97671
11000000 48000000 707287 55177
12000000 48000000 661075 330404
13000000 48000000 319575 676788
14000000 48000000 157509 783552
15000000 48000000 158703 914581
16000000 48000000 338597 312159
17000000 48000000 84006 679833
18000000 48000000 401099 59935
19000000 48000000 35665 657866
20000000 48000000 58011 781008
21000000 48000000 403614 134295
22000000 48000000 155301 151329
23000000 48000000 735855 462866
24000000 48000000 242655 898641
25000000 48000000 405879 716945
26000000 48000000 122871 496482
27000000 48000000 800402 19268
28000000 48000000 489342 41651
29000000 48000000 521090 653186
30000000 48000000 804606 826373
31000000 48000000 37844 489040
32000000 48000000 178216 194132
33000000 48000000 862994 317728
34000000 48000000 199548 967101
35000000 48000000 515517 683223
36000000 48000000 584400 574879
37000000 48000000 419144 352281
38000000 48000000 462289 191736
39000000 48000000 530105 424538
40000000 48000000 702580 905504
41000000 48000000 326586 606012
42000000 48000000 804967 512169
43000000 48000000 573813 303562
44000000 48000000 268920 800963
45000000 48000000 14082 866357
46000000 48000000 495366 369969
47000000 48000000 721687 745535
48000000 48000000 247086 747370
49000000 48000000 746915 195506
0 49000000 24841 67692
1000000 49000000 86809 555078
2000000 49000000 370868 773611
3000000 49000000 770259 11108
4000000 49000000 389035 87127
5000000 49000000 485700 108310
6000000 49000000 620087 721126
7000000 49000000 719979 198755
8000000 49000000 784700 229597
9000000 49000000 739207 909022
10000000 49000000 64280 479874
11000000 49000000 834218 688236
12000000 49000000 230963 163518
13000000 49000000 481077 768636
14000000 49000000 48231 351494
15000000 49000000 780834 789575
16000000 49000000 760350 917790
17000000 49000000 123099 513482
18000000 49000000 432334 85202
19000000 49000000 814852 236936
20000000 49000000 948535 789673
21000000 49000000 635773 236244
22000000 49000000 897995 710138
23000000 49000000 514053 335533
24000000 49000000 246996 689761
25000000 49000000 171886 567655
26000000 49000000 76758 91456
27000000 49000000 281900 33000
28000000 49000000 753336 397255
29000000 49000000 191245 443206
30000000 49000000 46309 813999
31000000 49000000 718396 331833
32000000 49000000 288776 181477
33000000 49000000 804761 927673
34000000 49000000 267847 916242
35000000 49000000 648444 955829
36000000 49000000 519706 627576
37000000 49000000 743987 694272
38000000 49000000 723886 274578
39000000 49000000 620705 973860
40000000 49000000 626026 255352
41000000 49000000 201394 982568
42000000 49000000 388876 417899
43000000 49000000 991194 512586
44000000 49000000 596266 323591
45000000 49000000 191646 983800
46000000 49000000 277782 986507
47000000 49000000 529209 791296
48000000 49000000 920691 895413
49000000 49000000 248139 183366
