2500
-20000000 -20000000 1000000 1000000
-19000000 -20000000 1000000 1000000
-18000000 -20000000 1000000 1000000
-17000000 -20000000 1000000 1000000
-16000000 -20000000 1000000 1000000
-15000000 -20000000 1000000 1000000
-14000000 -20000000 1000000 1000000
-13000000 -20000000 1000000 1000000
-12000000 -20000000 1000000 1000000
-11000000 -20000000 1000000 1000000
-10000000 -20000000 1000000 1000000
-9000000 -20000000 1000000 1000000
-8000000 -20000000 1000000 1000000
-7000000 -20000000 1000000 1000000
-6000000 -20000000 1000000 1000000
-5000000 -20000000 1000000 1000000
-4000000 -20000000 1000000 1000000
-3000000 -20000000 1000000 1000000
-2000000 -20000000 1000000 1000000
-1000000 -20000000 1000000 1000000
0 -20000000 1000000 1000000
1000000 -20000000 1000000 1000000
2000000 -20000000 1000000 1000000
3000000 -20000000 1000000 1000000
4000000 -20000000 1000000 1000000
5000000 -20000000 1000000 1000000
6000000 -20000000 1000000 1000000
7000000 -20000000 1000000 1000000
8000000 -20000000 1000000 1000000
9000000 -20000000 1000000 1000000
10000000 -20000000 1000000 1000000
11000000 -20000000 1000000 1000000
12000000 -20000000 1000000 1000000
13000000 -20000000 1000000 1000000
14000000 -20000000 1000000 1000000
15000000 -20000000 1000000 1000000
16000000 -20000000 1000000 1000000
17000000 -20000000 1000000 1000000
18000000 -20000000 1000000 1000000
19000000 -20000000 1000000 1000000
20000000 -20000000 1000000 1000000
21000000 -20000000 1000000 1000000
22000000 -20000000 1000000 1000000
23000000 -20000000 1000000 1000000
24000000 -20000000 1000000 1000000
25000000 -20000000 1000000 1000000
26000000 -20000000 1000000 1000000
27000000 -20000000 1000000 1000000
28000000 -20000000 1000000 1000000
29000000 -20000000 1000000 1000000
-20000000 -19000000 1000000 1000000
-19000000 -19000000 1000000 1000000
-18000000 -19000000 1000000 1000000
-17000000 -19000000 1000000 1000000
-16000000 -19000000 1000000 1000000
-15000000 -19000000 1000000 1000000
-14000000 -19000000 1000000 1000000
-13000000 -19000000 1000000 1000000
-12000000 -19000000 1000000 1000000
-11000000 -19000000 1000000 1000000
-10000000 -19000000 1000000 1000000
-9000000 -19000000 1000000 1000000
-8000000 -19000000 1000000 1000000
-7000000 -19000000 1000000 1000000
-6000000 -19000000 1000000 1000000
-5000000 -19000000 1000000 1000000
-4000000 -19000000 1000000 1000000
-3000000 -19000000 1000000 1000000
-2000000 -19000000 1000000 1000000
-1000000 -19000000 1000000 1000000
0 -19000000 1000000 1000000
1000000 -19000000 1000000 1000000
2000000 -19000000 1000000 1000000
3000000 -19000000 1000000 1000000
4000000 -19000000 1000000 1000000
5000000 -19000000 1000000 1000000
6000000 -19000000 1000000 1000000
7000000 -19000000 1000000 1000000
8000000 -19000000 1000000 1000000
9000000 -19000000 1000000 1000000
10000000 -19000000 1000000 1000000
11000000 -19000000 1000000 1000000
12000000 -19000000 1000000 1000000
13000000 -19000000 1000000 1000000
14000000 -19000000 1000000 1000000
15000000 -19000000 1000000 1000000
16000000 -19000000 1000000 1000000
17000000 -19000000 1000000 1000000
18000000 -19000000 1000000 1000000
19000000 -19000000 1000000 1000000
20000000 -19000000 1000000 1000000
21000000 -19000000 1000000 1000000
22000000 -19000000 1000000 1000000
23000000 -19000000 1000000 1000000
24000000 -19000000 1000000 1000000
25000000 -19000000 1000000 1000000
26000000 -19000000 1000000 1000000
27000000 -19000000 1000000 1000000
28000000 -19000000 1000000 1000000
29000000 -19000000 1000000 1000000
-20000000 -18000000 1000000 1000000
-19000000 -18000000 1000000 1000000
-18000000 -18000000 1000000 1000000
-17000000 -18000000 1000000 1000000
-16000000 -18000000 1000000 1000000
-15000000 -18000000 1000000 1000000
-14000000 -18000000 1000000 1000000
-13000000 -18000000 1000000 1000000
-12000000 -18000000 1000000 1000000
-11000000 -18000000 1000000 1000000
-10000000 -18000000 1000000 1000000
-9000000 -18000000 1000000 1000000
-8000000 -18000000 1000000 1000000
-7000000 -18000000 1000000 1000000
-6000000 -18000000 1000000 1000000
-5000000 -18000000 1000000 1000000
-4000000 -18000000 1000000 1000000
-3000000 -18000000 1000000 1000000
-2000000 -18000000 1000000 1000000
-1000000 -18000000 1000000 1000000
0 -18000000 1000000 1000000
1000000 -18000000 1000000 1000000
2000000 -18000000 1000000 1000000
3000000 -18000000 1000000 1000000
4000000 -18000000 1000000 1000000
5000000 -18000000 1000000 1000000
6000000 -18000000 1000000 1000000
7000000 -18000000 1000000 1000000
8000000 -18000000 1000000 1000000
9000000 -18000000 1000000 1000000
10000000 -18000000 1000000 1000000
11000000 -18000000 1000000 1000000
12000000 -18000000 1000000 1000000
13000000 -18000000 1000001 1000000
14000000 -18000000 1000000 1000000
15000000 -18000000 1000000 1000000
16000000 -18000000 1000000 1000000
17000000 -18000000 1000000 1000000
18000000 -18000000 1000000 1000000
19000000 -18000000 1000000 1000000
20000000 -18000000 1000000 1000000
21000000 -18000000 1000000 1000000
22000000 -18000000 1000000 1000000
23000000 -18000000 1000000 1000000
24000000 -18000000 1000000 1000000
25000000 -18000000 1000000 1000000
26000000 -18000000 1000000 1000000
27000000 -18000000 1000000 1000000
28000000 -18000000 1000000 1000000
29000000 -18000000 1000000 1000000
-20000000 -17000000 1000000 1000000
-19000000 -17000000 1000000 1000000
-18000000 -17000000 1000000 1000000
-17000000 -17000000 1000000 1000000
-16000000 -17000000 1000000 1000000
-15000000 -17000000 1000000 1000000
-14000000 -17000000 1000000 1000000
-13000000 -17000000 1000000 1000000
-12000000 -17000000 1000000 1000000
-11000000 -17000000 1000000 1000000
-10000000 -17000000 1000000 1000000
-9000000 -17000000 1000000 1000000
-8000000 -17000000 1000000 1000000
-7000000 -17000000 1000000 1000000
-6000000 -17000000 1000000 1000000
-5000000 -17000000 1000000 1000000
-4000000 -17000000 1000000 1000000
-3000000 -17000000 1000000 1000000
-2000000 -17000000 1000000 1000000
-1000000 -17000000 1000000 1000000
0 -17000000 1000000 1000000
1000000 -17000000 1000000 1000000
2000000 -17000000 1000000 1000000
3000000 -17000000 1000000 1000000
4000000 -17000000 1000000 1000000
5000000 -17000000 1000000 1000000
6000000 -17000000 1000000 1000000
7000000 -17000000 1000000 1000000
8000000 -17000000 1000000 1000000
9000000 -17000000 1000000 1000000
10000000 -17000000 1000000 1000000
11000000 -17000000 1000000 1000000
12000000 -17000000 1000000 1000000
13000000 -17000000 1000000 1000000
14000000 -17000000 1000000 1000000
15000000 -17000000 1000000 1000000
16000000 -17000000 1000000 1000000
17000000 -17000000 1000000 1000000
18000000 -17000000 1000000 1000000
19000000 -17000000 1000000 1000000
20000000 -17000000 1000000 1000000
21000000 -17000000 1000000 1000000
22000000 -17000000 1000000 1000000
23000000 -17000000 1000000 1000000
24000000 -17000000 1000000 1000000
25000000 -17000000 1000000 1000000
26000000 -17000000 1000000 1000000
27000000 -17000000 1000000 1000000
28000000 -17000000 1000000 1000000
29000000 -17000000 1000000 1000000
-20000000 -16000000 1000000 1000000
-19000000 -16000000 1000000 1000000
-18000000 -16000000 1000000 1000000
-17000000 -16000000 1000000 1000000
-16000000 -16000000 1000000 1000000
-15000000 -16000000 1000000 1000000
-14000000 -16000000 1000000 1000000
-13000000 -16000000 1000000 1000000
-12000000 -16000000 1000000 1000000
-11000000 -16000000 1000000 1000000
-10000000 -16000000 1000000 1000000
-9000000 -16000000 1000000 1000000
-8000000 -16000000 1000000 1000000
-7000000 -16000000 1000000 1000000
-6000000 -16000000 1000000 1000000
-5000000 -16000000 1000000 1000000
-4000000 -16000000 1000000 1000000
-3000000 -16000000 1000000 1000000
-2000000 -16000000 1000000 1000000
-1000000 -16000000 1000000 1000000
0 -16000000 1000000 1000000
1000000 -16000000 1000000 1000000
2000000 -16000000 1000000 1000000
3000000 -16000000 1000000 1000000
4000000 -16000000 1000000 1000000
5000000 -16000000 1000000 1000000
6000000 -16000000 1000000 1000000
7000000 -16000000 1000000 1000000
8000000 -16000000 1000000 1000000
9000000 -16000000 1000000 1000000
10000000 -16000000 1000000 1000000
11000000 -16000000 1000000 1000000
12000000 -16000000 1000000 1000000
13000000 -16000000 1000000 1000000
14000000 -16000000 1000000 1000000
15000000 -16000000 1000000 1000000
16000000 -16000000 1000000 1000000
17000000 -16000000 1000000 1000000
18000000 -16000000 1000000 1000000
19000000 -16000000 1000000 1000000
20000000 -16000000 1000000 1000000
21000000 -16000000 1000000 1000000
22000000 -16000000 1000000 1000000
23000000 -16000000 1000000 1000000
24000000 -16000000 1000000 1000000
25000000 -16000000 1000000 1000000
26000000 -16000000 1000000 1000000
27000000 -16000000 1000000 1000000
28000000 -16000000 1000000 1000000
29000000 -16000000 1000000 1000000
-20000000 -15000000 1000000 1000000
-19000000 -15000000 1000000 1000000
-18000000 -15000000 1000000 1000000
-17000000 -15000000 1000000 1000000
-16000000 -15000000 1000000 1000000
-15000000 -15000000 1000000 1000000
-14000000 -15000000 1000000 1000000
-13000000 -15000000 1000000 1000000
-12000000 -15000000 1000000 1000000
-11000000 -15000000 1000000 1000000
-10000000 -15000000 1000000 1000000
-9000000 -15000000 1000000 1000000
-8000000 -15000000 1000000 1000000
-7000000 -15000000 1000000 1000000
-6000000 -15000000 1000000 1000000
-5000000 -15000000 1000000 1000000
-4000000 -15000000 1000000 1000000
-3000000 -15000000 1000000 1000000
-2000000 -15000000 1000000 1000000
-1000000 -15000000 1000000 1000000
0 -15000000 1000000 1000000
1000000 -15000000 1000000 1000000
2000000 -15000000 1000000 1000000
3000000 -15000000 1000000 1000000
4000000 -15000000 1000000 1000000
5000000 -15000000 1000000 1000000
6000000 -15000000 1000000 1000000
7000000 -15000000 1000000 1000000
8000000 -15000000 1000000 1000000
9000000 -15000000 1000000 1000000
10000000 -15000000 1000000 1000000
11000000 -15000000 1000000 1000000
12000000 -15000000 1000000 1000000
13000000 -15000000 1000000 1000000
14000000 -15000000 1000000 1000000
15000000 -15000000 1000000 1000000
16000000 -15000000 1000000 1000000
17000000 -15000000 1000000 1000000
18000000 -15000000 1000000 1000000
19000000 -15000000 1000000 1000000
20000000 -15000000 1000000 1000000
21000000 -15000000 1000000 1000000
22000000 -15000000 1000000 1000000
23000000 -15000000 1000000 1000000
24000000 -15000000 1000000 1000000
25000000 -15000000 1000000 1000000
26000000 -15000000 1000000 1000000
27000000 -15000000 1000000 1000000
28000000 -15000000 1000000 1000000
29000000 -15000000 1000000 1000000
-20000000 -14000000 1000000 1000000
-19000000 -14000000 1000000 1000000
-18000000 -14000000 1000000 1000000
-17000000 -14000000 1000000 1000000
-16000000 -14000000 1000000 1000000
-15000000 -14000000 1000000 1000000
-14000000 -14000000 1000000 1000000
-13000000 -14000000 1000000 1000000
-12000000 -14000000 1000000 1000000
-11000000 -14000000 1000000 1000000
-10000000 -14000000 1000000 1000000
-9000000 -14000000 1000000 1000000
-8000000 -14000000 1000000 1000000
-7000000 -14000000 1000000 1000000
-6000000 -14000000 1000000 1000000
-5000000 -14000000 1000000 1000000
-4000000 -14000000 1000000 1000000
-3000000 -14000000 1000000 1000000
-2000000 -14000000 1000000 1000000
-1000000 -14000000 1000000 1000000
0 -14000000 1000000 1000000
1000000 -14000000 1000000 1000000
2000000 -14000000 1000000 1000000
3000000 -14000000 1000000 1000000
4000000 -14000000 1000000 1000000
5000000 -14000000 1000000 1000000
6000000 -14000000 1000000 1000000
7000000 -14000000 1000000 1000000
8000000 -14000000 1000000 1000000
9000000 -14000000 1000000 1000000
10000000 -14000000 1000000 1000000
11000000 -14000000 1000000 1000000
12000000 -14000000 1000000 1000000
13000000 -14000000 1000000 1000000
14000000 -14000000 1000000 1000000
15000000 -14000000 1000000 1000000
16000000 -14000000 1000000 1000000
17000000 -14000000 1000000 1000000
18000000 -14000000 1000000 1000000
19000000 -14000000 1000000 1000000
20000000 -14000000 1000000 1000000
21000000 -14000000 1000000 1000000
22000000 -14000000 1000000 1000000
23000000 -14000000 1000000 1000000
24000000 -14000000 1000000 1000000
25000000 -14000000 1000000 1000000
26000000 -14000000 1000000 1000000
27000000 -14000000 1000000 1000000
28000000 -14000000 1000000 1000000
29000000 -14000000 1000000 1000000
-20000000 -13000000 1000000 1000000
-19000000 -13000000 1000000 1000000
-18000000 -13000000 1000000 1000000
-17000000 -13000000 1000000 1000000
-16000000 -13000000 1000000 1000000
-15000000 -13000000 1000000 1000000
-14000000 -13000000 1000000 1000000
-13000000 -13000000 1000000 1000000
-12000000 -13000000 1000000 1000000
-11000000 -13000000 1000000 1000000
-10000000 -13000000 1000000 1000000
-9000000 -13000000 1000000 1000000
-8000000 -13000000 1000000 1000000
-7000000 -13000000 1000000 1000000
-6000000 -13000000 1000000 1000000
-5000000 -13000000 1000000 1000000
-4000000 -13000000 1000000 1000000
-3000000 -13000000 1000000 1000000
-2000000 -13000000 1000000 1000000
-1000000 -13000000 1000000 1000000
0 -13000000 1000000 1000000
1000000 -13000000 1000000 1000000
2000000 -13000000 1000000 1000000
3000000 -13000000 1000000 1000000
4000000 -13000000 1000000 1000000
5000000 -13000000 1000000 1000000
6000000 -13000000 1000000 1000000
7000000 -13000000 1000000 1000000
8000000 -13000000 1000000 1000000
9000000 -13000000 1000000 1000000
10000000 -13000000 1000000 1000000
11000000 -13000000 1000000 1000000
12000000 -13000000 1000000 1000000
13000000 -13000000 1000000 1000000
14000000 -13000000 1000000 1000000
15000000 -13000000 1000000 1000000
16000000 -13000000 1000000 1000000
17000000 -13000000 1000000 1000000
18000000 -13000000 1000000 1000000
19000000 -13000000 1000000 1000000
20000000 -13000000 1000000 1000000
21000000 -13000000 1000000 1000000
22000000 -13000000 1000000 1000000
23000000 -13000000 1000000 1000000
24000000 -13000000 1000000 1000000
25000000 -13000000 1000000 1000000
26000000 -13000000 1000000 1000000
27000000 -13000000 1000000 1000000
28000000 -13000000 1000000 1000000
29000000 -13000000 1000000 1000000
-20000000 -12000000 1000000 1000000
-19000000 -12000000 1000000 1000000
-18000000 -12000000 1000000 1000000
-17000000 -12000000 1000000 1000000
-16000000 -12000000 1000000 1000000
-15000000 -12000000 1000000 1000000
-14000000 -12000000 1000000 1000000
-13000000 -12000000 1000000 1000000
-12000000 -12000000 1000000 1000000
-11000000 -12000000 1000000 1000000
-10000000 -12000000 1000000 1000000
-9000000 -12000000 1000000 1000000
-8000000 -12000000 1000000 1000000
-7000000 -12000000 1000000 1000000
-6000000 -12000000 1000000 1000000
-5000000 -12000000 1000000 1000000
-4000000 -12000000 1000000 1000000
-3000000 -12000000 1000000 1000000
-2000000 -12000000 1000000 1000000
-1000000 -12000000 1000000 1000000
0 -12000000 1000000 1000000
1000000 -12000000 1000000 1000000
2000000 -12000000 1000000 1000000
3000000 -12000000 1000000 1000000
4000000 -12000000 1000000 1000000
5000000 -12000000 1000000 1000000
6000000 -12000000 1000000 1000000
7000000 -12000000 1000000 1000000
8000000 -12000000 1000000 1000000
9000000 -12000000 1000000 1000000
10000000 -12000000 1000000 1000000
11000000 -12000000 1000000 1000000
12000000 -12000000 1000000 1000000
13000000 -12000000 1000000 1000000
14000000 -12000000 1000000 1000000
15000000 -12000000 1000000 1000000
16000000 -12000000 1000000 1000000
17000000 -12000000 1000000 1000000
18000000 -12000000 1000000 1000000
19000000 -12000000 1000000 1000000
20000000 -12000000 1000000 1000000
21000000 -12000000 1000000 1000000
22000000 -12000000 1000000 1000000
23000000 -12000000 1000000 1000000
24000000 -12000000 1000000 1000000
25000000 -12000000 1000000 1000000
26000000 -12000000 1000000 1000000
27000000 -12000000 1000000 1000000
28000000 -12000000 1000000 1000000
29000000 -12000000 1000000 1000000
-20000000 -11000000 1000000 1000000
-19000000 -11000000 1000000 1000000
-18000000 -11000000 1000000 1000000
-17000000 -11000000 1000000 1000000
-16000000 -11000000 1000000 1000000
-15000000 -11000000 1000000 1000000
-14000000 -11000000 1000000 1000000
-13000000 -11000000 1000000 1000000
-12000000 -11000000 1000000 1000000
-11000000 -11000000 1000000 1000000
-10000000 -11000000 1000000 1000000
-9000000 -11000000 1000000 1000000
-8000000 -11000000 1000000 1000000
-7000000 -11000000 1000000 1000000
-6000000 -11000000 1000000 1000000
-5000000 -11000000 1000000 1000000
-4000000 -11000000 1000000 1000000
-3000000 -11000000 1000000 1000000
-2000000 -11000000 1000000 1000000
-1000000 -11000000 1000000 1000000
0 -11000000 1000000 1000000
1000000 -11000000 1000000 1000000
2000000 -11000000 1000000 1000000
3000000 -11000000 1000000 1000000
4000000 -11000000 1000000 1000000
5000000 -11000000 1000000 1000000
6000000 -11000000 1000000 1000000
7000000 -11000000 1000000 1000000
8000000 -11000000 1000000 1000000
9000000 -11000000 1000000 1000000
10000000 -11000000 1000000 1000000
11000000 -11000000 1000000 1000000
12000000 -11000000 1000000 1000000
13000000 -11000000 1000000 1000000
14000000 -11000000 1000000 1000000
15000000 -11000000 1000000 1000000
16000000 -11000000 1000000 1000000
17000000 -11000000 1000000 1000000
18000000 -11000000 1000000 1000000
19000000 -11000000 1000000 1000000
20000000 -11000000 1000000 1000000
21000000 -11000000 1000000 1000000
22000000 -11000000 1000000 1000000
23000000 -11000000 1000000 1000000
24000000 -11000000 1000000 1000000
25000000 -11000000 1000000 1000000
26000000 -11000000 1000000 1000000
27000000 -11000000 1000000 1000000
28000000 -11000000 1000000 1000000
29000000 -11000000 1000000 1000000
-20000000 -10000000 1000000 1000000
-19000000 -10000000 1000000 1000000
-18000000 -10000000 1000000 1000000
-17000000 -10000000 1000000 1000000
-16000000 -10000000 1000000 1000000
-15000000 -10000000 1000000 1000000
-14000000 -10000000 1000000 1000000
-13000000 -10000000 1000000 1000000
-12000000 -10000000 1000000 1000000
-11000000 -10000000 1000000 1000000
-10000000 -10000000 1000000 1000000
-9000000 -10000000 1000000 1000000
-8000000 -10000000 1000000 1000000
-7000000 -10000000 1000000 1000000
-6000000 -10000000 1000000 1000000
-5000000 -10000000 1000000 1000000
-4000000 -10000000 1000000 1000000
-3000000 -10000000 1000000 1000000
-2000000 -10000000 1000000 1000000
-1000000 -10000000 1000000 1000000
0 -10000000 1000000 1000000
1000000 -10000000 1000000 1000000
2000000 -10000000 1000000 1000000
3000000 -10000000 1000000 1000000
4000000 -10000000 1000000 1000000
5000000 -10000000 1000000 1000000
6000000 -10000000 1000000 1000000
7000000 -10000000 1000000 1000000
8000000 -10000000 1000000 1000000
9000000 -10000000 1000000 1000000
10000000 -10000000 1000000 1000000
11000000 -10000000 1000000 1000000
12000000 -10000000 1000000 1000000
13000000 -10000000 1000000 1000000
14000000 -10000000 1000000 1000000
15000000 -10000000 1000000 1000000
16000000 -10000000 1000000 1000000
17000000 -10000000 1000000 1000000
18000000 -10000000 1000000 1000000
19000000 -10000000 1000000 1000000
20000000 -10000000 1000000 1000000
21000000 -10000000 1000000 1000000
22000000 -10000000 1000000 1000000
23000000 -10000000 1000000 1000000
24000000 -10000000 1000000 1000000
25000000 -10000000 1000000 1000000
26000000 -10000000 1000000 1000000
27000000 -10000000 1000000 1000000
28000000 -10000000 1000000 1000000
29000000 -10000000 1000000 1000000
-20000000 -9000000 1000000 1000000
-19000000 -9000000 1000000 1000000
-18000000 -9000000 1000000 1000000
-17000000 -9000000 1000000 1000000
-16000000 -9000000 1000000 1000000
-15000000 -9000000 1000000 1000000
-14000000 -9000000 1000000 1000000
-13000000 -9000000 1000000 1000000
-12000000 -9000000 1000000 1000000
-11000000 -9000000 1000000 1000000
-10000000 -9000000 1000000 1000000
-9000000 -9000000 1000000 1000000
-8000000 -9000000 1000000 1000000
-7000000 -9000000 1000000 1000000
-6000000 -9000000 1000000 1000000
-5000000 -9000000 1000000 1000000
-4000000 -9000000 1000000 1000000
-3000000 -9000000 1000000 1000000
-2000000 -9000000 1000000 1000000
-1000000 -9000000 1000000 1000000
0 -9000000 1000000 1000000
1000000 -9000000 1000000 1000000
2000000 -9000000 1000000 1000000
3000000 -9000000 1000000 1000000
4000000 -9000000 1000000 1000000
5000000 -9000000 1000000 1000000
6000000 -9000000 1000000 1000000
7000000 -9000000 1000000 1000000
8000000 -9000000 1000000 1000000
9000000 -9000000 1000000 1000000
10000000 -9000000 1000000 1000000
11000000 -9000000 1000000 1000000
12000000 -9000000 1000000 1000000
13000000 -9000000 1000000 1000000
14000000 -9000000 1000000 1000000
15000000 -9000000 1000000 1000000
16000000 -9000000 1000000 1000000
17000000 -9000000 1000000 1000000
18000000 -9000000 1000000 1000000
19000000 -9000000 1000000 1000000
20000000 -9000000 1000000 1000000
21000000 -9000000 1000000 1000000
22000000 -9000000 1000000 1000000
23000000 -9000000 1000000 1000000
24000000 -9000000 1000000 1000000
25000000 -9000000 1000000 1000000
26000000 -9000000 1000000 1000000
27000000 -9000000 1000000 1000000
28000000 -9000000 1000000 1000000
29000000 -9000000 1000000 1000000
-20000000 -8000000 1000000 1000000
-19000000 -8000000 1000000 1000000
-18000000 -8000000 1000000 1000000
-17000000 -8000000 1000000 1000000
-16000000 -8000000 1000000 1000000
-15000000 -8000000 1000000 1000000
-14000000 -8000000 1000000 1000000
-13000000 -8000000 1000000 1000000
-12000000 -8000000 1000000 1000000
-11000000 -8000000 1000000 1000000
-10000000 -8000000 1000000 1000000
-9000000 -8000000 1000000 1000000
-8000000 -8000000 1000000 1000000
-7000000 -8000000 1000000 1000000
-6000000 -8000000 1000000 1000000
-5000000 -8000000 1000000 1000000
-4000000 -8000000 1000000 1000000
-3000000 -8000000 1000000 1000000
-2000000 -8000000 1000000 1000000
-1000000 -8000000 1000000 1000000
0 -8000000 1000000 1000000
1000000 -8000000 1000000 1000000
2000000 -8000000 1000000 1000000
3000000 -8000000 1000000 1000000
4000000 -8000000 1000000 1000000
5000000 -8000000 1000000 1000000
6000000 -8000000 1000000 1000000
7000000 -8000000 1000000 1000000
8000000 -8000000 1000000 1000000
9000000 -8000000 1000000 1000000
10000000 -8000000 1000000 1000000
11000000 -8000000 1000000 1000000
12000000 -8000000 1000000 1000000
13000000 -8000000 1000000 1000000
14000000 -8000000 1000000 1000000
15000000 -8000000 1000000 1000000
16000000 -8000000 1000000 1000000
17000000 -8000000 1000000 1000000
18000000 -8000000 1000000 1000000
19000000 -8000000 1000000 1000000
20000000 -8000000 1000000 1000000
21000000 -8000000 1000000 1000000
22000000 -8000000 1000000 1000000
23000000 -8000000 1000000 1000000
24000000 -8000000 1000000 1000000
25000000 -8000000 1000000 1000000
26000000 -8000000 1000000 1000000
27000000 -8000000 1000000 1000000
28000000 -8000000 1000000 1000000
29000000 -8000000 1000000 1000000
-20000000 -7000000 1000000 1000000
-19000000 -7000000 1000000 1000000
-18000000 -7000000 1000000 1000000
-17000000 -7000000 1000000 1000000
-16000000 -7000000 1000000 1000000
-15000000 -7000000 1000000 1000000
-14000000 -7000000 1000000 1000000
-13000000 -7000000 1000000 1000000
-12000000 -7000000 1000000 1000000
-11000000 -7000000 1000000 1000000
-10000000 -7000000 1000000 1000000
-9000000 -7000000 1000000 1000000
-8000000 -7000000 1000000 1000000
-7000000 -7000000 1000000 1000000
-6000000 -7000000 1000000 1000000
-5000000 -7000000 1000000 1000000
-4000000 -7000000 1000000 1000000
-3000000 -7000000 1000000 1000000
-2000000 -7000000 1000000 1000000
-1000000 -7000000 1000000 1000000
0 -7000000 1000000 1000000
1000000 -7000000 1000000 1000000
2000000 -7000000 1000000 1000000
3000000 -7000000 1000000 1000000
4000000 -7000000 1000000 1000000
5000000 -7000000 1000000 1000000
6000000 -7000000 1000000 1000000
7000000 -7000000 1000000 1000000
8000000 -7000000 1000000 1000000
9000000 -7000000 1000000 1000000
10000000 -7000000 1000000 1000000
11000000 -7000000 1000000 1000000
12000000 -7000000 1000000 1000000
13000000 -7000000 1000000 1000000
14000000 -7000000 1000000 1000000
15000000 -7000000 1000000 1000000
16000000 -7000000 1000000 1000000
17000000 -7000000 1000000 1000000
18000000 -7000000 1000000 1000000
19000000 -7000000 1000000 1000000
20000000 -7000000 1000000 1000000
21000000 -7000000 1000000 1000000
22000000 -7000000 1000000 1000000
23000000 -7000000 1000000 1000000
24000000 -7000000 1000000 1000000
25000000 -7000000 1000000 1000000
26000000 -7000000 1000000 1000000
27000000 -7000000 1000000 1000000
28000000 -7000000 1000000 1000000
29000000 -7000000 1000000 1000000
-20000000 -6000000 1000000 1000000
-19000000 -6000000 1000000 1000000
-18000000 -6000000 1000000 1000000
-17000000 -6000000 1000000 1000000
-16000000 -6000000 1000000 1000000
-15000000 -6000000 1000000 1000000
-14000000 -6000000 1000000 1000000
-13000000 -6000000 1000000 1000000
-12000000 -6000000 1000000 1000000
-11000000 -6000000 1000000 1000000
-10000000 -6000000 1000000 1000000
-9000000 -6000000 1000000 1000000
-8000000 -6000000 1000000 1000000
-7000000 -6000000 1000000 1000000
-6000000 -6000000 1000000 1000000
-5000000 -6000000 1000000 1000000
-4000000 -6000000 1000000 1000000
-3000000 -6000000 1000000 1000000
-2000000 -6000000 1000000 1000000
-1000000 -6000000 1000000 1000000
0 -6000000 1000000 1000000
1000000 -6000000 1000000 1000000
2000000 -6000000 1000000 1000000
3000000 -6000000 1000000 1000000
4000000 -6000000 1000000 1000000
5000000 -6000000 1000000 1000000
6000000 -6000000 1000000 1000000
7000000 -6000000 1000000 1000000
8000000 -6000000 1000000 1000000
9000000 -6000000 1000000 1000000
10000000 -6000000 1000000 1000000
11000000 -6000000 1000000 1000000
12000000 -6000000 1000000 1000000
13000000 -6000000 1000000 1000000
14000000 -6000000 1000000 1000000
15000000 -6000000 1000000 1000000
16000000 -6000000 1000000 1000000
17000000 -6000000 1000000 1000000
18000000 -6000000 1000000 1000000
19000000 -6000000 1000000 1000000
20000000 -6000000 1000000 1000000
21000000 -6000000 1000000 1000000
22000000 -6000000 1000000 1000000
23000000 -6000000 1000000 1000000
24000000 -6000000 1000000 1000000
25000000 -6000000 1000000 1000000
26000000 -6000000 1000000 1000000
27000000 -6000000 1000000 1000000
28000000 -6000000 1000000 1000000
29000000 -6000000 1000000 1000000
-20000000 -5000000 1000000 1000000
-19000000 -5000000 1000000 1000000
-18000000 -5000000 1000000 1000000
-17000000 -5000000 1000000 1000000
-16000000 -5000000 1000000 1000000
-15000000 -5000000 1000000 1000000
-14000000 -5000000 1000000 1000000
-13000000 -5000000 1000000 1000000
-12000000 -5000000 1000000 1000000
-11000000 -5000000 1000000 1000000
-10000000 -5000000 1000000 1000000
-9000000 -5000000 1000000 1000000
-8000000 -5000000 1000000 1000000
-7000000 -5000000 1000000 1000000
-6000000 -5000000 1000000 1000000
-5000000 -5000000 1000000 1000000
-4000000 -5000000 1000000 1000000
-3000000 -5000000 1000000 1000000
-2000000 -5000000 1000000 1000000
-1000000 -5000000 1000000 1000000
0 -5000000 1000000 1000000
1000000 -5000000 1000000 1000000
2000000 -5000000 1000000 1000000
3000000 -5000000 1000000 1000000
4000000 -5000000 1000000 1000000
5000000 -5000000 1000000 1000000
6000000 -5000000 1000000 1000000
7000000 -5000000 1000000 1000000
8000000 -5000000 1000000 1000000
9000000 -5000000 1000000 1000000
10000000 -5000000 1000000 1000000
11000000 -5000000 1000000 1000000
12000000 -5000000 1000000 1000000
13000000 -5000000 1000000 1000000
14000000 -5000000 1000000 1000000
15000000 -5000000 1000000 1000000
16000000 -5000000 1000000 1000000
17000000 -5000000 1000000 1000000
18000000 -5000000 1000000 1000000
19000000 -5000000 1000000 1000000
20000000 -5000000 1000000 1000000
21000000 -5000000 1000000 1000000
22000000 -5000000 1000000 1000000
23000000 -5000000 1000000 1000000
24000000 -5000000 1000000 1000000
25000000 -5000000 1000000 1000000
26000000 -5000000 1000000 1000000
27000000 -5000000 1000000 1000000
28000000 -5000000 1000000 1000000
29000000 -5000000 1000000 1000000
-20000000 -4000000 1000000 1000000
-19000000 -4000000 1000000 1000000
-18000000 -4000000 1000000 1000000
-17000000 -4000000 1000000 1000000
-16000000 -4000000 1000000 1000000
-15000000 -4000000 1000000 1000000
-14000000 -4000000 1000000 1000000
-13000000 -4000000 1000000 1000000
-12000000 -4000000 1000000 1000000
-11000000 -4000000 1000000 1000000
-10000000 -4000000 1000000 1000000
-9000000 -4000000 1000000 1000000
-8000000 -4000000 1000000 1000000
-7000000 -4000000 1000000 1000000
-6000000 -4000000 1000000 1000000
-5000000 -4000000 1000000 1000000
-4000000 -4000000 1000000 1000000
-3000000 -4000000 1000000 1000000
-2000000 -4000000 1000000 1000000
-1000000 -4000000 1000000 1000000
0 -4000000 1000000 1000000
1000000 -4000000 1000000 1000000
2000000 -4000000 1000000 1000000
3000000 -4000000 1000000 1000000
4000000 -4000000 1000000 1000000
5000000 -4000000 1000000 1000000
6000000 -4000000 1000000 1000000
7000000 -4000000 1000000 1000000
8000000 -4000000 1000000 1000000
9000000 -4000000 1000000 1000000
10000000 -4000000 1000000 1000000
11000000 -4000000 1000000 1000000
12000000 -4000000 1000000 1000000
13000000 -4000000 1000000 1000000
14000000 -4000000 1000000 1000000
15000000 -4000000 1000000 1000000
16000000 -4000000 1000000 1000000
17000000 -4000000 1000000 1000000
18000000 -4000000 1000000 1000000
19000000 -4000000 1000000 1000000
20000000 -4000000 1000000 1000000
21000000 -4000000 1000000 1000000
22000000 -4000000 1000000 1000000
23000000 -4000000 1000000 1000000
24000000 -4000000 1000000 1000000
25000000 -4000000 1000000 1000000
26000000 -4000000 1000000 1000000
27000000 -4000000 1000000 1000000
28000000 -4000000 1000000 1000000
29000000 -4000000 1000000 1000000
-20000000 -3000000 1000000 1000000
-19000000 -3000000 1000000 1000000
-18000000 -3000000 1000000 1000000
-17000000 -3000000 1000000 1000000
-16000000 -3000000 1000000 1000000
-15000000 -3000000 1000000 1000000
-14000000 -3000000 1000000 1000000
-13000000 -3000000 1000000 1000000
-12000000 -3000000 1000000 1000000
-11000000 -3000000 1000000 1000000
-10000000 -3000000 1000000 1000000
-9000000 -3000000 1000000 1000000
-8000000 -3000000 1000000 1000000
-7000000 -3000000 1000000 1000000
-6000000 -3000000 1000000 1000000
-5000000 -3000000 1000000 1000000
-4000000 -3000000 1000000 1000000
-3000000 -3000000 1000000 1000000
-2000000 -3000000 1000000 1000000
-1000000 -3000000 1000000 1000000
0 -3000000 1000000 1000000
1000000 -3000000 1000000 1000000
2000000 -3000000 1000000 1000000
3000000 -3000000 1000000 1000000
4000000 -3000000 1000000 1000000
5000000 -3000000 1000000 1000000
6000000 -3000000 1000000 1000000
7000000 -3000000 1000000 1000000
8000000 -3000000 1000000 1000000
9000000 -3000000 1000000 1000000
10000000 -3000000 1000000 1000000
11000000 -3000000 1000000 1000000
12000000 -3000000 1000000 1000000
13000000 -3000000 1000000 1000000
14000000 -3000000 1000000 1000000
15000000 -3000000 1000000 1000000
16000000 -3000000 1000000 1000000
17000000 -3000000 1000000 1000000
18000000 -3000000 1000000 1000000
19000000 -3000000 1000000 1000000
20000000 -3000000 1000000 1000000
21000000 -3000000 1000000 1000000
22000000 -3000000 1000000 1000000
23000000 -3000000 1000000 1000000
24000000 -3000000 1000000 1000000
25000000 -3000000 1000000 1000000
26000000 -3000000 1000000 1000000
27000000 -3000000 1000000 1000000
28000000 -3000000 1000000 1000000
29000000 -3000000 1000000 1000000
-20000000 -2000000 1000000 1000000
-19000000 -2000000 1000000 1000000
-18000000 -2000000 1000000 1000000
-17000000 -2000000 1000000 1000000
-16000000 -2000000 1000000 1000000
-15000000 -2000000 1000000 1000000
-14000000 -2000000 1000000 1000000
-13000000 -2000000 1000000 1000000
-12000000 -2000000 1000000 1000000
-11000000 -2000000 1000000 1000000
-10000000 -2000000 1000000 1000000
-9000000 -2000000 1000000 1000000
-8000000 -2000000 1000000 1000000
-7000000 -2000000 1000000 1000000
-6000000 -2000000 1000000 1000000
-5000000 -2000000 1000000 1000000
-4000000 -2000000 1000000 1000000
-3000000 -2000000 1000000 1000000
-2000000 -2000000 1000000 1000000
-1000000 -2000000 1000000 1000000
0 -2000000 1000000 1000000
1000000 -2000000 1000000 1000000
2000000 -2000000 1000000 1000000
3000000 -2000000 1000000 1000000
4000000 -2000000 1000000 1000000
5000000 -2000000 1000000 1000000
6000000 -2000000 1000000 1000000
7000000 -2000000 1000000 1000000
8000000 -2000000 1000000 1000000
9000000 -2000000 1000000 1000000
10000000 -2000000 1000000 1000000
11000000 -2000000 1000000 1000000
12000000 -2000000 1000000 1000000
13000000 -2000000 1000000 1000000
14000000 -2000000 1000000 1000000
15000000 -2000000 1000000 1000000
16000000 -2000000 1000000 1000000
17000000 -2000000 1000000 1000000
18000000 -2000000 1000000 1000000
19000000 -2000000 1000000 1000000
20000000 -2000000 1000000 1000000
21000000 -2000000 1000000 1000000
22000000 -2000000 1000000 1000000
23000000 -2000000 1000000 1000000
24000000 -2000000 1000000 1000000
25000000 -2000000 1000000 1000000
26000000 -2000000 1000000 1000000
27000000 -2000000 1000000 1000000
28000000 -2000000 1000000 1000000
29000000 -2000000 1000000 1000000
-20000000 -1000000 1000000 1000000
-19000000 -1000000 1000000 1000000
-18000000 -1000000 1000000 1000000
-17000000 -1000000 1000000 1000000
-16000000 -1000000 1000000 1000000
-15000000 -1000000 1000000 1000000
-14000000 -1000000 1000000 1000000
-13000000 -1000000 1000000 1000000
-12000000 -1000000 1000000 1000000
-11000000 -1000000 1000000 1000000
-10000000 -1000000 1000000 1000000
-9000000 -1000000 1000000 1000000
-8000000 -1000000 1000000 1000000
-7000000 -1000000 1000000 1000000
-6000000 -1000000 1000000 1000000
-5000000 -1000000 1000000 1000000
-4000000 -1000000 1000000 1000000
-3000000 -1000000 1000000 1000000
-2000000 -1000000 1000000 1000000
-1000000 -1000000 1000000 1000000
0 -1000000 1000000 1000000
1000000 -1000000 1000000 1000000
2000000 -1000000 1000000 1000000
3000000 -1000000 1000000 1000000
4000000 -1000000 1000000 1000000
5000000 -1000000 1000000 1000000
6000000 -1000000 1000000 1000000
7000000 -1000000 1000000 1000000
8000000 -1000000 1000000 1000000
9000000 -1000000 1000000 1000000
10000000 -1000000 1000000 1000000
11000000 -1000000 1000000 1000000
12000000 -1000000 1000000 1000000
13000000 -1000000 1000000 1000000
14000000 -1000000 1000000 1000000
15000000 -1000000 1000000 1000000
16000000 -1000000 1000000 1000000
17000000 -1000000 1000000 1000000
18000000 -1000000 1000000 1000000
19000000 -1000000 1000000 1000000
20000000 -1000000 1000000 1000000
21000000 -1000000 1000000 1000000
22000000 -1000000 1000000 1000000
23000000 -1000000 1000000 1000000
24000000 -1000000 1000000 1000000
25000000 -1000000 1000000 1000000
26000000 -1000000 1000000 1000000
27000000 -1000000 1000000 1000000
28000000 -1000000 1000000 1000000
29000000 -1000000 1000000 1000000
-20000000 0 1000000 1000000
-19000000 0 1000000 1000000
-18000000 0 1000000 1000000
-17000000 0 1000000 1000000
-16000000 0 1000000 1000000
-15000000 0 1000000 1000000
-14000000 0 1000000 1000000
-13000000 0 1000000 1000000
-12000000 0 1000000 1000000
-11000000 0 1000000 1000000
-10000000 0 1000000 1000000
-9000000 0 1000000 1000000
-8000000 0 1000000 1000000
-7000000 0 1000000 1000000
-6000000 0 1000000 1000000
-5000000 0 1000000 1000000
-4000000 0 1000000 1000000
-3000000 0 1000000 1000000
-2000000 0 1000000 1000000
-1000000 0 1000000 1000000
0 0 1000000 1000000
1000000 0 1000000 1000000
2000000 0 1000000 1000000
3000000 0 1000000 1000000
4000000 0 1000000 1000000
5000000 0 1000000 1000000
6000000 0 1000000 1000000
7000000 0 1000000 1000000
8000000 0 1000000 1000000
9000000 0 1000000 1000000
10000000 0 1000000 1000000
11000000 0 1000000 1000000
12000000 0 1000000 1000000
13000000 0 1000000 1000000
14000000 0 1000000 1000000
15000000 0 1000000 1000000
16000000 0 1000000 1000000
17000000 0 1000000 1000000
18000000 0 1000000 1000000
19000000 0 1000000 1000000
20000000 0 1000000 1000000
21000000 0 1000000 1000000
22000000 0 1000000 1000000
23000000 0 1000000 1000000
24000000 0 1000000 1000000
25000000 0 1000000 1000000
26000000 0 1000000 1000000
27000000 0 1000000 1000000
28000000 0 1000000 1000000
29000000 0 1000000 1000000
-20000000 1000000 1000000 1000000
-19000000 1000000 1000000 1000000
-18000000 1000000 1000000 1000000
-17000000 1000000 1000000 1000000
-16000000 1000000 1000000 1000000
-15000000 1000000 1000000 1000000
-14000000 1000000 1000000 1000000
-13000000 1000000 1000000 1000000
-12000000 1000000 1000000 1000000
-11000000 1000000 1000000 1000000
-10000000 1000000 1000000 1000000
-9000000 1000000 1000000 1000000
-8000000 1000000 1000000 1000000
-7000000 1000000 1000000 1000000
-6000000 1000000 1000000 1000000
-5000000 1000000 1000000 1000000
-4000000 1000000 1000000 1000000
-3000000 1000000 1000000 1000000
-2000000 1000000 1000000 1000000
-1000000 1000000 1000000 1000000
0 1000000 1000000 1000000
1000000 1000000 1000000 1000000
2000000 1000000 1000000 1000000
3000000 1000000 1000000 1000000
4000000 1000000 1000000 1000000
5000000 1000000 1000000 1000000
6000000 1000000 1000000 1000000
7000000 1000000 1000000 1000000
8000000 1000000 1000000 1000000
9000000 1000000 1000000 1000000
10000000 1000000 1000000 1000000
11000000 1000000 1000000 1000000
12000000 1000000 1000000 1000000
13000000 1000000 1000000 1000000
14000000 1000000 1000000 1000000
15000000 1000000 1000000 1000000
16000000 1000000 1000000 1000000
17000000 1000000 1000000 1000000
18000000 1000000 1000000 1000000
19000000 1000000 1000000 1000000
20000000 1000000 1000000 1000000
21000000 1000000 1000000 1000000
22000000 1000000 1000000 1000000
23000000 1000000 1000000 1000000
24000000 1000000 1000000 1000000
25000000 1000000 1000000 1000000
26000000 1000000 1000000 1000000
27000000 1000000 1000000 1000000
28000000 1000000 1000000 1000000
29000000 1000000 1000000 1000000
-20000000 2000000 1000000 1000000
-19000000 2000000 1000000 1000000
-18000000 2000000 1000000 1000000
-17000000 2000000 1000000 1000000
-16000000 2000000 1000000 1000000
-15000000 2000000 1000000 1000000
-14000000 2000000 1000000 1000000
-13000000 2000000 1000000 1000000
-12000000 2000000 1000000 1000000
-11000000 2000000 1000000 1000000
-10000000 2000000 1000000 1000000
-9000000 2000000 1000000 1000000
-8000000 2000000 1000000 1000000
-7000000 2000000 1000000 1000000
-6000000 2000000 1000000 1000000
-5000000 2000000 1000000 1000000
-4000000 2000000 1000000 1000000
-3000000 2000000 1000000 1000000
-2000000 2000000 1000000 1000000
-1000000 2000000 1000000 1000000
0 2000000 1000000 1000000
1000000 2000000 1000000 1000000
2000000 2000000 1000000 1000000
3000000 2000000 1000000 1000000
4000000 2000000 1000000 1000000
5000000 2000000 1000000 1000000
6000000 2000000 1000000 1000000
7000000 2000000 1000000 1000000
8000000 2000000 1000000 1000000
9000000 2000000 1000000 1000000
10000000 2000000 1000000 1000000
11000000 2000000 1000000 1000000
12000000 2000000 1000000 1000000
13000000 2000000 1000000 1000000
14000000 2000000 1000000 1000000
15000000 2000000 1000000 1000000
16000000 2000000 1000000 1000000
17000000 2000000 1000000 1000000
18000000 2000000 1000000 1000000
19000000 2000000 1000000 1000000
20000000 2000000 1000000 1000000
21000000 2000000 1000000 1000000
22000000 2000000 1000000 1000000
23000000 2000000 1000000 1000000
24000000 2000000 1000000 1000000
25000000 2000000 1000000 1000000
26000000 2000000 1000000 1000000
27000000 2000000 1000000 1000000
28000000 2000000 1000000 1000000
29000000 2000000 1000000 1000000
-20000000 3000000 1000000 1000000
-19000000 3000000 1000000 1000000
-18000000 3000000 1000000 1000000
-17000000 3000000 1000000 1000000
-16000000 3000000 1000000 1000000
-15000000 3000000 1000000 1000000
-14000000 3000000 1000000 1000000
-13000000 3000000 1000000 1000000
-12000000 3000000 1000000 1000000
-11000000 3000000 1000000 1000000
-10000000 3000000 1000000 1000000
-9000000 3000000 1000000 1000000
-8000000 3000000 1000000 1000000
-7000000 3000000 1000000 1000000
-6000000 3000000 1000000 1000000
-5000000 3000000 1000000 1000000
-4000000 3000000 1000000 1000000
-3000000 3000000 1000000 1000000
-2000000 3000000 1000000 1000000
-1000000 3000000 1000000 1000000
0 3000000 1000000 1000000
1000000 3000000 1000000 1000000
2000000 3000000 1000000 1000000
3000000 3000000 1000000 1000000
4000000 3000000 1000000 1000000
5000000 3000000 1000000 1000000
6000000 3000000 1000000 1000000
7000000 3000000 1000000 1000000
8000000 3000000 1000000 1000000
9000000 3000000 1000000 1000000
10000000 3000000 1000000 1000000
11000000 3000000 1000000 1000000
12000000 3000000 1000000 1000000
13000000 3000000 1000000 1000000
14000000 3000000 1000000 1000000
15000000 3000000 1000000 1000000
16000000 3000000 1000000 1000000
17000000 3000000 1000000 1000000
18000000 3000000 1000000 1000000
19000000 3000000 1000000 1000000
20000000 3000000 1000000 1000000
21000000 3000000 1000000 1000000
22000000 3000000 1000000 1000000
23000000 3000000 1000000 1000000
24000000 3000000 1000000 1000000
25000000 3000000 1000000 1000000
26000000 3000000 1000000 1000000
27000000 3000000 1000000 1000000
28000000 3000000 1000000 1000000
29000000 3000000 1000000 1000000
-20000000 4000000 1000000 1000000
-19000000 4000000 1000000 1000000
-18000000 4000000 1000000 1000000
-17000000 4000000 1000000 1000000
-16000000 4000000 1000000 1000000
-15000000 4000000 1000000 1000000
-14000000 4000000 1000000 1000000
-13000000 4000000 1000000 1000000
-12000000 4000000 1000000 1000000
-11000000 4000000 1000000 1000000
-10000000 4000000 1000000 1000000
-9000000 4000000 1000000 1000000
-8000000 4000000 1000000 1000000
-7000000 4000000 1000000 1000000
-6000000 4000000 1000000 1000000
-5000000 4000000 1000000 1000000
-4000000 4000000 1000000 1000000
-3000000 4000000 1000000 1000000
-2000000 4000000 1000000 1000000
-1000000 4000000 1000000 1000000
0 4000000 1000000 1000000
1000000 4000000 1000000 1000000
2000000 4000000 1000000 1000000
3000000 4000000 1000000 1000000
4000000 4000000 1000000 1000000
5000000 4000000 1000000 1000000
6000000 4000000 1000000 1000000
7000000 4000000 1000000 1000000
8000000 4000000 1000000 1000000
9000000 4000000 1000000 1000000
10000000 4000000 1000000 1000000
11000000 4000000 1000000 1000000
12000000 4000000 1000000 1000000
13000000 4000000 1000000 1000000
14000000 4000000 1000000 1000000
15000000 4000000 1000000 1000000
16000000 4000000 1000000 1000000
17000000 4000000 1000000 1000000
18000000 4000000 1000000 1000000
19000000 4000000 1000000 1000000
20000000 4000000 1000000 1000000
21000000 4000000 1000000 1000000
22000000 4000000 1000000 1000000
23000000 4000000 1000000 1000000
24000000 4000000 1000000 1000000
25000000 4000000 1000000 1000000
26000000 4000000 1000000 1000000
27000000 4000000 1000000 1000000
28000000 4000000 1000000 1000000
29000000 4000000 1000000 1000000
-20000000 5000000 1000000 1000000
-19000000 5000000 1000000 1000000
-18000000 5000000 1000000 1000000
-17000000 5000000 1000000 1000000
-16000000 5000000 1000000 1000000
-15000000 5000000 1000000 1000000
-14000000 5000000 1000000 1000000
-13000000 5000000 1000000 1000000
-12000000 5000000 1000000 1000000
-11000000 5000000 1000000 1000000
-10000000 5000000 1000000 1000000
-9000000 5000000 1000000 1000000
-8000000 5000000 1000000 1000000
-7000000 5000000 1000000 1000000
-6000000 5000000 1000000 1000000
-5000000 5000000 1000000 1000000
-4000000 5000000 1000000 1000000
-3000000 5000000 1000000 1000000
-2000000 5000000 1000000 1000000
-1000000 5000000 1000000 1000000
0 5000000 1000000 1000000
1000000 5000000 1000000 1000000
2000000 5000000 1000000 1000000
3000000 5000000 1000000 1000000
4000000 5000000 1000000 1000000
5000000 5000000 1000000 1000000
6000000 5000000 1000000 1000000
7000000 5000000 1000000 1000000
8000000 5000000 1000000 1000000
9000000 5000000 1000000 1000000
10000000 5000000 1000000 1000000
11000000 5000000 1000000 1000000
12000000 5000000 1000000 1000000
13000000 5000000 1000000 1000000
14000000 5000000 1000000 1000000
15000000 5000000 1000000 1000000
16000000 5000000 1000000 1000000
17000000 5000000 1000000 1000000
18000000 5000000 1000000 1000000
19000000 5000000 1000000 1000000
20000000 5000000 1000000 1000000
21000000 5000000 1000000 1000000
22000000 5000000 1000000 1000000
23000000 5000000 1000000 1000000
24000000 5000000 1000000 1000000
25000000 5000000 1000000 1000000
26000000 5000000 1000000 1000000
27000000 5000000 1000000 1000000
28000000 5000000 1000000 1000000
29000000 5000000 1000000 1000000
-20000000 6000000 1000000 1000000
-19000000 6000000 1000000 1000000
-18000000 6000000 1000000 1000000
-17000000 6000000 1000000 1000000
-16000000 6000000 1000000 1000000
-15000000 6000000 1000000 1000000
-14000000 6000000 1000000 1000000
-13000000 6000000 1000000 1000000
-12000000 6000000 1000000 1000000
-11000000 6000000 1000000 1000000
-10000000 6000000 1000000 1000000
-9000000 6000000 1000000 1000000
-8000000 6000000 1000000 1000000
-7000000 6000000 1000000 1000000
-6000000 6000000 1000000 1000000
-5000000 6000000 1000000 1000000
-4000000 6000000 1000000 1000000
-3000000 6000000 1000000 1000000
-2000000 6000000 1000000 1000000
-1000000 6000000 1000000 1000000
0 6000000 1000000 1000000
1000000 6000000 1000000 1000000
2000000 6000000 1000000 1000000
3000000 6000000 1000000 1000000
4000000 6000000 1000000 1000000
5000000 6000000 1000000 1000000
6000000 6000000 1000000 1000000
7000000 6000000 1000000 1000000
8000000 6000000 1000000 1000000
9000000 6000000 1000000 1000000
10000000 6000000 1000000 1000000
11000000 6000000 1000000 1000000
12000000 6000000 1000000 1000000
13000000 6000000 1000000 1000000
14000000 6000000 1000000 1000000
15000000 6000000 1000000 1000000
16000000 6000000 1000000 1000000
17000000 6000000 1000000 1000000
18000000 6000000 1000000 1000000
19000000 6000000 1000000 1000000
20000000 6000000 1000000 1000000
21000000 6000000 1000000 1000000
22000000 6000000 1000000 1000000
23000000 6000000 1000000 1000000
24000000 6000000 1000000 1000000
25000000 6000000 1000000 1000000
26000000 6000000 1000000 1000000
27000000 6000000 1000000 1000000
28000000 6000000 1000000 1000000
29000000 6000000 1000000 1000000
-20000000 7000000 1000000 1000000
-19000000 7000000 1000000 1000000
-18000000 7000000 1000000 1000000
-17000000 7000000 1000000 1000000
-16000000 7000000 1000000 1000000
-15000000 7000000 1000000 1000000
-14000000 7000000 1000000 1000000
-13000000 7000000 1000000 1000000
-12000000 7000000 1000000 1000000
-11000000 7000000 1000000 1000000
-10000000 7000000 1000000 1000000
-9000000 7000000 1000000 1000000
-8000000 7000000 1000000 1000000
-7000000 7000000 1000000 1000000
-6000000 7000000 1000000 1000000
-5000000 7000000 1000000 1000000
-4000000 7000000 1000000 1000000
-3000000 7000000 1000000 1000000
-2000000 7000000 1000000 1000000
-1000000 7000000 1000000 1000000
0 7000000 1000000 1000000
1000000 7000000 1000000 1000000
2000000 7000000 1000000 1000000
3000000 7000000 1000000 1000000
4000000 7000000 1000000 1000000
5000000 7000000 1000000 1000000
6000000 7000000 1000000 1000000
7000000 7000000 1000000 1000000
8000000 7000000 1000000 1000000
9000000 7000000 1000000 1000000
10000000 7000000 1000000 1000000
11000000 7000000 1000000 1000000
12000000 7000000 1000000 1000000
13000000 7000000 1000000 1000000
14000000 7000000 1000000 1000000
15000000 7000000 1000000 1000000
16000000 7000000 1000000 1000000
17000000 7000000 1000000 1000000
18000000 7000000 1000000 1000000
19000000 7000000 1000000 1000000
20000000 7000000 1000000 1000000
21000000 7000000 1000000 1000000
22000000 7000000 1000000 1000000
23000000 7000000 1000000 1000000
24000000 7000000 1000000 1000000
25000000 7000000 1000000 1000000
26000000 7000000 1000000 1000000
27000000 7000000 1000000 1000000
28000000 7000000 1000000 1000000
29000000 7000000 1000000 1000000
-20000000 8000000 1000000 1000000
-19000000 8000000 1000000 1000000
-18000000 8000000 1000000 1000000
-17000000 8000000 1000000 1000000
-16000000 8000000 1000000 1000000
-15000000 8000000 1000000 1000000
-14000000 8000000 1000000 1000000
-13000000 8000000 1000000 1000000
-12000000 8000000 1000000 1000000
-11000000 8000000 1000000 1000000
-10000000 8000000 1000000 1000000
-9000000 8000000 1000000 1000000
-8000000 8000000 1000000 1000000
-7000000 8000000 1000000 1000000
-6000000 8000000 1000000 1000000
-5000000 8000000 1000000 1000000
-4000000 8000000 1000000 1000000
-3000000 8000000 1000000 1000000
-2000000 8000000 1000000 1000000
-1000000 8000000 1000000 1000000
0 8000000 1000000 1000000
1000000 8000000 1000000 1000000
2000000 8000000 1000000 1000000
3000000 8000000 1000000 1000000
4000000 8000000 1000000 1000000
5000000 8000000 1000000 1000000
6000000 8000000 1000000 1000000
7000000 8000000 1000000 1000000
8000000 8000000 1000000 1000000
9000000 8000000 1000000 1000000
10000000 8000000 1000000 1000000
11000000 8000000 1000000 1000000
12000000 8000000 1000000 1000000
13000000 8000000 1000000 1000000
14000000 8000000 1000000 1000000
15000000 8000000 1000000 1000000
16000000 8000000 1000000 1000000
17000000 8000000 1000000 1000000
18000000 8000000 1000000 1000000
19000000 8000000 1000000 1000000
20000000 8000000 1000000 1000000
21000000 8000000 1000000 1000000
22000000 8000000 1000000 1000000
23000000 8000000 1000000 1000000
24000000 8000000 1000000 1000000
25000000 8000000 1000000 1000000
26000000 8000000 1000000 1000000
27000000 8000000 1000000 1000000
28000000 8000000 1000000 1000000
29000000 8000000 1000000 1000000
-20000000 9000000 1000000 1000000
-19000000 9000000 1000000 1000000
-18000000 9000000 1000000 1000000
-17000000 9000000 1000000 1000000
-16000000 9000000 1000000 1000000
-15000000 9000000 1000000 1000000
-14000000 9000000 1000000 1000000
-13000000 9000000 1000000 1000000
-12000000 9000000 1000000 1000000
-11000000 9000000 1000000 1000000
-10000000 9000000 1000000 1000000
-9000000 9000000 1000000 1000000
-8000000 9000000 1000000 1000000
-7000000 9000000 1000000 1000000
-6000000 9000000 1000000 1000000
-5000000 9000000 1000000 1000000
-4000000 9000000 1000000 1000000
-3000000 9000000 1000000 1000000
-2000000 9000000 1000000 1000000
-1000000 9000000 1000000 1000000
0 9000000 1000000 1000000
1000000 9000000 1000000 1000000
2000000 9000000 1000000 1000000
3000000 9000000 1000000 1000000
4000000 9000000 1000000 1000000
5000000 9000000 1000000 1000000
6000000 9000000 1000000 1000000
7000000 9000000 1000000 1000000
8000000 9000000 1000000 1000000
9000000 9000000 1000000 1000000
10000000 9000000 1000000 1000000
11000000 9000000 1000000 1000000
12000000 9000000 1000000 1000000
13000000 9000000 1000000 1000000
14000000 9000000 1000000 1000000
15000000 9000000 1000000 1000000
16000000 9000000 1000000 1000000
17000000 9000000 1000000 1000000
18000000 9000000 1000000 1000000
19000000 9000000 1000000 1000000
20000000 9000000 1000000 1000000
21000000 9000000 1000000 1000000
22000000 9000000 1000000 1000000
23000000 9000000 1000000 1000000
24000000 9000000 1000000 1000000
25000000 9000000 1000000 1000000
26000000 9000000 1000000 1000000
27000000 9000000 1000000 1000000
28000000 9000000 1000000 1000000
29000000 9000000 1000000 1000000
-20000000 10000000 1000000 1000000
-19000000 10000000 1000000 1000000
-18000000 10000000 1000000 1000000
-17000000 10000000 1000000 1000000
-16000000 10000000 1000000 1000000
-15000000 10000000 1000000 1000000
-14000000 10000000 1000000 1000000
-13000000 10000000 1000000 1000000
-12000000 10000000 1000000 1000000
-11000000 10000000 1000000 1000000
-10000000 10000000 1000000 1000000
-9000000 10000000 1000000 1000000
-8000000 10000000 1000000 1000000
-7000000 10000000 1000000 1000000
-6000000 10000000 1000000 1000000
-5000000 10000000 1000000 1000000
-4000000 10000000 1000000 1000000
-3000000 10000000 1000000 1000000
-2000000 10000000 1000000 1000000
-1000000 10000000 1000000 1000000
0 10000000 1000000 1000000
1000000 10000000 1000000 1000000
2000000 10000000 1000000 1000000
3000000 10000000 1000000 1000000
4000000 10000000 1000000 1000000
5000000 10000000 1000000 1000000
6000000 10000000 1000000 1000000
7000000 10000000 1000000 1000000
8000000 10000000 1000000 1000000
9000000 10000000 1000000 1000000
10000000 10000000 1000000 1000000
11000000 10000000 1000000 1000000
12000000 10000000 1000000 1000000
13000000 10000000 1000000 1000000
14000000 10000000 1000000 1000000
15000000 10000000 1000000 1000000
16000000 10000000 1000000 1000000
17000000 10000000 1000000 1000000
18000000 10000000 1000000 1000000
19000000 10000000 1000000 1000000
20000000 10000000 1000000 1000000
21000000 10000000 1000000 1000000
22000000 10000000 1000000 1000000
23000000 10000000 1000000 1000000
24000000 10000000 1000000 1000000
25000000 10000000 1000000 1000000
26000000 10000000 1000000 1000000
27000000 10000000 1000000 1000000
28000000 10000000 1000000 1000000
29000000 10000000 1000000 1000000
-20000000 11000000 1000000 1000000
-19000000 11000000 1000000 1000000
-18000000 11000000 1000000 1000000
-17000000 11000000 1000000 1000000
-16000000 11000000 1000000 1000000
-15000000 11000000 1000000 1000000
-14000000 11000000 1000000 1000000
-13000000 11000000 1000000 1000000
-12000000 11000000 1000000 1000000
-11000000 11000000 1000000 1000000
-10000000 11000000 1000000 1000000
-9000000 11000000 1000000 1000000
-8000000 11000000 1000000 1000000
-7000000 11000000 1000000 1000000
-6000000 11000000 1000000 1000000
-5000000 11000000 1000000 1000000
-4000000 11000000 1000000 1000000
-3000000 11000000 1000000 1000000
-2000000 11000000 1000000 1000000
-1000000 11000000 1000000 1000000
0 11000000 1000000 1000000
1000000 11000000 1000000 1000000
2000000 11000000 1000000 1000000
3000000 11000000 1000000 1000000
4000000 11000000 1000000 1000000
5000000 11000000 1000000 1000000
6000000 11000000 1000000 1000000
7000000 11000000 1000000 1000000
8000000 11000000 1000000 1000000
9000000 11000000 1000000 1000000
10000000 11000000 1000000 1000000
11000000 11000000 1000000 1000000
12000000 11000000 1000000 1000000
13000000 11000000 1000000 1000000
14000000 11000000 1000000 1000000
15000000 11000000 1000000 1000000
16000000 11000000 1000000 1000000
17000000 11000000 1000000 1000000
18000000 11000000 1000000 1000000
19000000 11000000 1000000 1000000
20000000 11000000 1000000 1000000
21000000 11000000 1000000 1000000
22000000 11000000 1000000 1000000
23000000 11000000 1000000 1000000
24000000 11000000 1000000 1000000
25000000 11000000 1000000 1000000
26000000 11000000 1000000 1000000
27000000 11000000 1000000 1000000
28000000 11000000 1000000 1000000
29000000 11000000 1000000 1000000
-20000000 12000000 1000000 1000000
-19000000 12000000 1000000 1000000
-18000000 12000000 1000000 1000000
-17000000 12000000 1000000 1000000
-16000000 12000000 1000000 1000000
-15000000 12000000 1000000 1000000
-14000000 12000000 1000000 1000000
-13000000 12000000 1000000 1000000
-12000000 12000000 1000000 1000000
-11000000 12000000 1000000 1000000
-10000000 12000000 1000000 1000000
-9000000 12000000 1000000 1000000
-8000000 12000000 1000000 1000000
-7000000 12000000 1000000 1000000
-6000000 12000000 1000000 1000000
-5000000 12000000 1000000 1000000
-4000000 12000000 1000000 1000000
-3000000 12000000 1000000 1000000
-2000000 12000000 1000000 1000000
-1000000 12000000 1000000 1000000
0 12000000 1000000 1000000
1000000 12000000 1000000 1000000
2000000 12000000 1000000 1000000
3000000 12000000 1000000 1000000
4000000 12000000 1000000 1000000
5000000 12000000 1000000 1000000
6000000 12000000 1000000 1000000
7000000 12000000 1000000 1000000
8000000 12000000 1000000 1000000
9000000 12000000 1000000 1000000
10000000 12000000 1000000 1000000
11000000 12000000 1000000 1000000
12000000 12000000 1000000 1000000
13000000 12000000 1000000 1000000
14000000 12000000 1000000 1000000
15000000 12000000 1000000 1000000
16000000 12000000 1000000 1000000
17000000 12000000 1000000 1000000
18000000 12000000 1000000 1000000
19000000 12000000 1000000 1000000
20000000 12000000 1000000 1000000
21000000 12000000 1000000 1000000
22000000 12000000 1000000 1000000
23000000 12000000 1000000 1000000
24000000 12000000 1000000 1000000
25000000 12000000 1000000 1000000
26000000 12000000 1000000 1000000
27000000 12000000 1000000 1000000
28000000 12000000 1000000 1000000
29000000 12000000 1000000 1000000
-20000000 13000000 1000000 1000000
-19000000 13000000 1000000 1000000
-18000000 13000000 1000000 1000000
-17000000 13000000 1000000 1000000
-16000000 13000000 1000000 1000000
-15000000 13000000 1000000 1000000
-14000000 13000000 1000000 1000000
-13000000 13000000 1000000 1000000
-12000000 13000000 1000000 1000000
-11000000 13000000 1000000 1000000
-10000000 13000000 1000000 1000000
-9000000 13000000 1000000 1000000
-8000000 13000000 1000000 1000000
-7000000 13000000 1000000 1000000
-6000000 13000000 1000000 1000000
-5000000 13000000 1000000 1000000
-4000000 13000000 1000000 1000000
-3000000 13000000 1000000 1000000
-2000000 13000000 1000000 1000000
-1000000 13000000 1000000 1000000
0 13000000 1000000 1000000
1000000 13000000 1000000 1000000
2000000 13000000 1000000 1000000
3000000 13000000 1000000 1000000
4000000 13000000 1000000 1000000
5000000 13000000 1000000 1000000
6000000 13000000 1000000 1000000
7000000 13000000 1000000 1000000
8000000 13000000 1000000 1000000
9000000 13000000 1000000 1000000
10000000 13000000 1000000 1000000
11000000 13000000 1000000 1000000
12000000 13000000 1000000 1000000
13000000 13000000 1000000 1000000
14000000 13000000 1000000 1000000
15000000 13000000 1000000 1000000
16000000 13000000 1000000 1000000
17000000 13000000 1000000 1000000
18000000 13000000 1000000 1000000
19000000 13000000 1000000 1000000
20000000 13000000 1000000 1000000
21000000 13000000 1000000 1000000
22000000 13000000 1000000 1000000
23000000 13000000 1000000 1000000
24000000 13000000 1000000 1000000
25000000 13000000 1000000 1000000
26000000 13000000 1000000 1000000
27000000 13000000 1000000 1000000
28000000 13000000 1000000 1000000
29000000 13000000 1000000 1000000
-20000000 14000000 1000000 1000000
-19000000 14000000 1000000 1000000
-18000000 14000000 1000000 1000000
-17000000 14000000 1000000 1000000
-16000000 14000000 1000000 1000000
-15000000 14000000 1000000 1000000
-14000000 14000000 1000000 1000000
-13000000 14000000 1000000 1000000
-12000000 14000000 1000000 1000000
-11000000 14000000 1000000 1000000
-10000000 14000000 1000000 1000000
-9000000 14000000 1000000 1000000
-8000000 14000000 1000000 1000000
-7000000 14000000 1000000 1000000
-6000000 14000000 1000000 1000000
-5000000 14000000 1000000 1000000
-4000000 14000000 1000000 1000000
-3000000 14000000 1000000 1000000
-2000000 14000000 1000000 1000000
-1000000 14000000 1000000 1000000
0 14000000 1000000 1000000
1000000 14000000 1000000 1000000
2000000 14000000 1000000 1000000
3000000 14000000 1000000 1000000
4000000 14000000 1000000 1000000
5000000 14000000 1000000 1000000
6000000 14000000 1000000 1000000
7000000 14000000 1000000 1000000
8000000 14000000 1000000 1000000
9000000 14000000 1000000 1000000
10000000 14000000 1000000 1000000
11000000 14000000 1000000 1000000
12000000 14000000 1000000 1000000
13000000 14000000 1000000 1000000
14000000 14000000 1000000 1000000
15000000 14000000 1000000 1000000
16000000 14000000 1000000 1000000
17000000 14000000 1000000 1000000
18000000 14000000 1000000 1000000
19000000 14000000 1000000 1000000
20000000 14000000 1000000 1000000
21000000 14000000 1000000 1000000
22000000 14000000 1000000 1000000
23000000 14000000 1000000 1000000
24000000 14000000 1000000 1000000
25000000 14000000 1000000 1000000
26000000 14000000 1000000 1000000
27000000 14000000 1000000 1000000
28000000 14000000 1000000 1000000
29000000 14000000 1000000 1000000
-20000000 15000000 1000000 1000000
-19000000 15000000 1000000 1000000
-18000000 15000000 1000000 1000000
-17000000 15000000 1000000 1000000
-16000000 15000000 1000000 1000000
-15000000 15000000 1000000 1000000
-14000000 15000000 1000000 1000000
-13000000 15000000 1000000 1000000
-12000000 15000000 1000000 1000000
-11000000 15000000 1000000 1000000
-10000000 15000000 1000000 1000000
-9000000 15000000 1000000 1000000
-8000000 15000000 1000000 1000000
-7000000 15000000 1000000 1000000
-6000000 15000000 1000000 1000000
-5000000 15000000 1000000 1000000
-4000000 15000000 1000000 1000000
-3000000 15000000 1000000 1000000
-2000000 15000000 1000000 1000000
-1000000 15000000 1000000 1000000
0 15000000 1000000 1000000
1000000 15000000 1000000 1000000
2000000 15000000 1000000 1000000
3000000 15000000 1000000 1000000
4000000 15000000 1000000 1000000
5000000 15000000 1000000 1000000
6000000 15000000 1000000 1000000
7000000 15000000 1000000 1000000
8000000 15000000 1000000 1000000
9000000 15000000 1000000 1000000
10000000 15000000 1000000 1000000
11000000 15000000 1000000 1000000
12000000 15000000 1000000 1000000
13000000 15000000 1000000 1000000
14000000 15000000 1000000 1000000
15000000 15000000 1000000 1000000
16000000 15000000 1000000 1000000
17000000 15000000 1000000 1000000
18000000 15000000 1000000 1000000
19000000 15000000 1000000 1000000
20000000 15000000 1000000 1000000
21000000 15000000 1000000 1000000
22000000 15000000 1000000 1000000
23000000 15000000 1000000 1000000
24000000 15000000 1000000 1000000
25000000 15000000 1000000 1000000
26000000 15000000 1000000 1000000
27000000 15000000 1000000 1000000
28000000 15000000 1000000 1000000
29000000 15000000 1000000 1000000
-20000000 16000000 1000000 1000000
-19000000 16000000 1000000 1000000
-18000000 16000000 1000000 1000000
-17000000 16000000 1000000 1000000
-16000000 16000000 1000000 1000000
-15000000 16000000 1000000 1000000
-14000000 16000000 1000000 1000000
-13000000 16000000 1000000 1000000
-12000000 16000000 1000000 1000000
-11000000 16000000 1000000 1000000
-10000000 16000000 1000000 1000000
-9000000 16000000 1000000 1000000
-8000000 16000000 1000000 1000000
-7000000 16000000 1000000 1000000
-6000000 16000000 1000000 1000000
-5000000 16000000 1000000 1000000
-4000000 16000000 1000000 1000000
-3000000 16000000 1000000 1000000
-2000000 16000000 1000000 1000000
-1000000 16000000 1000000 1000000
0 16000000 1000000 1000000
1000000 16000000 1000000 1000000
2000000 16000000 1000000 1000000
3000000 16000000 1000000 1000000
4000000 16000000 1000000 1000000
5000000 16000000 1000000 1000000
6000000 16000000 1000000 1000000
7000000 16000000 1000000 1000000
8000000 16000000 1000000 1000000
9000000 16000000 1000000 1000000
10000000 16000000 1000000 1000000
11000000 16000000 1000000 1000000
12000000 16000000 1000000 1000000
13000000 16000000 1000000 1000000
14000000 16000000 1000000 1000000
15000000 16000000 1000000 1000000
16000000 16000000 1000000 1000000
17000000 16000000 1000000 1000000
18000000 16000000 1000000 1000000
19000000 16000000 1000000 1000000
20000000 16000000 1000000 1000000
21000000 16000000 1000000 1000000
22000000 16000000 1000000 1000000
23000000 16000000 1000000 1000000
24000000 16000000 1000000 1000000
25000000 16000000 1000000 1000000
26000000 16000000 1000000 1000000
27000000 16000000 1000000 1000000
28000000 16000000 1000000 1000000
29000000 16000000 1000000 1000000
-20000000 17000000 1000000 1000000
-19000000 17000000 1000000 1000000
-18000000 17000000 1000000 1000000
-17000000 17000000 1000000 1000000
-16000000 17000000 1000000 1000000
-15000000 17000000 1000000 1000000
-14000000 17000000 1000000 1000000
-13000000 17000000 1000000 1000000
-12000000 17000000 1000000 1000000
-11000000 17000000 1000000 1000000
-10000000 17000000 1000000 1000000
-9000000 17000000 1000000 1000000
-8000000 17000000 1000000 1000000
-7000000 17000000 1000000 1000000
-6000000 17000000 1000000 1000000
-5000000 17000000 1000000 1000000
-4000000 17000000 1000000 1000000
-3000000 17000000 1000000 1000000
-2000000 17000000 1000000 1000000
-1000000 17000000 1000000 1000000
0 17000000 1000000 1000000
1000000 17000000 1000000 1000000
2000000 17000000 1000000 1000000
3000000 17000000 1000000 1000000
4000000 17000000 1000000 1000000
5000000 17000000 1000000 1000000
6000000 17000000 1000000 1000000
7000000 17000000 1000000 1000000
8000000 17000000 1000000 1000000
9000000 17000000 1000000 1000000
10000000 17000000 1000000 1000000
11000000 17000000 1000000 1000000
12000000 17000000 1000000 1000000
13000000 17000000 1000000 1000000
14000000 17000000 1000000 1000000
15000000 17000000 1000000 1000000
16000000 17000000 1000000 1000000
17000000 17000000 1000000 1000000
18000000 17000000 1000000 1000000
19000000 17000000 1000000 1000000
20000000 17000000 1000000 1000000
21000000 17000000 1000000 1000000
22000000 17000000 1000000 1000000
23000000 17000000 1000000 1000000
24000000 17000000 1000000 1000000
25000000 17000000 1000000 1000000
26000000 17000000 1000000 1000000
27000000 17000000 1000000 1000000
28000000 17000000 1000000 1000000
29000000 17000000 1000000 1000000
-20000000 18000000 1000000 1000000
-19000000 18000000 1000000 1000000
-18000000 18000000 1000000 1000000
-17000000 18000000 1000000 1000000
-16000000 18000000 1000000 1000000
-15000000 18000000 1000000 1000000
-14000000 18000000 1000000 1000000
-13000000 18000000 1000000 1000000
-12000000 18000000 1000000 1000000
-11000000 18000000 1000000 1000000
-10000000 18000000 1000000 1000000
-9000000 18000000 1000000 1000000
-8000000 18000000 1000000 1000000
-7000000 18000000 1000000 1000000
-6000000 18000000 1000000 1000000
-5000000 18000000 1000000 1000000
-4000000 18000000 1000000 1000000
-3000000 18000000 1000000 1000000
-2000000 18000000 1000000 1000000
-1000000 18000000 1000000 1000000
0 18000000 1000000 1000000
1000000 18000000 1000000 1000000
2000000 18000000 1000000 1000000
3000000 18000000 1000000 1000000
4000000 18000000 1000000 1000000
5000000 18000000 1000000 1000000
6000000 18000000 1000000 1000000
7000000 18000000 1000000 1000000
8000000 18000000 1000000 1000000
9000000 18000000 1000000 1000000
10000000 18000000 1000000 1000000
11000000 18000000 1000000 1000000
12000000 18000000 1000000 1000000
13000000 18000000 1000000 1000000
14000000 18000000 1000000 1000000
15000000 18000000 1000000 1000000
16000000 18000000 1000000 1000000
17000000 18000000 1000000 1000000
18000000 18000000 1000000 1000000
19000000 18000000 1000000 1000000
20000000 18000000 1000000 1000000
21000000 18000000 1000000 1000000
22000000 18000000 1000000 1000000
23000000 18000000 1000000 1000000
24000000 18000000 1000000 1000000
25000000 18000000 1000000 1000000
26000000 18000000 1000000 1000000
27000000 18000000 1000000 1000000
28000000 18000000 1000000 1000000
29000000 18000000 1000000 1000000
-20000000 19000000 1000000 1000000
-19000000 19000000 1000000 1000000
-18000000 19000000 1000000 1000000
-17000000 19000000 1000000 1000000
-16000000 19000000 1000000 1000000
-15000000 19000000 1000000 1000000
-14000000 19000000 1000000 1000000
-13000000 19000000 1000000 1000000
-12000000 19000000 1000000 1000000
-11000000 19000000 1000000 1000000
-10000000 19000000 1000000 1000000
-9000000 19000000 1000000 1000000
-8000000 19000000 1000000 1000000
-7000000 19000000 1000000 1000000
-6000000 19000000 1000000 1000000
-5000000 19000000 1000000 1000000
-4000000 19000000 1000000 1000000
-3000000 19000000 1000000 1000000
-2000000 19000000 1000000 1000000
-1000000 19000000 1000000 1000000
0 19000000 1000000 1000000
1000000 19000000 1000000 1000000
2000000 19000000 1000000 1000000
3000000 19000000 1000000 1000000
4000000 19000000 1000000 1000000
5000000 19000000 1000000 1000000
6000000 19000000 1000000 1000000
7000000 19000000 1000000 1000000
8000000 19000000 1000000 1000000
9000000 19000000 1000000 1000000
10000000 19000000 1000000 1000000
11000000 19000000 1000000 1000000
12000000 19000000 1000000 1000000
13000000 19000000 1000000 1000000
14000000 19000000 1000000 1000000
15000000 19000000 1000000 1000000
16000000 19000000 1000000 1000000
17000000 19000000 1000000 1000000
18000000 19000000 1000000 1000000
19000000 19000000 1000000 1000000
20000000 19000000 1000000 1000000
21000000 19000000 1000000 1000000
22000000 19000000 1000000 1000000
23000000 19000000 1000000 1000000
24000000 19000000 1000000 1000000
25000000 19000000 1000000 1000000
26000000 19000000 1000000 1000000
27000000 19000000 1000000 1000000
28000000 19000000 1000000 1000000
29000000 19000000 1000000 1000000
-20000000 20000000 1000000 1000000
-19000000 20000000 1000000 1000000
-18000000 20000000 1000000 1000000
-17000000 20000000 1000000 1000000
-16000000 20000000 1000000 1000000
-15000000 20000000 1000000 1000000
-14000000 20000000 1000000 1000000
-13000000 20000000 1000000 1000000
-12000000 20000000 1000000 1000000
-11000000 20000000 1000000 1000000
-10000000 20000000 1000000 1000000
-9000000 20000000 1000000 1000000
-8000000 20000000 1000000 1000000
-7000000 20000000 1000000 1000000
-6000000 20000000 1000000 1000000
-5000000 20000000 1000000 1000000
-4000000 20000000 1000000 1000000
-3000000 20000000 1000000 1000000
-2000000 20000000 1000000 1000000
-1000000 20000000 1000000 1000000
0 20000000 1000000 1000000
1000000 20000000 1000000 1000000
2000000 20000000 1000000 1000000
3000000 20000000 1000000 1000000
4000000 20000000 1000000 1000000
5000000 20000000 1000000 1000000
6000000 20000000 1000000 1000000
7000000 20000000 1000000 1000000
8000000 20000000 1000000 1000000
9000000 20000000 1000000 1000000
10000000 20000000 1000000 1000000
11000000 20000000 1000000 1000000
12000000 20000000 1000000 1000000
13000000 20000000 1000000 1000000
14000000 20000000 1000000 1000000
15000000 20000000 1000000 1000000
16000000 20000000 1000000 1000000
17000000 20000000 1000000 1000000
18000000 20000000 1000000 1000000
19000000 20000000 1000000 1000000
20000000 20000000 1000000 1000000
21000000 20000000 1000000 1000000
22000000 20000000 1000000 1000000
23000000 20000000 1000000 1000000
24000000 20000000 1000000 1000000
25000000 20000000 1000000 1000000
26000000 20000000 1000000 1000000
27000000 20000000 1000000 1000000
28000000 20000000 1000000 1000000
29000000 20000000 1000000 1000000
-20000000 21000000 1000000 1000000
-19000000 21000000 1000000 1000000
-18000000 21000000 1000000 1000000
-17000000 21000000 1000000 1000000
-16000000 21000000 1000000 1000000
-15000000 21000000 1000000 1000000
-14000000 21000000 1000000 1000000
-13000000 21000000 1000000 1000000
-12000000 21000000 1000000 1000000
-11000000 21000000 1000000 1000000
-10000000 21000000 1000000 1000000
-9000000 21000000 1000000 1000000
-8000000 21000000 1000000 1000000
-7000000 21000000 1000000 1000000
-6000000 21000000 1000000 1000000
-5000000 21000000 1000000 1000000
-4000000 21000000 1000000 1000000
-3000000 21000000 1000000 1000000
-2000000 21000000 1000000 1000000
-1000000 21000000 1000000 1000000
0 21000000 1000000 1000000
1000000 21000000 1000000 1000000
2000000 21000000 1000000 1000000
3000000 21000000 1000000 1000000
4000000 21000000 1000000 1000000
5000000 21000000 1000000 1000000
6000000 21000000 1000000 1000000
7000000 21000000 1000000 1000000
8000000 21000000 1000000 1000000
9000000 21000000 1000000 1000000
10000000 21000000 1000000 1000000
11000000 21000000 1000000 1000000
12000000 21000000 1000000 1000000
13000000 21000000 1000000 1000000
14000000 21000000 1000000 1000000
15000000 21000000 1000000 1000000
16000000 21000000 1000000 1000000
17000000 21000000 1000000 1000000
18000000 21000000 1000000 1000000
19000000 21000000 1000000 1000000
20000000 21000000 1000000 1000000
21000000 21000000 1000000 1000000
22000000 21000000 1000000 1000000
23000000 21000000 1000000 1000000
24000000 21000000 1000000 1000000
25000000 21000000 1000000 1000000
26000000 21000000 1000000 1000000
27000000 21000000 1000000 1000000
28000000 21000000 1000000 1000000
29000000 21000000 1000000 1000000
-20000000 22000000 1000000 1000000
-19000000 22000000 1000000 1000000
-18000000 22000000 1000000 1000000
-17000000 22000000 1000000 1000000
-16000000 22000000 1000000 1000000
-15000000 22000000 1000000 1000000
-14000000 22000000 1000000 1000000
-13000000 22000000 1000000 1000000
-12000000 22000000 1000000 1000000
-11000000 22000000 1000000 1000000
-10000000 22000000 1000000 1000000
-9000000 22000000 1000000 1000000
-8000000 22000000 1000000 1000000
-7000000 22000000 1000000 1000000
-6000000 22000000 1000000 1000000
-5000000 22000000 1000000 1000000
-4000000 22000000 1000000 1000000
-3000000 22000000 1000000 1000000
-2000000 22000000 1000000 1000000
-1000000 22000000 1000000 1000000
0 22000000 1000000 1000000
1000000 22000000 1000000 1000000
2000000 22000000 1000000 1000000
3000000 22000000 1000000 1000000
4000000 22000000 1000000 1000000
5000000 22000000 1000000 1000000
6000000 22000000 1000000 1000000
7000000 22000000 1000000 1000000
8000000 22000000 1000000 1000000
9000000 22000000 1000000 1000000
10000000 22000000 1000000 1000000
11000000 22000000 1000000 1000000
12000000 22000000 1000000 1000000
13000000 22000000 1000000 1000000
14000000 22000000 1000000 1000000
15000000 22000000 1000000 1000000
16000000 22000000 1000000 1000000
17000000 22000000 1000000 1000000
18000000 22000000 1000000 1000000
19000000 22000000 1000000 1000000
20000000 22000000 1000000 1000000
21000000 22000000 1000000 1000000
22000000 22000000 1000000 1000000
23000000 22000000 1000000 1000000
24000000 22000000 1000000 1000000
25000000 22000000 1000000 1000000
26000000 22000000 1000000 1000000
27000000 22000000 1000000 1000000
28000000 22000000 1000000 1000000
29000000 22000000 1000000 1000000
-20000000 23000000 1000000 1000000
-19000000 23000000 1000000 1000000
-18000000 23000000 1000000 1000000
-17000000 23000000 1000000 1000000
-16000000 23000000 1000000 1000000
-15000000 23000000 1000000 1000000
-14000000 23000000 1000000 1000000
-13000000 23000000 1000000 1000000
-12000000 23000000 1000000 1000000
-11000000 23000000 1000000 1000000
-10000000 23000000 1000000 1000000
-9000000 23000000 1000000 1000000
-8000000 23000000 1000000 1000000
-7000000 23000000 1000000 1000000
-6000000 23000000 1000000 1000000
-5000000 23000000 1000000 1000000
-4000000 23000000 1000000 1000000
-3000000 23000000 1000000 1000000
-2000000 23000000 1000000 1000000
-1000000 23000000 1000000 1000000
0 23000000 1000000 1000000
1000000 23000000 1000000 1000000
2000000 23000000 1000000 1000000
3000000 23000000 1000000 1000000
4000000 23000000 1000000 1000000
5000000 23000000 1000000 1000000
6000000 23000000 1000000 1000000
7000000 23000000 1000000 1000000
8000000 23000000 1000000 1000000
9000000 23000000 1000000 1000000
10000000 23000000 1000000 1000000
11000000 23000000 1000000 1000000
12000000 23000000 1000000 1000000
13000000 23000000 1000000 1000000
14000000 23000000 1000000 1000000
15000000 23000000 1000000 1000000
16000000 23000000 1000000 1000000
17000000 23000000 1000000 1000000
18000000 23000000 1000000 1000000
19000000 23000000 1000000 1000000
20000000 23000000 1000000 1000000
21000000 23000000 1000000 1000000
22000000 23000000 1000000 1000000
23000000 23000000 1000000 1000000
24000000 23000000 1000000 1000000
25000000 23000000 1000000 1000000
26000000 23000000 1000000 1000000
27000000 23000000 1000000 1000000
28000000 23000000 1000000 1000000
29000000 23000000 1000000 1000000
-20000000 24000000 1000000 1000000
-19000000 24000000 1000000 1000000
-18000000 24000000 1000000 1000000
-17000000 24000000 1000000 1000000
-16000000 24000000 1000000 1000000
-15000000 24000000 1000000 1000000
-14000000 24000000 1000000 1000000
-13000000 24000000 1000000 1000000
-12000000 24000000 1000000 1000000
-11000000 24000000 1000000 1000000
-10000000 24000000 1000000 1000000
-9000000 24000000 1000000 1000000
-8000000 24000000 1000000 1000000
-7000000 24000000 1000000 1000000
-6000000 24000000 1000000 1000000
-5000000 24000000 1000000 1000000
-4000000 24000000 1000000 1000000
-3000000 24000000 1000000 1000000
-2000000 24000000 1000000 1000000
-1000000 24000000 1000000 1000000
0 24000000 1000000 1000000
1000000 24000000 1000000 1000000
2000000 24000000 1000000 1000000
3000000 24000000 1000000 1000000
4000000 24000000 1000000 1000000
5000000 24000000 1000000 1000000
6000000 24000000 1000000 1000000
7000000 24000000 1000000 1000000
8000000 24000000 1000000 1000000
9000000 24000000 1000000 1000000
10000000 24000000 1000000 1000000
11000000 24000000 1000000 1000000
12000000 24000000 1000000 1000000
13000000 24000000 1000000 1000000
14000000 24000000 1000000 1000000
15000000 24000000 1000000 1000000
16000000 24000000 1000000 1000000
17000000 24000000 1000000 1000000
18000000 24000000 1000000 1000000
19000000 24000000 1000000 1000000
20000000 24000000 1000000 1000000
21000000 24000000 1000000 1000000
22000000 24000000 1000000 1000000
23000000 24000000 1000000 1000000
24000000 24000000 1000000 1000000
25000000 24000000 1000000 1000000
26000000 24000000 1000000 1000000
27000000 24000000 1000000 1000000
28000000 24000000 1000000 1000000
29000000 24000000 1000000 1000000
-20000000 25000000 1000000 1000000
-19000000 25000000 1000000 1000000
-18000000 25000000 1000000 1000000
-17000000 25000000 1000000 1000000
-16000000 25000000 1000000 1000000
-15000000 25000000 1000000 1000000
-14000000 25000000 1000000 1000000
-13000000 25000000 1000000 1000000
-12000000 25000000 1000000 1000000
-11000000 25000000 1000000 1000000
-10000000 25000000 1000000 1000000
-9000000 25000000 1000000 1000000
-8000000 25000000 1000000 1000000
-7000000 25000000 1000000 1000000
-6000000 25000000 1000000 1000000
-5000000 25000000 1000000 1000000
-4000000 25000000 1000000 1000000
-3000000 25000000 1000000 1000000
-2000000 25000000 1000000 1000000
-1000000 25000000 1000000 1000000
0 25000000 1000000 1000000
1000000 25000000 1000000 1000000
2000000 25000000 1000000 1000000
3000000 25000000 1000000 1000000
4000000 25000000 1000000 1000000
5000000 25000000 1000000 1000000
6000000 25000000 1000000 1000000
7000000 25000000 1000000 1000000
8000000 25000000 1000000 1000000
9000000 25000000 1000000 1000000
10000000 25000000 1000000 1000000
11000000 25000000 1000000 1000000
12000000 25000000 1000000 1000000
13000000 25000000 1000000 1000000
14000000 25000000 1000000 1000000
15000000 25000000 1000000 1000000
16000000 25000000 1000000 1000000
17000000 25000000 1000000 1000000
18000000 25000000 1000000 1000000
19000000 25000000 1000000 1000000
20000000 25000000 1000000 1000000
21000000 25000000 1000000 1000000
22000000 25000000 1000000 1000000
23000000 25000000 1000000 1000000
24000000 25000000 1000000 1000000
25000000 25000000 1000000 1000000
26000000 25000000 1000000 1000000
27000000 25000000 1000000 1000000
28000000 25000000 1000000 1000000
29000000 25000000 1000000 1000000
-20000000 26000000 1000000 1000000
-19000000 26000000 1000000 1000000
-18000000 26000000 1000000 1000000
-17000000 26000000 1000000 1000000
-16000000 26000000 1000000 1000000
-15000000 26000000 1000000 1000000
-14000000 26000000 1000000 1000000
-13000000 26000000 1000000 1000000
-12000000 26000000 1000000 1000000
-11000000 26000000 1000000 1000000
-10000000 26000000 1000000 1000000
-9000000 26000000 1000000 1000000
-8000000 26000000 1000000 1000000
-7000000 26000000 1000000 1000000
-6000000 26000000 1000000 1000000
-5000000 26000000 1000000 1000000
-4000000 26000000 1000000 1000000
-3000000 26000000 1000000 1000000
-2000000 26000000 1000000 1000000
-1000000 26000000 1000000 1000000
0 26000000 1000000 1000000
1000000 26000000 1000000 1000000
2000000 26000000 1000000 1000000
3000000 26000000 1000000 1000000
4000000 26000000 1000000 1000000
5000000 26000000 1000000 1000000
6000000 26000000 1000000 1000000
7000000 26000000 1000000 1000000
8000000 26000000 1000000 1000000
9000000 26000000 1000000 1000000
10000000 26000000 1000000 1000000
11000000 26000000 1000000 1000000
12000000 26000000 1000000 1000000
13000000 26000000 1000000 1000000
14000000 26000000 1000000 1000000
15000000 26000000 1000000 1000000
16000000 26000000 1000000 1000000
17000000 26000000 1000000 1000000
18000000 26000000 1000000 1000000
19000000 26000000 1000000 1000000
20000000 26000000 1000000 1000000
21000000 26000000 1000000 1000000
22000000 26000000 1000000 1000000
23000000 26000000 1000000 1000000
24000000 26000000 1000000 1000000
25000000 26000000 1000000 1000000
26000000 26000000 1000000 1000000
27000000 26000000 1000000 1000000
28000000 26000000 1000000 1000000
29000000 26000000 1000000 1000000
-20000000 27000000 1000000 1000000
-19000000 27000000 1000000 1000000
-18000000 27000000 1000000 1000000
-17000000 27000000 1000000 1000000
-16000000 27000000 1000000 1000000
-15000000 27000000 1000000 1000000
-14000000 27000000 1000000 1000000
-13000000 27000000 1000000 1000000
-12000000 27000000 1000000 1000000
-11000000 27000000 1000000 1000000
-10000000 27000000 1000000 1000000
-9000000 27000000 1000000 1000000
-8000000 27000000 1000000 1000000
-7000000 27000000 1000000 1000000
-6000000 27000000 1000000 1000000
-5000000 27000000 1000000 1000000
-4000000 27000000 1000000 1000000
-3000000 27000000 1000000 1000000
-2000000 27000000 1000000 1000000
-1000000 27000000 1000000 1000000
0 27000000 1000000 1000000
1000000 27000000 1000000 1000000
2000000 27000000 1000000 1000000
3000000 27000000 1000000 1000000
4000000 27000000 1000000 1000000
5000000 27000000 1000000 1000000
6000000 27000000 1000000 1000000
7000000 27000000 1000000 1000000
8000000 27000000 1000000 1000000
9000000 27000000 1000000 1000000
10000000 27000000 1000000 1000000
11000000 27000000 1000000 1000000
12000000 27000000 1000000 1000000
13000000 27000000 1000000 1000000
14000000 27000000 1000000 1000000
15000000 27000000 1000000 1000000
16000000 27000000 1000000 1000000
17000000 27000000 1000000 1000000
18000000 27000000 1000000 1000000
19000000 27000000 1000000 1000000
20000000 27000000 1000000 1000000
21000000 27000000 1000000 1000000
22000000 27000000 1000000 1000000
23000000 27000000 1000000 1000000
24000000 27000000 1000000 1000000
25000000 27000000 1000000 1000000
26000000 27000000 1000000 1000000
27000000 27000000 1000000 1000000
28000000 27000000 1000000 1000000
29000000 27000000 1000000 1000000
-20000000 28000000 1000000 1000000
-19000000 28000000 1000000 1000000
-18000000 28000000 1000000 1000000
-17000000 28000000 1000000 1000000
-16000000 28000000 1000000 1000000
-15000000 28000000 1000000 1000000
-14000000 28000000 1000000 1000000
-13000000 28000000 1000000 1000000
-12000000 28000000 1000000 1000000
-11000000 28000000 1000000 1000000
-10000000 28000000 1000000 1000000
-9000000 28000000 1000000 1000000
-8000000 28000000 1000000 1000000
-7000000 28000000 1000000 1000000
-6000000 28000000 1000000 1000000
-5000000 28000000 1000000 1000000
-4000000 28000000 1000000 1000000
-3000000 28000000 1000000 1000000
-2000000 28000000 1000000 1000000
-1000000 28000000 1000000 1000000
0 28000000 1000000 1000000
1000000 28000000 1000000 1000000
2000000 28000000 1000000 1000000
3000000 28000000 1000000 1000000
4000000 28000000 1000000 1000000
5000000 28000000 1000000 1000000
6000000 28000000 1000000 1000000
7000000 28000000 1000000 1000000
8000000 28000000 1000000 1000000
9000000 28000000 1000000 1000000
10000000 28000000 1000000 1000000
11000000 28000000 1000000 1000000
12000000 28000000 1000000 1000000
13000000 28000000 1000000 1000000
14000000 28000000 1000000 1000000
15000000 28000000 1000000 1000000
16000000 28000000 1000000 1000000
17000000 28000000 1000000 1000000
18000000 28000000 1000000 1000000
19000000 28000000 1000000 1000000
20000000 28000000 1000000 1000000
21000000 28000000 1000000 1000000
22000000 28000000 1000000 1000000
23000000 28000000 1000000 1000000
24000000 28000000 1000000 1000000
25000000 28000000 1000000 1000000
26000000 28000000 1000000 1000000
27000000 28000000 1000000 1000000
28000000 28000000 1000000 1000000
29000000 28000000 1000000 1000000
-20000000 29000000 1000000 1000000
-19000000 29000000 1000000 1000000
-18000000 29000000 1000000 1000000
-17000000 29000000 1000000 1000000
-16000000 29000000 1000000 1000000
-15000000 29000000 1000000 1000000
-14000000 29000000 1000000 1000000
-13000000 29000000 1000000 1000000
-12000000 29000000 1000000 1000000
-11000000 29000000 1000000 1000000
-10000000 29000000 1000000 1000000
-9000000 29000000 1000000 1000000
-8000000 29000000 1000000 1000000
-7000000 29000000 1000000 1000000
-6000000 29000000 1000000 1000000
-5000000 29000000 1000000 1000000
-4000000 29000000 1000000 1000000
-3000000 29000000 1000000 1000000
-2000000 29000000 1000000 1000000
-1000000 29000000 1000000 1000000
0 29000000 1000000 1000000
1000000 29000000 1000000 1000000
2000000 29000000 1000000 1000000
3000000 29000000 1000000 1000000
4000000 29000000 1000000 1000000
5000000 29000000 1000000 1000000
6000000 29000000 1000000 1000000
7000000 29000000 1000000 1000000
8000000 29000000 1000000 1000000
9000000 29000000 1000000 1000000
10000000 29000000 1000000 1000000
11000000 29000000 1000000 1000000
12000000 29000000 1000000 1000000
13000000 29000000 1000000 1000000
14000000 29000000 1000000 1000000
15000000 29000000 1000000 1000000
16000000 29000000 1000000 1000000
17000000 29000000 1000000 1000000
18000000 29000000 1000000 1000000
19000000 29000000 1000000 1000000
20000000 29000000 1000000 1000000
21000000 29000000 1000000 1000000
22000000 29000000 1000000 1000000
23000000 29000000 1000000 1000000
24000000 29000000 1000000 1000000
25000000 29000000 1000000 1000000
26000000 29000000 1000000 1000000
27000000 29000000 1000000 1000000
28000000 29000000 1000000 1000000
29000000 29000000 1000000 1000000
