XKEHWAURVKYAXDLVSBDPNGDGBLUUBQCSJQITFNBBQIPKZSNVBTIMQUFXKOABUQOMFMRGYJILSYZIALQAURGOEP
55
20 6 46
1 81 85
17 78 83
15 31 60
17 21 40
13 2 38
25 33 74
0 57 59
15 13 31
23 69 77
17 43 46
10 17 67
6 10 15
7 50 61
12 48 84
5 70 77
19 23 26
9 4 41
13 53 59
13 52 58
24 68 85
19 63 81
5 61 76
20 12 67
11 66 70
10 16 61
13 70 73
16 33 82
10 9 37
22 33 35
1 28 41
10 61 74
2 57 78
17 28 44
18 68 74
16 39 68
25 51 84
6 86 86
22 9 56
14 47 49
19 51 79
12 84 85
19 9 69
7 83 84
15 75 83
1 86 86
9 39 54
15 9 71
21 50 55
11 17 57
19 11 39
14 61 62
1 8 45
4 65 83
11 34 55
