340 540
200 120 159 46 224 208 54 12 33 287 85 13 4 50 137 315 167 99 242 150 221 130 256 95 327 294 331 89 136 106 223 323 46 112 57 280 19 285 73 84 92 111 206 44 330 154 108 317 220 196 209 233 262 80 284 69 97 30 29 230 265 182 180 160 266 157 237 174 147 243 169 24 122 188 260 223 5 213 222 168 55 180 74 205 305 262 214 11 154 171 96 231 308 309 82 157 44 281 236 308 253 257 304 80 174 172 309 254 175 6 153 312 80 329 70 38 91 272 118 153 9 255 230 320 209 286 215 135 21 242 176 290 158 131 126 8 284 269 40 141 320 42 179 199 232 325 35 162 71 167 184 116 322 340 170 90 336 58 226 248 87 171 327 113 33 42 213 281 228 242 189 241 82 162 315 331 18 31 147 231 85 9 25 231 74 338 41 272 182 59 39 214 224 240 116 168 331 157 75 10 255 231 321 93 251 279 62 175 174 104 1 296 297 64 36 122 267 303 286 202 66 172 15 144 192 314 307 115 330 4 267 267 52 5 51 161 30 264 82 23 13 25 138 93 60 235 249 309 195 89 117 88 288 85 264 91 333 307 293 322 8 319 209 52 267 167 295 174 76 26 185 79 337 179 296 79 25 239 184 257 54 299 302 234 41 107 236 305 157 333 328 206 212 274 230 82 216 121 129 242 255 187 290 296 76 161 17 8 304 2 150 296 42 217 333 313 152 140 51 44 211 312 87 22 86 146 41 88 284 19 66 207 77 277 270 161 41 72 112 254
1 84
8 232
1 309
3 272
32 2
6 261
2 217
36 2
5 71
20 1
235 2
2 189
130 6
268 3
90 6
277 8
297 10
3 107
41 1
2 124
1 310
251 1
1 284
292 5
228 1
83 1
4 46
16 315
170 1
219 1
150 6
8 141
23 182
257 4
296 21
201 1
298 11
4 19
191 1
15 262
114 1
87 3
3 57
5 224
2 140
2 23
206 4
7 214
6 290
81 1
4 200
2 74
3 276
275 4
312 5
18 258
204 5
184 5
326 2
2 92
244 9
117 2
1 183
3 266
226 1
8 1
250 1
172 5
2 35
5 260
135 2
12 1
14 1
89 2
80 1
220 7
110 1
18 316
96 10
328 5
115 2
10 186
280 1
196 8
7 91
265 2
40 5
6 132
1 79
139 2
2 255
102 4
128 1
4 122
25 2
4 233
273 4
157 9
313 6
1 61
5 165
5 111
3 152
1 62
4 287
103 1
190 8
1 7
329 19
199 3
21 1
45 1
176 1
4 1
50 4
10 274
3 188
1 264
4 202
1 38
153 2
58 2
279 1
104 1
1 51
1 75
27 2
205 15
1 119
6 95
230 24
3 320
16 213
3 59
4 82
6 282
125 2
6 105
7 252
65 1
285 1
2 126
88 2
210 8
1 225
14 294
85 2
60 2
1 180
2 142
174 3
14 238
3 138
146 2
1 299
8 325
160 2
338 2
1 253
192 8
314 2
9 236
1 24
48 1
10 168
324 8
2 106
155 2
159 2
7 267
98 5
6 187
1 6
241 6
212 11
337 11
286 20
1 29
7 281
1 197
271 3
270 1
3 177
3 161
304 7
17 301
70 1
1 321
47 1
175 5
30 247
1 203
2 123
1 113
1 39
1 249
2 33
248 5
64 3
1 9
69 3
131 13
305 1
240 7
335 11
1 223
330 1
10 1
9 245
1 55
4 163
4 322
2 269
7 144
283 13
31 1
9 308
16 231
77 4
2 86
194 2
1 52
256 5
4 43
13 1
18 156
3 94
263 6
18 1
221 9
158 1
8 227
3 143
307 2
216 3
6 116
149 3
229 11
222 4
3 166
1 300
198 1
7 209
56 1
1 26
5 118
151 4
1 167
2 171
4 218
4 108
6 242
3 215
303 11
311 3
1 68
1 16
5 121
1 28
129 1
243 6
4 195
302 7
14 331
288 9
3 1
1 317
9 237
162 1
5 109
1 66
1 15
333 1
254 20
3 234
178 5
73 1
334 1
6 185
1 67
120 3
1 179
3 133
173 5
3 259
44 1
8 100
1 49
291 17
4 54
11 207
22 1
246 5
2 53
76 1
2 239
154 13
181 1
289 28
1 34
2 169
2 208
145 4
1 336
30 1
72 2
1 11
136 2
147 6
1 5
97 1
295 15
93 3
42 1
127 3
6 112
101 2
319 7
8 293
1 134
8 78
193 1
211 12
148 5
1 37
3 332
63 1
7 327
17 1
99 4
164 11
13 340
278 2
1 306
339 4
5 318
1 2
10 137
323 10
291 100
39 333
37 179
94 199
208 246
276 280
210 260
121 85
251 35
309 201
19 184
56 144
85 318
325 32
242 76
145 48
276 162
91 208
183 92
25 19
230 71
146 153
266 273
283 286
157 236
281 172
242 58
72 273
257 252
102 43
72 17
68 133
11 315
162 103
17 177
67 7
28 199
275 216
111 80
228 272
239 221
136 289
319 256
69 252
62 84
69 10
332 71
205 221
282 326
300 127
262 292
336 318
17 299
107 329
132 240
37 130
275 291
252 237
262 84
243 128
274 149
112 69
78 300
203 202
175 127
91 232
179 103
171 52
63 50
51 271
17 75
150 48
243 173
196 195
150 243
105 265
15 47
149 107
100 221
12 65
332 171
61 126
124 99
254 121
101 49
134 142
179 39
143 294
285 312
69 321
16 165
93 187
247 11
95 218
43 266
66 207
4 157
209 96
308 144
103 317
339 147
112 64
126 62
48 280
72 327
38 277
3 158
201 114
136 248
338 59
338 94
313 51
70 70
47 270
163 270
167 41
233 225
326 339
125 290
280 258
39 322
339 3
312 122
58 23
324 31
275 165
303 239
3 137
80 225
196 246
242 121
13 239
231 177
307 115
280 184
156 273
248 98
236 108
187 221
271 41
133 71
277 194
122 40
170 141
13 15
123 34
305 169
95 81
82 86
175 290
104 180
164 88
130 182
293 136
170 90
29 236
145 44
24 242
64 316
140 279
20 295
248 58
67 5
211 322
116 65
338 274
125 218
271 274
325 43
291 79
220 79
229 164
79 219
101 326
292 249
207 0
43 49
279 312
257 195
50 178
170 4
285 243
338 330
243 121
4 168
201 96
147 299
213 109
210 223
207 202
179 313
159 318
297 266
249 82
298 9
8 38
68 171
99 303
144 132
290 97
201 173
248 168
87 189
301 295
52 217
210 2
289 189
246 335
102 265
209 72
131 41
85 312
86 5
300 164
226 248
289 192
323 223
286 338
113 266
11 51
184 60
70 261
41 174
186 246
138 90
164 84
55 277
164 13
89 38
121 30
221 1
179 155
206 13
13 75
333 255
149 295
117 109
260 132
123 30
292 319
17 110
140 96
39 330
330 262
211 79
92 86
156 21
330 15
246 216
105 15
266 6
136 245
245 315
295 263
120 238
336 158
94 225
123 236
326 100
223 298
269 319
143 212
188 126
72 243
223 211
152 102
277 328
180 204
331 102
227 325
168 6
14 311
87 106
40 154
313 87
263 165
28 146
218 256
29 306
198 43
153 319
204 19
33 181
161 56
7 23
289 323
74 265
89 83
179 65
32 204
128 139
213 103
274 265
99 281
238 119
48 35
220 319
36 23
338 32
310 321
269 293
227 161
3 249
295 113
46 234
9 262
14 16
335 205
0 140
108 140
191 214
14 179
184 95
76 149
206 263
92 100
141 248
191 142
282 25
242 96
241 118
225 261
123 173
259 253
123 229
61 165
85 59
203 51
121 88
229 206
22 329
235 171
159 249
201 199
12 96
22 174
174 241
316 53
104 328
326 257
37 238
292 163
71 210
140 56
131 49
10 226
129 77
115 224
299 92
319 219
148 336
173 87
118 170
336 150
337 196
219 60
160 151
139 307
42 199
113 17
14 30
151 124
304 333
207 46
137 27
263 255
251 143
297 301
21 209
103 3
113 304
104 69
110 211
309 316
238 150
198 66
298 308
209 209
62 103
61 285
337 168
216 127
212 22
331 17
83 22
268 133
100 265
339 219
117 210
202 111
290 142
246 15
4 314
186 297
149 333
59 289
39 203
27 139
112 173
131 244
104 70
300 188
51 180
249 331
59 97
59 40
287 29
107 300
222 325
244 271
93 233
66 18
251 255
115 46
299 336
161 225
41 237
189 83
158 307
146 46
122 147
51 107
96 102
211 225
309 244
303 20
151 120
249 185
121 232
80 69
227 175
88 124
12 122
221 259
116 47
73 277
317 205
206 303
246 172
267 155
189 300
25 132
142 226
18 177
149 63
218 31
207 62
222 1
158 49
168 91
6 28
100 311
83 58
44 240
128 56
274 320
79 232
312 182
11 327
319 153
68 75
10 285
73 29
129 68
327 215
160 260
163 150
181 184
246 158
230 100
139 298
242 14
153 308
160 39
254 103
65 339
168 13
150 171
49 300
226 293
128 39
311 302
312 12
0 64
37 162
239 113
38 263
229 240
60 281
295 31
114 225
212 191
70 280
33 260
109 38
80 17
123 37
136 200
280 144
123 271
292 149
255 256
266 201
24 282
121 174
143 301
112 107
87 71
206 160
40 90
198 185
73 227
334 326
87 224
64 301
149 133
63 8
59 52
202 225
167 160
74 324
119 14
43 320
192 300
29 310
313 322
206 255
15 150
95 325
209 251
200 138
217 243
293 262
230 114
319 150
185 23
69 318
187 162
247 191
93 239
