1000 2000
159 933 247 223 496 230 697 502 114 806 848 916 18 39 503 767 363 943 970 89 612 525 673 497 375 458 488 140 589 269 336 94 98 443 457 69 684 536 948 607 504 561 254 992 34 900 904 231 823 288 471 274 238 81 38 99 435 408 850 484 1 178 99 821 286 984 96 699 182 455 692 581 749 430 208 969 926 179 72 733 840 98 261 112 783 909 804 383 471 525 918 934 480 213 78 573 63 203 446 561 867 337 537 941 512 360 15 507 798 133 592 552 500 254 904 174 51 294 249 11 783 693 162 924 695 374 62 188 966 43 472 863 640 267 79 258 368 652 605 417 488 487 26 837 638 781 874 24 299 130 281 882 139 58 415 754 972 862 61 471 579 66 145 8 184 45 699 970 431 128 404 375 651 1000 495 702 219 197 674 115 984 278 485 718 970 682 587 43 607 851 81 443 178 302 635 566 358 927 233 453 997 545 237 383 350 799 371 669 36 437 686 283 466 656 367 809 63 68 935 580 57 839 739 648 753 952 354 957 117 193 956 98 761 121 375 938 116 567 850 925 216 161 269 479 584 770 536 46 322 669 796 147 783 11 372 527 655 693 816 999 339 525 896 445 923 589 78 466 322 22 974 496 234 288 704 779 992 332 857 206 300 625 631 8 847 10 875 803 714 896 4 90 688 120 527 434 45 355 157 646 19 700 290 801 584 665 729 638 900 407 228 223 795 727 145 783 613 310 312 641 627 281 779 540 110 4 601 981 611 265 388 405 845 634 519 543 349 453 884 533 23 504 476 823 326 785 49 176 291 518 670 933 219 398 563 355 380 275 334 554 603 156 791 822 559 578 873 224 824 366 356 464 611 584 432 324 925 460 997 661 965 818 91 566 721 575 17 604 980 131 90 653 704 797 183 904 173 881 508 842 605 827 100 864 147 963 989 571 304 636 851 50 599 681 155 84 60 632 612 690 409 967 617 254 715 810 121 138 24 783 703 793 596 381 628 80 340 133 465 703 285 726 125 134 913 73 933 355 360 526 914 95 945 610 899 542 980 301 484 849 882 85 212 232 189 985 784 46 546 414 83 220 8 738 712 256 576 419 937 501 832 262 642 652 983 756 795 766 526 951 945 328 8 77 875 385 457 27 349 997 355 185 779 689 701 42 343 359 34 221 208 599 373 238 885 85 436 5 398 346 82 833 533 931 434 923 738 624 53 904 869 277 291 322 354 208 335 852 646 410 663 576 442 939 818 975 780 534 286 366 955 413 165 633 112 127 80 720 997 468 385 142 499 561 626 714 572 224 61 45 471 888 796 985 867 424 958 49 275 475 359 594 571 559 102 211 860 298 650 121 760 443 57 447 555 613 892 171 898 265 545 11 951 418 988 240 214 544 26 521 74 174 137 121 537 215 55 117 769 983 573 994 517 349 480 845 532 270 343 532 451 798 384 978 798 558 900 749 817 453 104 271 141 118 875 856 765 555 357 128 136 235 553 778 120 310 749 760 908 63 28 12 50 255 529 598 754 976 52 270 659 51 424 662 818 734 99 64 636 977 726 99 880 80 52 498 732 687 254 625 500 820 649 450 46 260 918 539 929 402 685 835 253 618 749 950 212 494 406 250 37 604 256 136 18 583 361 391 216 637 896 961 286 691 538 80 541 900 868 987 271 34 536 159 140 992 188 190 86 468 224 392 768 642 255 418 415 594 437 484 588 411 494 643 127 953 432 300 809 879 451 353 64 444 197 132 865 604 653 493 491 390 512 38 855 218 859 800 130 310 825 87 440 522 753 178 434 271 875 222 638 820 205 996 832 613 711 891 836 46 709 524 301 938 28 85 795 263 916 876 669 600 374 726 731 531 707 971 540 396 988 989 811 892 537 967 193 207 342 973 705 640 589 22 317 86 903 258 337 591 25 836 370 806 901 749 456 716 131 116 77 190 261 84 274 881 313 236 530 819 621 708 875 349 865 183 907 434 330 354 722 616 421 355 642 711 437 162 424 101 397 814 808 646 747 216 571 570 319 614 978 921 408 452 877 216 618 504 628 139 464 204 805 834 903 293 949 634 877 621 421 643 646 852 979 936 583 296 470 677 872 8 95 188 790 801 847 440 915 382 453 519 678 233 232 330 354 71 799 46 674 657 396 893 414 756 331 647 745 219 707 12 666 868 743 765 558 553 829 46 221 91 69 739 605 769 239 942 804 330 876 754 848 98 347 178 548 436 389 393 215 305 155 525 494 676 461 283 154 125 161 676 490 877 155 665 483 523 446 155
954 238
745 555
409 806
715 203
669 84
247 840
546 600
286 804
734 758
773 677
389 978
124 821
85 524
292 239
817 256
266 272
784 575
387 602
512 511
691 90
12 102
781 371
308 673
697 40
300 967
752 792
650 375
260 402
53 781
537 486
446 798
968 481
995 779
801 492
906 92
346 62
723 946
178 688
850 7
83 774
450 675
494 734
517 537
107 470
425 295
265 137
491 354
505 85
337 295
467 275
524 911
552 788
824 228
270 489
460 108
938 272
124 694
367 541
713 124
652 834
604 779
269 635
448 267
712 934
118 556
373 158
375 819
446 11
699 566
693 224
404 378
615 956
747 272
110 382
962 32
375 513
193 486
910 678
355 802
654 112
452 479
14 533
401 295
528 307
373 473
71 803
947 936
98 939
153 910
983 376
724 380
431 905
961 741
945 369
568 305
436 377
891 175
266 777
850 280
523 272
217 469
293 676
940 2
421 852
352 49
439 808
446 549
246 592
231 931
428 365
539 583
806 617
922 553
975 278
631 207
380 556
2 243
277 971
432 348
218 836
316 712
117 115
988 363
96 103
570 424
274 612
442 520
594 543
246 749
124 439
611 126
51 454
810 623
99 859
943 196
11 767
58 559
63 229
32 969
856 697
221 395
171 417
5 574
861 720
846 667
865 63
698 460
117 474
751 494
613 223
489 344
610 490
516 68
665 494
393 656
55 992
265 248
848 731
524 672
648 317
710 419
920 192
607 180
510 111
397 754
620 674
522 334
140 830
678 411
987 894
153 186
334 518
685 794
418 70
254 85
579 38
400 872
935 516
552 273
947 401
443 951
880 273
765 896
906 470
139 696
890 879
43 1000
494 655
726 866
198 589
737 488
96 612
718 335
402 712
863 754
414 290
298 721
503 140
759 625
1000 542
765 464
365 244
723 695
87 795
655 197
742 978
312 125
952 431
230 267
642 453
194 416
580 124
718 423
989 205
332 461
150 277
684 874
487 155
412 146
223 534
110 319
347 133
70 914
826 185
85 319
841 810
349 897
163 635
816 801
494 829
599 526
217 711
157 918
587 291
793 948
226 275
736 187
701 486
726 38
98 807
357 881
426 183
723 199
407 867
419 679
982 218
193 13
668 459
982 484
478 758
206 928
929 354
784 416
980 796
948 638
893 82
451 345
75 131
57 773
334 870
987 251
561 978
95 773
867 966
834 111
167 940
62 581
836 136
242 132
923 1
164 320
554 408
818 640
42 198
599 373
500 306
219 853
750 589
514 373
222 168
367 966
846 585
44 111
681 453
386 878
896 508
20 590
811 135
470 740
939 316
999 23
650 160
218 735
259 264
903 321
857 681
618 630
449 587
947 352
251 211
321 472
641 468
249 598
153 741
91 669
923 484
116 490
107 979
799 869
403 904
262 149
67 132
223 729
501 59
437 250
176 37
676 856
839 253
610 292
358 162
827 573
550 232
445 626
553 851
942 856
603 338
771 262
445 954
373 341
270 712
836 853
425 123
845 190
986 495
927 726
372 547
941 199
623 157
207 138
251 437
278 696
591 801
356 763
531 106
284 143
788 576
530 552
913 455
567 394
887 254
560 277
780 45
722 36
31 381
766 778
615 244
52 458
476 522
870 847
969 184
868 318
301 248
757 839
946 892
712 547
147 689
314 402
925 817
396 700
483 219
15 526
139 814
198 714
725 618
571 302
814 152
304 972
690 84
163 722
461 360
142 907
76 737
111 879
936 16
605 659
855 796
228 775
675 383
870 275
604 707
223 566
292 10
904 422
202 494
498 176
917 752
364 795
228 130
689 240
974 524
944 24
68 794
108 268
451 475
23 992
52 760
371 776
6 616
47 242
78 789
8 99
670 928
891 882
693 204
831 434
825 734
518 806
573 886
263 915
895 227
210 707
296 697
309 826
275 317
10 471
435 477
837 31
399 981
542 599
765 611
624 10
453 374
393 331
629 986
557 858
373 126
959 317
918 572
252 39
585 457
458 519
32 218
36 823
787 4
681 496
569 47
199 927
273 640
5 821
708 242
46 882
477 524
399 149
198 308
772 551
31 987
258 974
609 524
957 644
713 793
622 319
472 128
316 856
486 600
86 98
76 334
52 9
639 608
615 520
415 47
867 191
538 330
285 762
780 509
361 243
811 623
155 224
565 781
975 247
561 218
628 652
63 217
262 951
709 991
899 706
972 107
359 734
830 734
368 779
823 384
352 6
327 671
752 502
650 328
6 854
529 668
752 286
568 373
288 877
636 573
48 326
307 429
834 153
860 613
433 850
27 824
992 884
505 446
579 661
731 337
412 104
585 111
600 733
953 846
626 472
978 506
329 327
445 871
379 769
141 304
249 907
689 888
610 291
285 58
681 215
785 513
681 618
895 132
356 867
891 126
700 938
704 282
244 899
487 79
819 796
658 827
212 473
938 856
437 193
327 246
662 625
966 247
423 504
479 627
383 139
648 920
713 522
629 518
697 500
420 571
357 338
991 568
31 36
940 571
294 189
439 121
845 22
813 10
452 586
515 960
71 425
307 893
102 868
185 828
248 744
54 225
217 130
201 389
105 936
223 590
178 246
719 470
391 951
532 712
780 401
671 878
355 153
307 910
684 955
127 489
783 599
92 129
614 642
327 660
841 584
715 177
223 930
236 510
392 603
90 623
544 195
175 281
499 298
194 205
473 390
482 217
512 311
992 743
101 330
349 769
721 740
218 70
64 912
85 60
839 682
668 611
623 778
936 180
378 672
666 211
462 277
904 985
347 979
571 83
455 86
791 313
61 323
401 998
505 315
246 659
937 196
825 653
156 341
819 651
596 681
520 122
827 728
440 117
146 590
938 983
444 841
84 876
739 1
2 842
30 48
167 525
213 715
28 740
288 888
288 326
609 553
933 42
301 431
624 322
199 964
459 996
856 759
729 33
468 425
212 704
938 970
849 593
423 988
646 351
466 618
436 97
959 635
689 427
652 69
571 273
317 755
594 248
947 430
427 897
229 646
940 217
696 417
999 949
836 626
208 36
797 276
868 404
619 685
441 696
727 751
12 362
780 540
152 577
493 785
790 154
228 365
823 232
103 845
821 173
463 745
548 840
595 379
864 60
23 237
443 562
963 447
42 337
25 357
703 462
592 715
340 100
746 817
80 630
612 716
789 473
300 259
941 94
62 228
660 858
893 365
248 188
840 18
711 663
287 538
176 174
406 420
72 366
756 166
309 310
103 246
291 221
640 898
273 195
303 284
17 611
323 833
498 134
521 126
603 809
448 853
292 187
997 163
583 349
882 764
780 339
248 980
504 378
838 907
277 465
358 47
255 99
5 820
838 602
300 821
446 993
286 817
345 77
148 907
165 444
800 375
773 304
207 107
329 943
926 465
751 647
75 588
486 752
757 50
270 692
329 902
684 212
776 872
289 175
245 847
319 139
901 872
545 810
23 164
885 631
610 415
96 3
189 780
425 114
220 969
225 223
501 275
439 324
524 169
195 170
622 761
440 563
223 77
353 904
657 844
378 681
604 246
414 42
35 549
801 538
751 7
835 38
257 334
781 732
645 163
606 513
795 749
686 88
402 41
468 545
468 51
271 561
99 734
222 102
867 664
862 582
708 500
573 394
205 822
593 812
336 623
649 683
375 784
689 479
832 437
717 6
9 311
438 561
299 651
597 209
569 350
946 875
531 217
774 277
148 200
103 690
681 324
389 29
421 340
953 507
768 291
871 333
370 466
680 794
932 898
558 152
504 990
672 176
734 291
842 637
373 931
573 527
900 157
194 342
891 957
88 355
799 301
647 730
439 904
928 270
151 904
72 107
632 316
683 371
960 281
770 608
34 525
66 692
727 119
185 571
811 398
897 729
886 930
630 143
283 480
793 235
910 873
611 262
407 924
773 297
601 42
81 648
389 958
120 373
421 329
703 161
209 505
154 60
811 473
379 480
261 648
486 992
782 870
111 9
729 263
343 779
564 571
218 570
998 554
47 21
167 65
836 214
959 772
276 82
689 440
681 656
39 224
833 754
144 776
883 205
843 106
412 182
241 730
456 535
839 882
497 854
180 410
486 849
487 811
463 665
380 240
908 301
451 485
153 24
34 181
899 234
654 3
633 301
945 744
10 413
738 634
740 7
47 536
486 801
110 179
814 702
815 117
657 498
286 753
794 752
916 219
610 183
73 446
994 617
337 559
882 897
107 696
456 393
39 805
733 912
388 700
87 973
159 999
643 696
786 414
919 776
26 90
428 113
741 385
109 145
481 756
950 305
801 838
862 420
185 233
273 592
930 674
984 133
19 139
921 591
605 861
385 172
838 608
75 250
793 56
170 687
74 404
592 968
108 959
436 893
419 98
905 748
93 183
3 533
712 585
354 911
66 977
512 621
145 972
439 909
801 125
827 978
348 90
795 831
393 400
744 801
461 882
809 784
393 754
976 336
447 793
786 279
705 481
221 965
712 313
879 325
134 216
89 156
787 624
352 784
578 14
889 505
836 726
405 810
634 893
170 811
41 878
204 904
676 563
675 158
894 12
401 697
340 772
616 175
513 40
831 433
121 504
598 393
776 601
37 257
419 295
45 280
280 226
21 899
328 977
557 758
757 890
303 784
366 402
345 339
688 63
915 47
656 436
547 818
240 449
546 768
702 409
230 377
733 672
498 454
418 636
970 940
88 914
716 421
687 498
427 544
592 182
772 340
883 171
278 319
529 590
447 509
323 452
900 500
529 301
43 199
155 920
946 580
484 844
39 736
803 254
241 186
65 13
118 656
731 359
337 994
150 528
209 127
422 749
901 366
632 543
513 578
822 40
982 192
769 125
630 674
632 725
918 579
960 399
875 543
810 974
819 681
165 430
912 330
192 981
935 67
96 719
746 574
163 304
690 193
321 962
804 349
16 60
733 4
961 774
50 921
30 98
60 604
230 196
827 945
247 67
744 938
558 195
703 717
393 441
185 330
620 676
613 414
734 993
388 698
112 976
811 17
126 113
874 481
279 671
505 901
389 69
402 815
756 721
535 807
230 101
740 417
559 794
840 488
239 698
496 356
389 581
208 750
180 931
540 508
147 411
820 716
556 706
716 921
309 328
95 567
553 419
681 257
244 37
355 124
300 706
705 198
465 490
18 624
178 783
617 861
951 516
143 165
331 587
703 731
580 326
396 792
963 794
48 474
384 165
653 587
838 965
208 675
484 414
768 227
149 254
36 653
470 94
643 778
391 608
491 458
197 682
573 565
600 202
929 584
580 501
785 933
289 747
771 784
919 21
213 181
701 124
889 936
792 588
393 18
78 75
627 230
136 158
784 815
647 157
574 725
941 922
652 782
165 231
518 581
311 416
592 664
706 956
29 17
718 187
240 2
746 796
630 881
914 997
162 675
113 150
807 636
853 310
209 828
668 118
851 796
229 687
527 953
803 125
36 291
723 717
269 143
820 958
890 116
329 265
978 5
242 559
648 246
729 900
337 467
184 781
821 576
11 315
471 857
113 644
13 912
467 606
755 766
216 136
654 214
628 757
525 433
770 822
577 58
938 721
235 66
15 534
938 655
408 851
73 184
897 391
281 613
319 294
333 659
983 907
800 568
821 887
42 743
900 82
492 763
787 486
583 253
981 14
418 481
559 999
28 354
886 611
423 412
836 267
538 967
888 907
640 564
739 480
184 971
773 954
697 860
54 423
256 637
590 887
671 416
646 238
777 465
289 861
22 622
818 166
711 205
719 462
377 359
692 935
294 66
784 879
861 732
220 272
34 317
683 316
310 73
194 547
83 228
450 789
289 201
98 441
587 279
965 625
801 740
616 534
8 302
78 55
969 621
960 703
696 224
4 981
882 297
63 687
505 942
443 115
500 42
327 531
815 994
335 794
230 243
409 902
647 847
727 549
520 646
414 332
303 370
821 190
505 188
511 522
8 753
640 156
508 104
759 990
117 464
709 416
760 324
492 995
67 258
737 940
967 565
435 14
977 899
42 597
470 66
315 97
293 230
488 523
38 946
273 376
409 959
222 845
625 610
22 434
420 913
961 566
382 124
675 883
560 28
223 448
215 78
120 814
408 485
186 828
293 762
907 624
471 81
435 656
722 930
589 260
912 977
444 519
168 581
466 277
893 899
136 888
522 412
644 205
780 416
995 989
557 287
579 866
831 746
7 843
178 441
836 324
940 584
871 445
185 417
737 943
173 663
758 583
106 18
911 525
207 787
496 801
844 12
342 131
870 141
321 874
623 353
106 378
581 259
304 361
765 979
789 472
785 928
537 882
772 869
586 942
267 219
443 527
690 735
472 646
471 956
906 451
94 707
417 414
591 915
672 39
491 792
31 365
722 16
576 579
897 27
60 645
782 337
709 601
157 207
982 33
648 275
282 82
386 736
777 991
587 706
11 738
963 576
774 736
89 61
182 528
945 6
305 654
16 58
330 421
271 232
225 564
112 280
759 826
931 638
257 539
727 976
334 3
582 870
999 896
942 582
837 910
973 707
472 355
309 211
378 961
627 473
140 986
168 883
741 222
88 926
464 641
414 168
461 91
522 486
946 873
723 494
198 188
958 430
444 793
397 902
290 708
878 673
471 788
647 574
240 211
888 246
831 639
999 958
665 904
132 930
393 983
755 86
937 458
794 179
237 708
632 797
268 96
821 33
806 614
626 564
50 708
357 277
325 487
295 876
852 374
998 213
259 263
186 867
355 116
545 210
795 411
691 800
821 263
426 470
504 307
894 760
773 52
955 579
153 579
45 910
888 328
818 563
41 841
887 474
22 374
169 383
405 667
489 387
148 119
291 867
245 518
116 470
358 590
188 960
745 891
747 274
192 292
85 192
472 938
397 666
151 695
925 128
383 814
967 511
957 561
742 619
144 709
335 281
237 681
342 102
214 291
831 725
373 856
312 831
86 908
720 764
574 844
389 600
642 658
258 502
872 299
538 266
935 525
975 227
388 449
217 535
459 822
491 649
15 740
279 389
432 156
314 293
133 585
233 635
239 184
497 888
954 135
900 290
447 968
630 280
918 639
530 928
965 809
818 626
433 753
672 348
420 887
369 191
831 12
143 196
599 600
358 445
80 81
221 72
390 654
251 195
758 135
519 866
995 874
854 590
240 502
18 926
101 441
194 315
886 851
185 583
668 993
772 184
675 720
404 441
924 542
513 477
34 122
778 223
901 293
82 868
360 354
824 545
78 843
450 366
620 800
896 818
541 589
373 540
861 984
383 962
163 327
598 479
187 109
894 290
934 455
481 53
3 765
936 494
831 717
63 499
616 874
150 164
182 634
356 695
780 512
391 380
962 107
881 886
874 387
398 240
761 768
572 295
58 726
698 841
71 583
12 406
609 305
679 705
810 205
683 354
501 965
685 294
582 740
445 503
575 422
928 895
580 778
164 1000
117 116
406 509
832 228
756 268
987 794
277 323
835 280
562 464
890 909
647 913
596 667
399 862
967 678
537 308
662 795
677 83
907 178
290 838
395 855
858 667
980 286
129 742
513 469
272 89
90 898
878 919
749 985
512 92
699 576
746 810
237 795
528 387
300 15
302 427
328 48
732 185
179 3
442 504
876 42
296 141
867 49
1 349
399 339
329 97
179 145
319 323
743 971
423 612
605 291
337 687
904 870
879 9
721 57
676 349
334 92
585 914
960 658
802 742
24 47
890 298
862 794
33 50
165 41
390 166
887 846
463 738
660 352
620 459
450 977
175 31
169 170
355 273
598 57
466 420
283 106
137 253
891 684
258 745
187 373
117 882
916 923
18 812
88 97
240 365
195 185
309 396
660 612
206 11
30 357
603 817
4 392
834 67
470 48
164 104
421 704
723 134
4 469
666 406
463 650
228 893
630 820
841 243
753 217
229 851
203 975
21 720
518 863
101 470
178 491
772 153
928 292
640 129
165 621
202 607
314 599
510 496
133 194
400 327
664 783
846 840
845 918
969 76
431 151
290 387
396 959
92 192
337 691
561 156
659 977
878 201
626 2
926 580
908 563
280 14
365 784
419 899
719 65
961 373
21 933
676 858
238 172
670 420
6 221
457 424
28 568
162 2
451 868
880 566
500 962
135 564
263 119
938 859
588 609
481 456
587 61
485 511
462 38
673 290
214 189
845 303
719 823
750 196
369 367
213 933
228 462
511 157
105 463
59 839
587 989
50 617
459 874
587 329
385 793
756 116
759 863
124 950
160 58
779 943
225 841
456 104
476 938
392 184
65 751
687 476
590 125
699 291
790 905
992 467
69 595
47 131
206 632
111 29
663 116
892 427
183 19
457 728
944 24
958 151
708 130
85 180
380 204
193 466
581 188
505 880
946 834
316 403
198 68
326 462
914 972
42 528
933 457
111 466
923 439
713 165
535 668
845 642
560 23
140 632
443 796
494 262
172 75
94 604
309 563
245 481
29 326
617 687
975 574
366 928
425 710
122 255
525 680
617 714
287 35
267 33
78 180
690 170
334 286
580 143
709 302
42 514
691 710
195 386
74 350
752 767
752 960
624 421
265 47
602 708
923 146
494 846
230 885
879 164
926 836
569 909
928 384
108 940
622 242
523 261
669 442
774 724
998 275
496 95
917 709
899 533
444 384
236 498
664 57
517 68
622 580
273 747
133 319
223 72
25 381
640 319
367 608
44 236
296 910
476 686
455 93
28 48
37 293
876 520
892 261
130 120
698 770
870 461
821 580
673 982
641 683
120 684
345 735
184 51
843 246
173 608
739 195
749 706
211 443
513 519
774 524
968 363
949 9
397 735
449 771
697 365
596 875
379 183
323 220
852 191
503 120
161 668
397 649
760 364
150 4
556 569
967 192
321 862
526 587
172 398
983 422
190 60
421 860
795 547
163 997
141 298
872 634
398 758
282 676
262 326
359 378
580 758
169 727
427 152
652 553
739 823
60 204
68 397
292 458
745 550
23 982
465 657
33 935
136 318
125 133
826 664
821 711
55 941
904 896
424 595
115 851
644 408
157 813
993 540
40 446
183 530
650 966
618 558
864 454
878 748
86 721
51 828
561 382
111 638
400 283
413 502
404 616
705 167
818 551
767 496
361 174
121 307
631 309
193 212
861 679
350 723
480 223
14 166
166 296
876 457
554 653
729 298
741 576
500 896
471 426
25 26
158 640
429 477
925 996
922 336
164 992
877 634
977 999
933 831
381 454
296 698
766 572
371 117
658 773
88 770
406 105
16 780
169 367
772 541
318 935
696 879
186 961
644 225
564 840
856 40
449 707
406 721
426 778
965 83
312 792
499 617
813 783
747 723
684 717
220 459
131 568
90 941
240 337
271 773
996 684
628 929
953 936
788 751
318 622
104 962
827 263
872 376
633 437
893 664
154 719
184 443
162 699
958 126
897 813
837 143
537 252
919 947
221 589
790 203
451 529
666 235
243 804
728 405
788 10
54 485
255 778
632 794
275 597
427 762
315 956
490 634
932 290
484 784
959 278
270 533
778 441
268 693
514 292
669 960
163 971
838 999
958 154
383 182
947 951
130 952
337 834
858 138
180 564
503 692
110 210
161 291
602 131
820 196
198 759
439 857
577 888
82 26
983 539
262 67
862 777
838 836
768 32
185 305
808 328
532 545
843 679
7 518
318 811
405 626
667 600
606 6
657 772
506 302
513 635
143 604
733 666
635 987
514 270
85 296
371 259
75 778
759 51
939 123
399 438
932 441
550 914
494 303
632 931
869 24
383 196
213 687
834 567
970 795
51 36
461 223
492 52
723 728
633 544
752 792
359 494
779 292
91 310
747 192
716 224
734 298
668 366
778 952
349 524
12 820
135 408
341 614
94 843
490 851
804 791
800 101
354 216
698 438
378 736
268 811
183 113
578 481
449 82
605 947
74 542
806 927
333 175
345 496
34 769
817 690
27 659
62 715
935 78
350 603
427 56
674 437
161 536
549 425
668 824
410 170
731 533
563 109
453 127
218 238
218 105
278 183
484 325
988 515
843 368
642 778
690 501
962 426
476 58
458 543
318 88
368 196
487 326
904 181
282 663
222 364
804 440
963 321
589 733
509 563
505 687
725 431
906 617
506 921
556 671
305 621
972 384
942 984
730 762
292 571
874 563
874 223
991 322
193 890
266 591
495 912
626 188
760 617
288 113
402 306
951 123
274 257
932 570
958 555
795 734
735 832
137 329
310 957
779 844
583 42
950 632
363 706
485 461
820 809
55 198
583 706
956 521
727 303
187 529
192 317
365 743
241 669
973 664
477 115
28 699
742 728
135 905
71 985
926 966
484 488
686 919
285 972
537 673
700 313
675 655
558 447
409 481
665 617
208 201
781 73
219 971
895 803
402 174
675 657
499 293
191 627
505 13
199 512
995 836
130 824
822 800
405 299
243 756
776 554
983 150
292 42
564 151
998 929
271 872
244 629
164 951
563 211
759 14
964 844
989 375
615 353
871 350
949 592
359 879
663 627
752 568
533 925
433 259
721 92
603 386
669 809
437 510
505 855
899 383
193 555
948 238
701 867
511 320
178 642
649 660
190 299
906 39
958 106
505 851
315 927
85 267
299 57
53 465
819 632
829 672
389 436
880 400
878 313
867 100
37 742
479 248
384 370
162 913
67 127
745 70
587 693
162 596
94 150
70 883
414 181
861 829
685 179
472 117
983 61
226 190
106 383
882 406
600 933
239 495
616 724
824 633
781 875
400 598
516 968
858 334
529 315
410 19
360 320
984 129
972 302
554 651
470 248
876 739
118 430
169 572
213 391
644 57
675 984
890 125
224 337
690 609
542 782
742 746
701 996
472 102
830 762
758 923
314 551
79 32
662 346
936 1000
914 690
182 994
757 574
786 331
817 467
614 110
402 336
849 452
514 266
417 338
625 164
494 383
277 320
242 573
283 11
93 313
69 461
7 222
611 432
546 97
356 954
910 32
739 925
264 711
509 938
107 118
31 567
769 762
673 1
602 655
747 422
766 507
837 688
453 353
324 352
323 707
971 591
436 73
40 209
839 940
51 683
557 171
218 428
386 25
670 750
547 476
647 289
85 911
564 283
306 650
838 197
589 287
923 765
334 439
303 897
689 317
163 758
229 539
582 441
128 338
48 246
274 505
244 100
676 493
338 246
603 905
575 812
128 398
25 156
634 255
218 630
311 69
358 667
718 343
919 323
131 641
216 380
772 219
863 686
459 422
18 211
32 754
909 248
744 3
764 807
265 700
705 745
499 123
128 965
376 728
59 978
700 4
936 992
97 258
572 342
457 457
308 723
790 356
620 954
109 192
186 565
655 275
211 179
163 447
111 246
346 163
89 713
170 439
23 881
910 74
53 224
913 494
727 728
853 353
789 165
473 784
542 930
908 780
484 422
62 340
633 225
770 76
368 44
58 65
746 200
104 713
333 563
122 825
942 981
270 700
518 962
525 677
225 703
701 889
385 759
44 882
827 873
839 607
699 561
680 302
713 604
891 134
858 718
97 651
448 774
258 428
80 531
453 114
454 410
34 565
913 775
524 134
202 265
796 430
835 215
771 725
576 688
613 291
760 601
968 780
773 781
20 383
18 677
173 418
801 790
241 199
26 799
898 484
215 894
459 149
43 526
269 74
518 486
651 900
249 43
783 140
81 550
156 232
169 823
24 515
486 407
386 256
365 486
807 234
5 754
787 556
966 835
705 543
644 263
903 875
781 23
477 997
673 784
546 441
683 581
954 582
889 28
578 441
239 716
605 757
669 772
702 904
633 877
268 418
263 942
709 831
511 303
966 56
132 863
987 875
693 43
445 699
500 897
125 9
982 930
844 696
303 154
951 553
555 612
342 572
943 972
29 822
85 508
830 841
611 991
235 118
528 715
210 462
217 202
532 948
784 180
900 51
190 538
377 513
28 834
283 286
307 972
906 870
767 199
693 935
935 522
792 956
230 583
449 894
744 780
530 902
183 947
26 329
577 917
293 794
972 232
606 910
923 880
709 831
618 578
442 580
913 302
319 804
61 947
16 785
289 558
536 948
74 250
802 843
674 546
595 615
310 2
256 611
874 463
782 587
320 315
345 660
996 766
141 434
351 36
449 667
419 413
9 568
929 353
52 612
991 670
558 244
109 395
120 143
773 832
183 688
48 612
690 852
903 868
793 95
790 267
988 721
872 32
496 622
144 709
925 359
735 336
62 776
917 922
985 244
374 579
206 594
639 287
413 384
902 476
256 173
850 662
111 669
534 13
622 958
902 534
400 472
913 745
347 876
289 483
529 216
491 968
688 393
288 683
931 364
99 652
349 923
370 16
490 86
477 511
584 24
301 446
320 277
500 581
157 725
849 683
690 168
996 167
549 936
612 797
636 717
673 136
549 230
799 74
278 384
401 546
998 97
403 807
673 998
984 429
412 646
248 242
150 650
255 687
82 367
414 722
754 410
347 745
474 474
77 355
511 526
836 297
19 976
62 907
907 44
897 295
718 955
128 266
205 374
949 741
979 767
135 597
993 942
666 315
211 882
903 542
349 313
191 551
905 736
829 447
6 193
171 519
380 968
577 815
247 143
212 563
692 382
678 816
410 761
790 709
513 155
965 994
814 732
268 42
886 280
64 628
282 662
909 97
215 721
183 976
816 826
308 91
455 587
84 556
626 491
734 2
248 277
76 249
178 940
927 77
108 614
127 632
585 410
167 608
803 204
878 389
213 364
29 483
38 596
875 807
344 440
139 121
995 124
141 948
920 678
909 404
542 374
163 161
87 499
863 97
439 999
639 226
895 575
543 693
771 559
341 831
30 556
501 490
398 565
13 874
518 670
173 61
243 291
674 354
184 142
796 353
603 183
5 887
113 385
801 683
5 173
496 631
392 913
860 197
129 500
232 481
927 390
428 35
509 325
476 384
408 815
322 299
304 360
470 709
585 683
506 579
510 746
539 972
559 128
228 473
643 884
927 563
285 685
521 478
285 174
318 564
902 302
135 529
214 814
148 644
902 174
452 74
706 815
834 559
281 500
77 143
248 644
701 857
227 273
589 250
453 220
24 15
646 314
692 753
998 367
547 641
346 69
121 540
12 174
585 517
952 172
109 897
194 423
446 174
378 440
680 334
93 899
674 722
502 83
855 676
730 713
2 23
52 84
796 291
415 637
38 213
377 899
837 630
301 51
75 742
821 352
566 692
948 467
696 443
460 255
196 742
851 678
849 782
208 45
592 736
564 38
22 410
238 312
613 94
81 192
201 60
183 279
670 492
93 960
404 470
744 231
575 724
751 61
275 206
343 619
502 151
262 747
474 568
743 991
793 586
271 378
816 351
266 747
807 850
842 859
499 268
104 217
459 948
3 714
934 109
156 220
685 256
689 837
399 297
386 663
317 728
616 532
588 93
788 96
860 2
354 93
848 768
442 617
808 100
617 142
637 881
879 917
471 483
547 888
960 887
428 527
960 801
778 768
940 980
140 376
329 658
936 315
760 837
995 775
38 738
610 264
119 155
3 53
256 467
764 213
299 163
84 236
373 1
362 38
422 388
956 902
540 181
558 736
569 662
109 246
