3260
3251
3293
3234
3282
3274
3289
3297
3254
3297
3265
3313
3246
3267
3285
3286
3264
3283
3286
3309
3312
3274
3236
3262
3295
3240
3280
3297
3267
3284
3238
3258
3247
3270
3303
3342
3266
3281
3274
3311
3257
3298
3268
3270
3271
3306
3274
3309
3251
3258
3271
3292
3275
3277
3285
3280
3257
3285
3288
3271
3276
3277
3318
3272
3300
3262
3293
3301
3305
3264
3328
3254
3284
3272
3294
3226
3224
3276
3259
3323
3242
3305
3239
3237
3318
3312
3292
3329
3299
3265
3292
3262
3272
3221
3319
3284
3260
3280
3305
3289
3264
3270
3272
3299
3305
3299
3259
3278
3303
3246
3268
3281
3337
3294
3289
3321
3277
3266
3323
3335
3280
3304
3285
3275
3252
3293
3330
3318
3277
3266
3305
3219
3273
3278
3315
3220
3237
3267
3282
3295
3313
3270
3249
3320
3282
3295
3246
3327
3300
3284
3262
3316
3285
3233
3300
3298
3252
3268
3225
3256
3306
3313
3242
3295
3272
3273
3257
3292
3265
3277
3265
3227
3250
3310
3324
3279
3259
3263
3312
3268
3303
3284
3270
3256
3230
3319
3298
3327
3331
3279
3317
3276
3270
3296
3306
3225
3296
3264
3278
3321
3277
3302
3236
3232
3313
3305
3291
3220
3313
3215
3267
3283
3283
3328
3269
3291
3215
3280
3289
3269
3302
3259
3260
3285
3302
3238
3313
3285
3329
3291
3264
3310
3315
3276
3272
3302
3289
3257
3264
3259
3268
3295
3243
3241
3327
3301
3254
3279
3258
3302
3270
3253
3323
3234
3252
3259
3263
3269
3218
3335
3280
3231
3251
3290
3310
3274
3254
3255
3318
3260
3293
3263
3263
3255
3270
3255
3263
3270
3276
3225
3285
3233
3274
3297
3326
3254
3259
3317
3309
3289
3335
3299
3288
3290
3263
3272
3261
3227
3284
3283
3252
3241
3275
3304
3264
3257
3270
3308
3239
3247
3312
3262
3265
3269
3295
3278
3297
3314
3259
3285
3250
3221
3294
3287
3235
3256
3287
3275
3252
3256
3252
3313
3286
3224
3270
3271
3233
3248
3259
3279
3269
3248
3235
3255
3294
3336
3283
3248
3308
3267
3262
3260
3239
3243
3313
3221
3240
3273
3242
3285
3285
3305
3247
3265
3285
3295
3293
3280
3220
3316
3283
3296
3308
3309
3271
3292
3272
3307
3264
3259
3264
3245
3236
3314
3308
3264
3259
3266
3263
3263
3276
3287
3265
3318
3271
3270
3270
3304
3287
3283
3313
3311
3298
3271
3308
3243
3234
3235
3309
3294
3322
3282
3248
3305
3251
3309
3316
3264
3283
3249
3263
3255
3307
3290
3271
3275
3299
3278
3251
3249
3301
3287
3210
3249
3249
3336
3301
3265
3251
3327
3298
3292
3302
3267
3259
3264
3220
3255
3274
3300
3292
3306
3267
3255
3276
3269
3235
3314
3291
3244
3292
3266
3299
3284
3259
3291
3227
3276
3278
3258
3276
3249
3277
3336
3272
3286
3284
3280
3300
3266
3296
3310
3306
3250
3288
3254
3232
3286
3258
3291
3284
3277
3307
3327
3309
3244
3251
3240
3332
3227
3239
3276
3288
3267
3329
3303
3240
3263
3274
3270
3225
3226
3257
3272
3289
3315
3262
3216
3332
3281
3276
3301
3255
3245
3242
3295
3248
3256
3261
3238
3275
3305
3243
3290
3263
3213
3324
3227
3255
3269
3271
3251
3315
3290
3260
3290
3276
3284
3260
3305
3269
3250
3286
3264
3242
3264
3266
3335
3290
3242
3272
3278
3251
3312
3280
3282
3234
3285
3281
3288
3341
3288
3249
3321
3263
3289
3284
3310
3250
3283
3303
3247
3262
3283
3265
3274
3308
3256
3304
3310
3262
3262
3292
3309
3241
3302
3281
3291
3280
3250
3300
3300
3254
3308
3245
3333
3279
3271
3310
3271
3244
3270
3331
3279
3231
3260
3297
3277
3278
3217
3339
3298
3221
3252
3266
3283
3319
3218
3312
3319
3272
3249
3256
3276
3291
3251
3253
3241
3262
3282
3258
3259
3307
3300
3278
3308
3297
3313
3291
3299
3264
3290
3278
3323
3339
3253
3274
3286
3326
3300
3237
3248
3290
3299
3281
3267
3313
3237
3270
3273
3280
3303
3257
3267
3312
3299
3291
3227
3297
3289
3312
3282
3246
3267
3258
3299
3257
3243
3308
3238
3284
3235
3240
3272
3265
3270
3292
3261
3241
3327
3280
3277
3292
3301
3298
3258
3252
3246
3226
3235
3258
3289
3245
3290
3265
3253
3332
3247
3329
3292
3295
3329
3278
3303
3295
3276
3269
3276
3247
3259
3304
3277
3297
3325
3259
3301
3283
3260
3262
3282
3303
3286
3275
3233
3254
3288
3284
3218
3286
3307
3272
3269
3302
3223
3297
3301
3325
3280
3303
3331
3270
3234
3285
3225
3287
3215
3273
3330
3344
3252
3272
3245
3271
3263
3276
3279
3291
3239
3259
3264
3291
3249
3295
3251
3253
3276
3278
3243
3285
3278
3273
3286
3333
3258
3303
3285
3222
3272
3281
3310
3294
3294
3237
3271
3264
3307
3283
3256
3267
3299
3290
3297
3337
3276
3283
3312
3323
3255
3325
3303
3271
3247
3298
3252
3265
3251
3316
3263
3266
3303
3306
3270
3275
3290
3252
3299
3266
3303
3290
3288
3269
3291
3227
3292
3291
3268
3284
3279
3267
3286
3253
3215
3321
3285
3276
3262
3253
3263
3245
3254
3279
3225
3277
3307
3304
3290
3291
3226
3215
3219
3305
3297
3278
3267
3242
3288
3276
3300
3259
3284
3254
3308
3269
3323
3232
3287
3312
3260
3274
3286
3298
3282
3291
3287
3258
3303
3299
3270
3268
3280
3248
3264
3295
3226
3289
3282
3290
3232
3262
3303
3293
3291
3264
3241
3307
3230
3271
3297
3298
3249
3263
3252
3267
3314
3245
3304
3280
3292
3281
3271
3282
3298
3239
3303
3280
3282
3285
3226
3310
3255
3292
3260
3317
3283
3307
3218
3235
3310
3320
3261
3278
3266
3322
3279
3271
3296
3279
3246
3298
3281
3292
3230
3278
3271
3226
3303
3256
3281
3282
3273
3297
3260
3270
3241
3298
3295
3241
3290
3288
3302
3286
3266
3311
3232
3284
3248
3255
3279
3317
3255
3263
3269
3262
3241
3286
3307
3259
3292
3244
3323
3228
3272
3258
3278
3264
3250
3264
3254
3240
3263
3288
3291
3277
3259
3296
3295
3293
3327
3300
3285
3271
3237
3277
3264
3262
3293
3237
3241
3300
3256
3291
3273
3288
3297
3276
3276
3321
3292
3263
3252
3320
3266
3221
3286
3226
3315
3282
3326
3258
3261
3277
3282
3297
3273
3260
3290
3273
3291
3260
3274
3257
3309
3234
3240
3303
3244
3285
3293
3255
3301
3268
3321
3269
3271
3275
3295
3286
3319
3292
3269
3288
3268
3232
3263
3281
3263
3317
3276
3248
3238
3274
3278
3264
3235
3236
3287
3271
3280
3275
3265
3275
3277
3306
3320
3228
3340
3282
3252
3308
3275
3295
3255
3294
3286
3265
3285
3239
3247
3281
3243
3269
3239
3278
3304
3238
3304
3258
3290
3321
3280
3300
3263
3281
3250
3282
3286
3247
3267
3283
3275
3319
3237
3300
3270
3271
3241
3290
3228
3319
3233
3262
3293
3292
3272
3264
3334
3293
3248
3302
3248
3244
3302
3293
3287
3278
3296
3269
3261
3308
3280
3228
3228
3264
3303
3340
3229
3317
3247
3259
3261
3294
3269
3316
3267
3270
3275
3290
3292
3284
3335
3280
3266
3282
3284
3274
3258
3263
3304
3241
3253
3284
3272
3269
3306
3285
3289
3247
3276
3267
3302
3230
3274
3254
3252
3262
3301
3266
3218
3288
3241
3289
3252
3275
3251
3253
3224
3245
3285
3334
3221
3337
3239
3283
3313
3325
3308
3273
3308
3321
3343
3292
3316
3301
3240
3270
3261
3250
3334
3311
3281
3293
3293
3265
3277
3274
3239
3248
3276
3284
3303
3281
3265
3256
3316
3261
3268
3299
3315
3309
3243
3278
3246
3268
3269
3275
3300
3313
3258
3276
3325
3257
3320
3308
3283
3268
3248
3310
3255
3258
3312
3287
3271
3215
3285
3316
3329
3282
3290
3296
3269
3311
3283
3329
3277
3326
3256
3254
3320
3247
3286
3266
3335
3228
3218
3253
3229
3226
3240
3232
3231
3283
3310
3286
3274
3301
3272
3288
3290
3288
3295
3219
3274
3298
3311
3293
3318
3303
3315
3229
3240
3285
3316
3261
3243
3259
3304
3282
3259
3325
3273
3310
3257
3277
3268
3262
3267
3287
3297
3237
3297
3333
3285
3248
3303
3296
3278
3286
3282
3301
3273
3271
3253
3277
3298
3298
3324
3279
3302
3264
3306
3222
3312
3303
3288
3226
3278
3287
3305
3272
3328
3288
3254
3290
3291
3272
3267
3314
3288
3261
3274
3258
3289
3236
3297
3302
3239
3273
3283
3294
3283
3257
3253
3262
3265
3313
3331
3295
3263
3275
3293
3260
3291
3284
3264
3230
3309
3294
3326
3270
3328
3333
3291
3303
3284
3325
3306
3252
3301
3283
3250
3240
3284
3314
3312
3290
3298
3301
3296
3302
3245
3255
3277
3279
3320
3232
3315
3291
3233
3237
3229
3274
3292
3278
3279
3284
3228
3289
3257
3304
3258
3288
3275
3289
3246
3285
3280
3308
3272
3260
3289
3335
3282
3285
3312
3268
3299
3298
3295
3285
3305
3269
3242
3305
3272
3278
3243
3285
3303
3253
3278
3320
3284
3331
3270
3313
3239
3272
3234
3264
3324
3285
3306
3251
3296
3293
3237
3303
3238
3300
3264
3261
3284
3280
3342
3304
3330
3255
3262
3283
3276
3288
3248
3326
3311
3287
3269
3303
3255
3305
3286
3276
3257
3271
3270
3264
3246
3275
3293
3295
3250
3269
3285
3262
3267
3278
3268
3292
3292
3270
3332
3227
3248
3230
3300
3291
3322
3345
3301
3254
3275
3294
3260
3301
3240
3305
3306
3219
3260
3275
3250
3326
3329
3268
3239
3281
3264
3239
3304
3285
3290
3250
3221
3259
3331
3281
3332
3246
3262
3308
3325
3283
3260
3290
3268
3301
3288
3261
3273
3318
3257
3266
3298
3279
3305
3254
3251
3262
3263
3274
3255
3301
3276
3265
3263
3309
3296
3316
3300
3251
3275
3301
3260
3287
3254
3265
3255
3252
3237
3278
3318
3222
3292
3245
3296
3259
3310
3213
3293
3228
3267
3299
3241
3302
3306
3309
3283
3258
3299
3295
3244
3292
3277
3299
3286
3289
3278
3312
3287
3251
3281
3249
3294
3252
3292
3253
3281
3299
3293
3268
3287
3280
3240
3237
3271
3293
3270
3253
3257
3280
3318
3272
3299
3274
3285
3288
3291
3274
3295
3277
3336
3276
3305
3244
3271
3251
3247
3297
3273
3289
3307
3262
3293
3294
3302
3234
3273
3315
3266
3290
3318
3302
3276
3228
3251
3287
3296
3276
3228
3278
3317
3263
3238
3285
3229
3243
3301
3308
3304
3283
3256
3260
3265
3290
3297
3288
3320
3280
3274
3257
3265
3247
3257
3256
3259
3298
3271
3264
3319
3274
3258
3263
3212
3273
3282
3233
3288
3301
3329
3271
3246
3281
3280
3273
3324
3255
3287
3280
3290
3279
3285
3271
3298
3258
3289
3276
3309
3310
3272
3255
3249
3312
3258
3306
3295
3261
3324
3321
3310
3269
3291
3253
3252
3252
3278
3287
3321
3323
3299
3292
3243
3296
3250
3290
3245
3217
3296
3251
3295
3259
3298
3318
3258
3302
3313
3303
3301
3263
3242
3285
3249
3252
3276
3308
3283
3292
3237
3212
3269
3259
3264
3287
3271
3335
3266
3288
3281
3228
3264
3320
3286
3242
3295
3219
3281
3237
3275
3255
3250
3223
3262
3239
3260
3253
3247
3267
3304
3261
3246
3257
3276
3274
3231
3252
3285
3302
3293
3310
3272
3297
3289
3249
3238
3247
3232
3271
3266
3260
3264
3283
3293
3294
3318
3304
3268
3245
3264
3274
3244
3217
3260
3300
3249
3251
3313
3279
3337
3266
3255
3281
3234
3296
3226
3272
3329
3272
3282
3259
3274
3325
3245
3239
3260
3311
3310
3277
3266
3295
3300
3250
3303
3316
3279
3329
3281
3299
3256
3272
3287
3288
3269
3221
3285
3268
3321
3266
3282
3278
3269
3241
3297
3296
3259
3269
3270
3288
3315
3273
3329
3249
3263
3280
3245
3237
3316
3267
3294
3323
3256
3279
3300
3261
3294
3271
3300
3269
3290
3269
3247
3274
3312
3259
3262
3282
3287
3295
3289
3271
3239
3276
3314
3255
3255
3242
3324
3278
3282
3299
3319
3276
3283
3247
3305
3299
3273
3267
3238
3258
3320
3262
3267
3295
3300
3291
3318
3263
3294
3279
3291
3251
3247
3271
3271
3280
3275
3260
3285
3290
3223
3238
3297
3263
3258
3333
3283
3283
3299
3258
3270
3335
3239
3278
3310
3256
3264
3260
3308
3308
3271
3271
3215
3286
3250
3289
3258
3281
3246
3270
3263
3294
3289
3311
3257
3271
3263
3321
3268
3280
3303
3291
3270
3282
3260
3251
3282
3280
3251
3292
3259
3269
3327
3234
3298
3286
3243
3300
3270
3272
3296
3267
3263
3266
3257
3297
3256
3220
3278
3292
3253
3271
3332
3216
3222
3238
3327
3243
3287
3210
3216
3280
3312
3285
3266
3281
3276
3323
3286
3299
3289
3248
3315
3312
3268
3309
3265
3252
3257
3275
3293
3290
3224
3290
3268
3238
3269
3310
3261
3317
3278
3283
3308
3276
3249
3238
3316
3299
3344
3297
3220
3267
3322
3271
3284
3270
3289
3288
3284
3261
3305
3267
3282
3279
3230
3247
3247
3278
3268
3289
3268
3288
3295
3256
3305
3300
3281
3345
3267
3308
3296
3312
3266
3276
3290
3290
3298
3270
3248
3290
3282
3245
3308
3232
3220
3278
3308
3262
3289
3241
3259
3291
3272
3281
3251
3291
3222
3330
3282
3263
3242
3245
3280
3263
3302
3256
3261
3294
3307
3282
3273
3263
3288
3290
3275
3224
3281
3267
3330
3258
3269
3328
3289
3302
3250
3277
3331
3265
3245
3288
3300
3239
3267
3275
3300
3280
3247
3239
3290
3291
3262
3302
3293
3271
3248
3256
3301
3298
3251
3224
3289
3252
3255
3277
3256
3265
3302
3233
3277
3249
3263
3258
3295
3219
3276
3242
3235
3283
3288
3278
3264
3301
3267
3301
3336
3264
3272
3246
3267
3323
3327
3277
3244
3290
3329
3290
3229
3290
3297
3248
3268
3279
3292
3294
3279
3288
3283
3302
3311
3308
3289
3276
3266
3310
3290
3254
3239
3276
3218
3260
3250
3231
3278
3304
3296
3269
3323
3333
3245
3328
3274
3259
3298
3273
3314
3300
3325
3265
3224
3305
3286
3302
3258
3284
3296
3286
3250
3264
3287
3259
3253
3306
3245
3251
3294
3300
3314
3260
3254
3280
3279
3263
3307
3273
3336
3241
3255
3284
3334
3276
3300
3273
3279
3271
3319
3231
3253
3301
3252
3256
3283
3220
3299
3328
3236
3297
3233
3296
3323
3257
3272
3264
3260
3272
3316
3218
3240
3213
3255
3244
3261
3298
3283
3258
3248
3251
3269
3303
3285
3340
3293
3243
3269
3293
3274
3240
3301
3320
3276
3283
3260
3320
3273
3282
3306
3262
3279
3297
3287
3246
3260
3283
3250
3278
3232
3228
3289
3283
3275
3259
3267
3266
3273
3250
3254
3298
3276
3295
3292
3323
3284
3284
3287
3319
3264
3266
3269
3310
3303
3220
3276
3290
3290
3257
3289
3320
3254
3312
3261
3266
3286
3243
3247
3305
3276
3326
3259
3303
3309
3262
3252
3293
3272
3265
3254
3245
3290
3288
3240
3270
3258
3240
3250
3256
3274
3279
3330
3226
3319
3298
3267
3297
3305
3238
3270
3251
3298
3308
3259
3281
3292
3309
3250
3245
3321
3254
3244
3264
3277
3303
3270
3267
3279
3271
3301
3296
3277
3248
3270
3282
3243
3293
3282
3266
3266
3285
3251
3286
3312
3261
3318
3260
3247
3295
3309
3216
3274
3254
3274
3248
3256
3302
3302
3278
3246
3262
3291
3277
3294
3263
3230
3284
3281
3276
3290
3262
3223
3304
3257
3223
3260
3258
3321
3232
3267
3262
3254
3270
3273
3257
3274
3266
3275
3276
3317
3299
3242
3296
3277
3288
3267
3264
3248
3268
3245
3286
3235
3326
3240
3245
3248
3242
3280
3290
3250
3293
3296
3262
3216
3298
3259
3259
3278
3265
3268
3308
3285
3266
3289
3251
3253
3256
3280
3295
3287
3264
3269
3299
3221
3256
3277
3253
3306
3255
3253
3289
3294
3290
3251
3314
3252
3244
3251
3226
3239
3254
3278
3313
3309
3303
3244
3257
3286
3267
3294
3300
3252
3272
3266
3283
3304
3328
3264
3333
3322
3259
3306
3300
3299
3218
3301
3249
3304
3256
3277
3275
3229
3278
3286
3260
3286
3296
3297
3260
3311
3269
3305
3250
3226
3269
3296
3321
3294
3230
3269
3312
3275
3255
3243
3316
3282
3225
3281
3249
3319
3271
3291
3261
3322
3286
3264
3275
3259
3256
3307
3296
3270
3268
3261
3271
3276
3270
3295
3260
3309
3235
3289
3243
3268
3288
3298
3301
3285
3253
3220
3294
3241
3231
3276
3319
3278
3268
3319
3290
3299
3274
3252
3323
3282
3338
3273
3269
3260
3270
3286
3232
3315
3243
3246
3238
3293
3265
3283
3333
3249
3315
3262
3281
3283
3312
3262
3275
3258
3313
3252
3290
3251
3232
3274
3266
3235
3248
3261
3270
3285
3280
3272
3270
3287
3259
3244
3285
3244
3252
3233
3325
3308
3283
3303
3313
3280
3270
3239
3251
3327
3251
3225
3276
3253
3293
3287
3248
3271
3267
3285
3268
3236
3280
3263
3255
3249
3287
3278
3274
3281
3293
3334
3246
3303
3256
3310
3254
3300
3299
3280
3293
3281
3308
3266
3332
3275
3303
3292
3280
3270
3231
3259
3240
3299
3295
3311
3297
3307
3280
3250
3301
3298
3234
3286
3294
3297
3312
3337
3293
3288
3260
3252
3318
3285
3270
3288
3288
3212
3290
3289
3245
3253
3254
3262
3249
3248
3313
3281
3247
3270
3241
3299
3268
3330
3258
3257
3255
3224
3286
3309
3239
3288
3268
3240
3285
3299
3244
3286
3263
3267
3329
3278
3266
3236
3281
3271
3329
3305
3245
3271
3301
3323
3314
3257
3302
3252
3252
3266
3260
3295
3319
3260
3228
3258
3343
3276
3275
3244
3262
3316
3258
3281
3272
3261
3305
3296
3236
3328
3316
3315
3294
3286
3308
3311
3283
3310
3319
3276
3272
3272
3237
3279
3290
3310
3288
3345
3307
3323
3296
3291
3230
3214
3281
3256
3261
3266
3275
3242
3258
3270
3285
3293
3243
3264
3246
3258
3343
3267
3309
3247
3271
3260
3290
3269
3248
3300
3302
3259
3292
3328
3294
3269
3239
3273
3255
3265
3336
3287
3264
3281
3290
3313
3287
3267
3273
3297
3259
3259
3293
3239
3244
3307
3339
3283
3290
3252
3297
3282
3296
3254
3268
3248
3312
3303
3235
3302
3273
3264
3262
3254
3280
3299
3291
3316
3268
3275
3245
3254
3211
3229
3291
3260
3268
3267
3334
3256
3306
3307
3279
3286
3267
3306
3271
3270
3288
3275
3293
3262
3316
3259
3281
3287
3262
3257
3283
3294
3294
3266
3279
3281
3258
3290
3266
3303
3303
3306
3256
3234
3289
3308
3238
3260
3309
3311
3315
3260
3307
3290
3252
3317
3257
3280
3249
3289
3245
3242
3243
3306
3298
3298
3314
3269
3267
3295
3299
3312
3298
3291
3317
3292
3292
3284
3299
3273
3310
3320
3235
3237
3232
3293
3312
3225
3244
3285
3275
3253
3262
3262
3285
3233
3306
3260
3324
3247
3228
3290
3243
3288
3305
3310
3272
3319
3280
3316
3244
3258
3285
3296
3305
3306
3293
3282
3332
3221
3235
3317
3215
3279
3274
3320
3265
3270
3236
3228
3261
3267
3295
3311
3299
3327
3301
3292
3286
3212
3255
3263
3307
3285
3260
3262
3248
3323
3279
3311
3280
3246
3277
3263
3249
3265
3258
3313
3297
3297
3313
3291
3260
3307
3294
3270
3299
3304
3257
3306
3251
3281
3293
3263
3270
3220
3292
3277
3267
3316
3265
3283
3295
3321
3284
3284
3270
3305
3258
3311
3264
3284
3267
3258
3268
3298
3272
3292
3258
3301
3270
3255
3268
3212
3239
3303
3212
3275
3288
3275
3338
3306
3263
3259
3255
3263
3258
3290
3307
3230
3242
3277
3299
3289
3224
3286
3238
3219
3313
3283
3294
3250
3288
3240
3237
3264
3304
3289
3275
3316
3281
3256
3275
3301
3234
3294
3269
3271
3282
3258
3312
3296
3266
3322
3269
3300
3264
3327
3311
3312
3282
3262
3292
3272
3258
3276
3287
3256
3302
3310
3307
3227
3305
3309
3260
3292
3271
3264
3297
3308
3267
3285
3336
3306
3280
3258
3302
3309
3239
3294
3264
3270
3312
3311
3280
3261
3296
3283
3285
3256
3238
3290
3232
3325
3286
3244
3270
3276
3306
3286
3253
3261
3302
3302
3304
3301
3328
3280
3284
3285
3266
3252
3254
3252
3330
3276
3289
3250
3288
3284
3259
3223
3302
3314
3226
3269
3242
3292
3279
3246
3298
3260
3233
3299
3263
3313
3277
3304
3276
3228
3297
3272
3266
3269
3288
3245
3283
3300
3267
3280
3288
3294
3248
3303
3249
3274
3276
3331
3263
3306
3289
3277
3281
3292
3329
3298
3252
3247
3301
3230
3279
3239
3287
3233
3216
3286
3259
3287
3305
3238
3299
3277
3240
3293
3293
3259
3274
3283
3234
3260
3306
3257
3295
3333
3263
3264
3279
3260
3271
3314
3246
3299
3252
3277
3279
3284
3303
3328
3280
3243
3283
3326
3279
3261
3279
3277
3304
3271
3214
3260
3317
3261
3230
3248
3285
3249
3323
3306
3255
3227
3241
3234
3280
3256
3266
3266
3271
3277
3304
3312
3287
3274
3280
3244
3260
3274
3292
3241
3276
3274
3290
3248
3317
3271
3275
3225
3308
3300
3269
3276
3298
3259
3246
3227
3264
3280
3263
3308
3327
3305
3253
3248
3255
3246
3245
3257
3279
3289
3288
3257
3282
3263
3231
3310
3264
3297
3291
3280
3244
3286
3271
3295
3253
3270
3263
3302
3281
3282
3235
3295
3288
3241
3270
3332
3253
3256
3292
3268
3277
3236
3244
3283
3275
3337
3239
3293
3261
3307
3262
3256
3301
3226
3269
3295
3242
3288
3270
3274
3262
3265
3296
3297
3249
3310
3313
3332
3284
3253
3284
3281
3253
3283
3285
3330
3223
3316
3259
3242
3272
3292
3290
3255
3262
3222
3273
3333
3266
3238
3272
3260
3269
3309
3238
3298
3304
3262
3240
3279
3274
3264
3296
3325
3290
3271
3306
3282
3281
3239
3277
3296
3311
3304
3312
3265
3272
3271
3269
3297
3306
3243
3265
3265
3340
3291
3253
3281
3296
3309
3262
3273
3300
3280
3261
3258
3236
3306
3227
3272
3253
3325
3305
3278
3318
3250
3296
3285
3252
3262
3296
3267
3297
3273
3285
3280
3249
3293
3250
3293
3286
3331
3313
3264
3261
3231
3284
3259
3287
3254
3270
3256
3253
3294
3269
3274
3312
3293
3307
3298
3273
3272
3329
3327
3320
3311
3252
3264
3286
3255
3267
3309
3325
3274
3240
3236
3237
3254
3314
3293
3248
3263
3309
3262
3265
3277
3281
3243
3297
3305
3247
3258
3314
3227
3270
3298
3298
3225
3282
3283
3318
3290
3245
3260
3293
3247
3291
3226
3292
3301
3337
3285
3275
3291
3286
3233
3310
3302
3271
3299
3287
3298
3290
3259
3314
3262
3243
3289
3279
3305
3316
3261
3248
3250
3257
3250
3280
3312
3266
3291
3269
3267
3278
3268
3241
3276
3311
3278
3317
3242
3227
3255
3259
3273
3271
3283
3290
3282
3275
3272
3257
3237
3281
3329
3279
3310
3311
3273
3297
3272
3237
3292
3242
3229
3251
3249
3308
3283
3327
3269
3261
3292
3283
3266
3281
3273
3323
3314
3291
3280
3282
3333
3283
3232
3286
3280
3308
3312
3294
3261
3263
3225
3249
3231
3303
3241
3239
3287
3230
3301
3288
3240
3320
3291
3271
3278
3282
3265
3282
3255
3267
3301
3302
3303
3325
3260
3274
3309
3275
3289
3261
3271
3303
3298
3283
3242
3241
3299
3287
3291
3262
3341
3250
3222
3280
3275
3274
3289
3291
3306
3283
3289
3235
3270
3265
3267
3290
3243
3262
3298
3244
3325
3261
3307
3250
3285
3299
3242
3327
3254
3280
3278
3305
3277
3211
3301
3304
3272
3273
3260
3267
3307
3236
3304
3228
3262
3296
3289
3331
3240
3297
3300
3259
3326
3273
3257
3307
3309
3311
3284
3273
3280
3299
3275
3309
3266
3262
3294
3266
3293
3245
3264
3277
3274
3247
3307
3235
3235
3238
3294
3310
3339
3276
3307
3280
3257
3270
3263
3255
3237
3273
3281
3256
3337
3271
3257
3280
3234
3269
3271
3262
3278
3283
3277
3269
3323
3289
3276
3330
3228
3230
3260
3272
3307
3270
3318
3320
3261
3230
3292
3274
3277
3335
3248
3282
3297
3233
3250
3231
3299
3284
3279
3249
3265
3221
3312
3289
3271
3284
3267
3290
3257
3265
3267
3283
3257
3274
3273
3327
3299
3309
3303
3294
3252
3308
3329
3265
3280
3288
3256
3258
3253
3263
3242
3245
3285
3271
3258
3283
3259
3318
3264
3266
3299
3288
3286
3276
3271
3290
3288
3241
3297
3274
3280
3309
3271
3309
3293
3261
3257
3260
3280
3293
3275
3294
3222
3294
3252
3292
3303
3300
3307
3279
3300
3230
3290
3260
3250
3275
3308
3314
3298
3242
3286
3258
3276
3315
3325
3300
3253
3245
3317
3318
3267
3277
3295
3292
3263
3250
3316
3237
3299
3324
3246
3244
3237
3314
3262
3300
3264
3260
3250
3226
3282
3234
3308
3269
3279
3309
3290
3250
3256
3274
3267
3284
3240
3286
3259
3250
3278
3240
3274
3322
3330
3257
3281
3270
3285
3282
3281
3280
3312
3263
3287
3289
3242
3274
3252
3284
3294
3316
3294
3287
3264
3339
3312
3261
3287
3298
3248
3286
3257
3286
3232
3254
3268
3263
3250
3238
3322
3306
3317
3308
3268
3297
3258
3272
3242
3299
3252
3244
3248
3298
3246
3263
3246
3339
3271
3302
3325
3297
3312
3293
3250
3255
3264
3287
3274
3249
3263
3263
3278
3297
3312
3251
3265
3307
3293
3227
3290
3265
3283
3283
3275
3275
3298
3248
3317
3276
3303
3228
3321
3302
3282
3294
3300
3275
3259
3259
3306
3280
3244
3278
3266
3267
3252
3304
3265
3277
3289
3311
3330
3231
3218
3300
3241
3282
3307
3302
3248
3314
3289
3219
3238
3231
3285
3230
3303
3307
3247
3295
3294
3278
3289
3248
3225
3270
3297
3248
3275
3265
3331
3339
3233
3243
3289
3295
3252
3295
3297
3261
3237
3260
3283
3254
3251
3270
3281
3325
3250
3283
3315
3319
3282
3264
3295
3264
3272
3304
3313
3319
3294
3264
3279
3257
3231
3312
3256
3252
3253
3288
3308
3262
3297
3257
3308
3276
3263
3310
3270
3273
3285
3261
3304
3304
3301
3284
3258
3266
3266
3293
3284
3325
3255
3280
3268
3256
3258
3244
3258
3311
3301
3290
3262
3238
3314
3305
3237
3289
3247
3268
3345
3299
3248
3339
3290
3279
3259
3327
3296
3277
3278
3259
3302
3262
3224
3267
3247
3320
3250
3264
3274
3277
3235
3248
3284
3225
3247
3309
3325
3255
3289
3301
3282
3318
3260
3308
3311
3303
3273
3312
3298
3269
3247
3264
3304
3255
3287
3297
3285
3283
3260
3247
3271
3262
3318
3271
3279
3264
3294
3287
3256
3271
3259
3252
3275
3262
3312
3255
3307
3294
3294
3296
3248
3255
3293
3252
3326
3283
3228
3294
3311
3250
3233
3261
3226
3252
3312
3290
3294
3245
3289
3264
3253
3281
3275
3279
3252
3221
3282
3246
3239
3229
3252
3274
3275
3272
3243
3273
3269
3242
3241
3220
3281
3254
3253
3320
3309
3299
3300
3299
3276
3330
3246
3246
3308
3277
3248
3258
3268
3262
3295
3295
3253
3291
3288
3258
3285
3273
3290
3261
3253
3255
3297
3282
3251
3307
3253
3279
3266
3267
3220
3311
3253
3291
3269
3280
3286
3245
3333
3256
3304
3258
3243
3265
3268
3276
3286
3294
3303
3265
3235
3253
3327
3295
3273
3269
3300
3274
3297
3247
3289
3342
3267
3247
3276
3290
3305
3233
3298
3271
3308
3287
3237
3308
3258
3294
3299
3248
3263
3273
3336
3282
3245
3282
3275
3263
3331
3284
3294
3269
3274
3305
3220
3260
3314
3240
3249
3229
3257
3267
3336
3285
3235
3280
3275
3288
3239
3277
3281
3248
3315
3257
3284
3267
3283
3283
3245
3255
3311
3298
3241
3272
3268
3298
3322
3280
3250
3229
3288
3295
3250
3261
3279
3295
3313
3240
3279
3301
3241
3300
3274
3282
3234
3293
3290
3316
3273
3245
3305
3322
3331
3241
3269
3261
3299
3261
3246
3306
3289
3269
3276
3328
3268
3251
3253
3278
3269
3270
3256
3332
3271
3258
3311
3268
3302
3291
3210
3227
3283
3273
3297
3282
3282
3293
3308
3309
3273
3317
3326
3270
3319
3254
3233
3321
3261
3339
3230
3286
3294
3263
3274
3284
3250
3298
3261
3298
3268
3267
3298
3293
3274
3241
3326
3259
3290
3267
3265
3278
3253
3279
3320
3282
3259
3304
3293
3287
3279
3248
3326
3299
3233
3243
3309
3276
3296
3304
3285
3294
3226
3294
3287
3236
3262
3288
3254
3240
3256
3315
3295
3302
3244
3310
3274
3284
3300
3281
3282
3305
3230
3288
3284
3302
3260
3228
3271
3230
3248
3233
3306
3266
3272
3286
3221
3306
3239
3291
3278
3316
3251
3269
3256
3242
3302
3265
3322
3290
3297
3258
3276
3327
3299
3282
3276
3291
3274
3333
3236
3289
3272
3272
3299
3264
3299
3259
3307
3273
3269
3278
3250
3285
3266
3264
3328
3252
3333
3265
3293
3291
3269
3223
3298
3280
3226
3274
3300
3311
3281
3298
3301
3263
3312
3278
3253
3281
3269
3322
3247
3245
3301
3236
3276
3216
3239
3298
3282
3261
3301
3300
3337
3305
3308
3315
3332
3301
3289
3285
3301
3243
3276
3327
3299
3245
3339
3311
3241
3319
3297
3328
3306
3289
3292
3307
3307
3292
3303
3288
3271
3232
3281
3300
3271
3295
3296
3298
3297
3239
3256
3295
3232
3286
3315
3264
3280
3276
3265
3288
3274
3226
3247
3302
3226
3301
3275
3290
3249
3259
3291
3298
3288
3273
3303
3285
3271
3260
3314
3259
3283
3235
3276
3311
3295
3305
3319
3325
3333
3315
3247
3240
3210
3287
3261
3226
3277
3259
3294
3257
3297
3312
3294
3313
3280
3276
3255
3242
3274
3279
3213
3291
3256
3282
3297
3272
3275
3241
3274
3301
3323
3255
3305
3273
3306
3227
3221
3293
3301
3294
3284
3273
3328
3266
3326
3243
3300
3242
3242
3312
3239
3258
3323
3285
3254
3292
3274
3251
3317
3280
3229
3266
3250
3343
3284
3227
3282
3261
3299
3311
3258
3298
3270
3278
3330
3283
3253
3252
3312
3268
3325
3278
3230
3263
3272
3273
3284
3242
3268
3302
3295
3296
3255
3260
3257
3290
3289
3254
3303
