1553
1568
1566
1574
1599
1560
1554
1566
1554
1585
1543
1523
1571
1551
1582
1537
1550
1531
1527
1560
1552
1564
1547
1539
1577
1589
1549
1558
1567
1564
1601
1563
1554
1541
1577
1568
1562
1559
1572
1531
1554
1571
1522
1576
1533
1536
1568
1559
1534
1574
1575
1546
1524
1581
1604
1575
1573
1600
1542
1569
1546
1576
1579
1576
1581
1568
1528
1534
1545
1528
1551
1562
1572
1583
1536
1556
1576
1557
1590
1551
1537
1537
1567
1560
1561
1569
1555
1586
1554
1551
1549
1552
1537
1578
1567
1580
1550
1526
1580
1539
1537
1518
1587
1587
1563
1549
1554
1560
1565
1553
1567
1555
1577
1557
1547
1528
1565
1544
1548
1554
1541
1548
1559
1591
1566
1537
1570
1562
1578
1568
1576
1560
1568
1551
1530
1558
1561
1553
1564
1540
1538
1542
1599
1551
1544
1559
1545
1572
1583
1551
1583
1580
1562
1580
1525
1546
1565
1540
1588
1558
1563
1547
1555
1567
1541
1577
1560
1549
1571
1525
1559
1558
1558
1583
1570
1586
1557
1575
1537
1525
1563
1547
1548
1536
1532
1540
1534
1549
1557
1567
1567
1549
1569
1532
1577
1568
1548
1536
1570
1563
1573
1564
1556
1568
1520
1534
1559
1527
1533
1560
1547
1591
1550
1552
1562
1556
1540
1542
1576
1565
1539
1557
1546
1539
1567
1567
1538
1567
1555
1556
1532
1578
1526
1574
1554
1594
1552
1537
1541
1585
1553
1551
1581
1557
1585
1544
1577
1544
1580
1595
1543
1544
1563
1551
1531
1557
1542
1557
1561
1539
1572
1569
1535
1559
1576
1578
1554
1526
1535
1541
1565
1563
1588
1608
1539
1551
1524
1563
1567
1573
1580
1562
1571
1538
1548
1581
1537
1577
1537
1561
1567
1570
1534
1552
1564
1557
1539
1573
1548
1586
1555
1568
1546
1572
1536
1561
1561
1582
1572
1551
1537
1530
1588
1532
1586
1547
1582
1583
1568
1560
1545
1590
1569
1573
1564
1529
1554
1566
1552
1539
1522
1558
1526
1561
1543
1554
1581
1552
1556
1581
1576
1559
1561
1545
1555
1537
1588
1553
1547
1560
1569
1546
1581
1558
1559
1535
1567
1579
1565
1532
1589
1595
1573
1535
1545
1591
1552
1529
1540
1574
1587
1560
1570
1567
1534
1560
1554
1577
1531
1580
1578
1590
1553
1564
1586
1573
1586
1538
1553
1570
1530
1542
1568
1535
1562
1570
1538
1558
1524
1583
1571
1552
1583
1575
1552
1577
1569
1532
1565
1573
1549
1549
1558
1534
1590
1548
1521
1579
1544
1569
1541
1561
1576
1578
1554
1574
1578
1541
1543
1577
1547
1583
1605
1563
1545
1576
1570
1571
1584
1585
1608
1589
1563
1531
1542
1532
1529
1578
1566
1523
1584
1557
1596
1570
1524
1571
1565
1522
1563
1581
1558
1605
1568
1530
1583
1572
1565
1592
1545
1570
1552
1590
1572
1550
1555
1583
1558
1567
1593
1523
1565
1598
1545
1542
1577
1543
1541
1558
1531
1592
1569
1582
1578
1559
1602
1583
1558
1549
1561
1565
1570
1576
1585
1566
1563
1551
1563
1539
1550
1584
1565
1566
1578
1570
1584
1551
1581
1543
1551
1561
1566
1558
1595
1543
1558
1573
1559
1578
1599
1548
1577
1530
1591
1574
1540
1550
1538
1567
1534
1554
1572
1594
1525
1584
1568
1597
1522
1558
1586
1561
1554
1549
1531
1571
1545
1522
1571
1536
1566
1550
1574
1601
1547
1571
1554
1571
1570
1563
1557
1518
1577
1579
1558
1578
1578
1527
1598
1582
1561
1556
1560
1541
1544
1562
1571
1578
1548
1574
1536
1565
1530
1596
1563
1572
1531
1579
1542
1586
1570
1567
1573
1567
1530
1546
1563
1571
1543
1578
1584
1550
1566
1563
1587
1560
1558
1579
1537
1542
1563
1574
1568
1526
1542
1548
1598
1575
1532
1572
1608
1563
1539
1574
1544
1585
1571
1578
1551
1574
1558
1575
1571
1569
1572
1551
1571
1565
1547
1569
1556
1556
1576
1570
1574
1565
1546
1578
1553
1537
1588
1596
1533
1569
1517
1530
1578
1558
1558
1544
1529
1569
1549
1540
1558
1571
1582
1560
1590
1519
1558
1549
1588
1582
1549
1547
1535
1577
1553
1557
1584
1565
1564
1558
1551
1575
1542
1598
1574
1543
1563
1563
1579
1599
1566
1595
1591
1565
1555
1548
1606
1557
1549
1552
1532
1559
1563
1558
1588
1573
1562
1600
1552
1587
1530
1594
1556
1550
1538
1531
1564
1534
1521
1550
1603
1568
1558
1536
1541
1551
1558
1540
1588
1530
1546
1565
1535
1590
1563
1580
1588
1566
1558
1556
1543
1559
1525
1554
1585
1610
1561
1553
1548
1548
1577
1581
1537
1572
1550
1575
1588
1558
1579
1527
1570
1598
1566
1581
1538
1554
1525
1567
1568
1573
1566
1521
1538
1560
1532
1523
1561
1561
1594
1563
1571
1549
1568
1556
1593
1561
1585
1570
1560
1573
1557
1541
1572
1555
1574
1550
1557
1559
1550
1535
1572
1571
1588
1534
1543
1574
1563
1548
1592
1563
1552
1580
1533
1545
1565
1531
1545
1543
1576
1563
1595
1567
1555
1551
1559
1561
1597
1583
1574
1562
1571
1535
1538
1541
1572
1587
1571
1525
1531
1594
1588
1575
1553
1567
1572
1530
1543
1553
1539
1573
1558
1531
1530
1593
1559
1549
1547
1576
1509
1560
1545
1552
1536
1541
1580
1574
1580
1562
1581
1541
1559
1591
1597
1556
1560
1537
1580
1547
1577
1586
1581
1557
1553
1549
1567
1554
1579
1561
1563
1575
1581
1589
1579
1560
1541
1543
1577
1558
1559
1535
1547
1525
1589
1555
1527
1546
1561
1548
1598
1564
1558
1547
1541
1559
1544
1545
1577
1573
1572
1611
1591
1533
1532
1571
1561
1576
1564
1543
1573
1577
1568
1583
1572
1558
1584
1563
1581
1550
1558
1538
1554
1566
1575
1563
1585
1543
1594
1556
1559
1531
1539
1566
1518
1578
1556
1560
1566
1565
1589
1582
1537
1554
1579
1588
1553
1527
1563
1550
1536
1561
1557
1549
1574
1547
1541
1561
1566
1554
1547
1557
1587
1573
1576
1548
1591
1566
1580
1577
1533
1601
1542
1587
1567
1549
1529
1570
1566
1572
1530
1560
1579
1531
1546
1558
1544
1533
1568
1550
1538
1571
1565
1566
1557
1594
1525
1562
1555
1566
1549
1551
1583
1569
1569
1579
1553
1590
1571
1582
1585
1559
1527
1588
1559
1578
1579
1554
1573
1557
1560
1558
1578
1531
1540
1550
1581
1570
1599
1593
1573
1541
1560
1545
1530
1588
1576
1569
1565
1579
1542
1565
1567
1563
1550
1575
1538
1539
1579
1581
1561
1563
1531
1577
1539
1566
1533
1576
1563
1541
1544
1549
1580
1563
1545
1538
1563
1570
1558
1594
1588
1593
1524
1571
1554
1540
1560
1580
1541
1558
1527
1541
1579
1568
1565
1542
1589
1523
1593
1567
1571
1584
1546
1550
1524
1565
1533
1562
1563
1553
1560
1563
1540
1569
1594
1547
1596
1523
1555
1581
1571
1568
1592
1570
1566
1549
1555
1539
1564
1548
1572
1560
1559
1574
1581
1555
1522
1540
1553
1568
1541
1548
1540
1569
1575
1557
1556
1560
1574
1579
1592
1575
1526
1566
1540
1532
1576
1591
1556
1538
1556
1552
1567
1560
1554
1602
1548
1565
1557
1576
1549
1569
1573
1552
1559
1561
1570
1559
1580
1567
1571
1599
1574
1579
1544
1546
1595
1530
1576
1569
1577
1547
1557
1561
1584
1599
1569
1546
1578
1577
1557
1545
1569
1583
1583
1545
1579
1580
1575
1554
1550
1549
1520
1548
1540
1547
1557
1557
1541
1583
1540
1562
1554
1565
1562
1563
1562
1527
1540
1586
1594
1557
1591
1569
1601
1559
1551
1564
1586
1566
1546
1551
1577
1570
1556
1584
1588
1589
1579
1556
1547
1584
1560
1531
1548
1579
1546
1548
1570
1539
1511
1571
1540
1552
1555
1559
1562
1539
1570
1575
1545
1552
1566
1596
1550
1533
1558
1548
1551
1536
1587
1570
1576
1544
1555
1586
1562
1558
1582
1550
1566
1569
1546
1532
1550
1557
1537
1578
1590
1554
1543
1540
1586
1559
1567
1542
1567
1565
1537
1588
1584
1558
1582
1563
1553
1588
1558
1530
1527
1558
1574
1575
1589
1562
1560
1550
1578
1512
1557
1586
1560
1546
1524
1527
1550
1565
1579
1545
1562
1549
1569
1534
1531
1605
1557
1583
1563
1574
1563
1586
1537
1542
1572
1559
1598
1575
1587
1589
1551
1553
1542
1544
1568
1556
1564
1553
1572
1552
1532
1581
1525
1568
1536
1569
1567
1558
1576
1577
1547
1567
1537
1599
1525
1561
1549
1515
1547
1555
1605
1575
1543
1561
1583
1560
1534
1564
1565
1543
1519
1537
1542
1585
1597
1559
1573
1544
1584
1559
1568
1575
1552
1550
1579
1552
1546
1539
1589
1551
1566
1540
1580
1534
1573
1546
1575
1547
1547
1550
1538
1533
1568
1522
1582
1553
1556
1596
1582
1580
1575
1528
1567
1590
1591
1576
1557
1551
1547
1561
1542
1577
1555
1576
1577
1563
1591
1562
1545
1563
1543
1571
1555
1577
1569
1528
1568
1580
1551
1578
1563
1541
1560
1585
1564
1546
1556
1549
1526
1579
1539
1544
1545
1550
1571
1548
1533
1582
1581
1593
1540
1542
1565
1552
1539
1553
1536
1555
1539
1556
1552
1557
1549
1554
1529
1591
1564
1586
1585
1531
1555
1567
1561
1555
1541
1528
1584
1591
1516
1567
1533
1548
1566
1575
1549
1542
1543
1583
1594
1546
1568
1570
1524
1561
1591
1521
1578
1575
1565
1569
1573
1573
1548
1546
1535
1573
1525
1561
1567
1560
1584
1559
1554
1574
1562
1571
1576
1553
1569
1592
1572
1582
1588
1528
1552
1568
1571
1564
1575
1573
1591
1571
1551
1561
1545
1586
1562
1569
1581
1579
1533
1540
1547
1569
1571
1578
1606
1552
1583
1559
1555
1576
1545
1533
1569
1535
1584
1552
1576
1546
1563
1577
1569
1588
1586
1532
1534
1538
1566
1536
1557
1558
1551
1559
1587
1551
1544
1578
1573
1528
1542
1565
1575
1569
1576
1562
1521
1581
1587
1545
1575
1539
1553
1563
1597
1601
1588
1583
1565
1578
1582
1545
1561
1534
1549
1549
1587
1566
1544
1535
1574
1564
1528
1573
1534
1530
1558
1580
1551
1556
1542
1607
1533
1543
1574
1602
1530
1551
1574
1558
1552
1586
1552
1529
1566
1546
1600
1573
1579
1569
1567
1552
1584
1553
1598
1574
1553
1531
1540
1560
1562
1585
1561
1581
1571
1582
1545
1573
1561
1543
1560
1557
1564
1546
1567
1551
1561
1575
1579
1524
1598
1590
1545
1601
1599
1549
1536
1572
1529
1564
1575
1570
1588
1567
1525
1535
1567
1550
1568
1561
1548
1568
1523
1566
1562
1591
1539
1567
1537
1550
1558
1544
1568
1573
1554
1551
1573
1576
1558
1571
1551
1569
1573
1558
1553
1558
1556
1567
1532
1530
1535
1561
1520
1595
1578
1564
1587
1539
1548
1564
1564
1580
1551
1548
1532
1554
1574
1557
1570
1590
1573
1543
1586
1561
1537
1582
1559
1551
1565
1574
1599
1548
1557
1558
1564
1571
1554
1578
1556
1573
1554
1525
1583
1541
1548
1572
1558
1550
1561
1543
1539
1555
1579
1562
1533
1552
1567
1580
1587
1570
1537
1533
1543
1549
1549
1546
1570
1564
1552
1548
1556
1559
1540
1594
1567
1569
1567
1575
1533
1543
1563
1551
1590
1549
1550
1568
1524
1575
1578
1526
1549
1561
1584
1579
1537
1564
1599
1530
1576
1570
1589
1567
1571
1552
1539
1583
1596
1560
1574
1547
1570
1536
1543
1545
1556
1537
1548
1561
1545
1527
1581
1570
1561
1534
1552
1553
1569
1584
1589
1560
1550
1582
1577
1541
1572
1533
1575
1564
1575
1568
1583
1533
1557
1583
1566
1543
1566
1567
1548
1524
1594
1582
1590
1594
1588
1583
1580
1567
1554
1562
1554
1536
1579
1577
1594
1544
1585
1563
1585
1581
1582
1578
1537
1551
1575
1578
1579
1572
1556
1577
1593
1537
1568
1597
1548
1564
1573
1553
1526
1588
1576
1559
1552
1568
1566
1548
1588
1540
1581
1536
1602
1584
1597
1601
1583
1564
1590
1581
1575
1530
1569
1576
1585
1538
1570
1559
1582
1571
1542
1568
1606
1594
1576
1546
1587
1570
1564
1591
1590
1568
1559
1552
1564
1547
1561
1572
1600
1527
1546
1551
1550
1553
1563
1559
1547
1575
1568
1553
1571
1564
1551
1545
1562
1556
1557
1598
1560
1550
1566
1564
1536
1547
1580
1544
1554
1572
1529
1581
1528
1549
1535
1546
1579
1536
1554
1535
1583
1599
1606
1555
1602
1580
1523
1536
1542
1568
1568
1579
1523
1550
1573
1561
1576
1558
1557
1536
1577
1576
1532
1544
1580
1561
1518
1563
1572
1557
1546
1531
1565
1555
1589
1571
1553
1579
1577
1562
1558
1569
1586
1583
1520
1574
1568
1548
1568
1566
1562
1568
1568
1557
1556
1574
1562
1590
1550
1578
1539
1583
1579
1563
1567
1584
1533
1581
1572
1580
1582
1593
1537
1569
1586
1562
1570
1526
1526
1570
1559
1553
1589
1552
1598
1603
1580
1577
1548
1580
1561
1579
1534
1566
1560
1567
1577
1540
1570
1540
1538
1588
1587
1574
1529
1587
1553
1555
1526
1562
1547
1586
1579
1582
1561
1531
1567
1608
1589
1551
1564
1583
1564
1548
1575
1553
1578
1572
1584
1528
1564
1558
1602
1554
1556
1540
1558
1588
1552
1540
1527
1523
1558
1552
1567
1584
1566
1539
1533
1567
1571
1532
1577
1560
1548
1541
1556
1541
1575
1580
1539
1579
1531
1532
1560
1569
1557
1577
1561
1560
1580
1555
1575
1542
1535
1571
1544
1566
1566
1554
1584
1532
1566
1560
1552
1579
1569
1538
1553
1584
1565
1582
1559
1568
1574
1542
1530
1559
1559
1560
1555
1592
1599
1569
1547
1576
1551
1554
1573
1583
1557
1543
1575
1574
1539
1565
1543
1547
1575
1561
1576
1552
1545
1576
1565
1562
1558
1563
1577
1569
1576
1554
1586
1565
1536
1565
1576
1570
1562
1581
1582
1562
1537
1553
1557
1562
1561
1584
1550
1557
1540
1555
1591
1539
1528
1554
1529
1573
1553
1530
1550
1528
1584
1574
1552
1568
1546
1559
1569
1532
1523
1582
1555
1544
1565
1539
1565
1568
1575
1551
1594
1564
1578
1538
1587
1579
1568
1563
1551
1569
1548
1578
1535
1586
1536
1603
1567
1561
1549
1560
1562
1562
1546
1559
1581
1554
1578
1565
1537
1563
1533
1562
1580
1579
1569
1558
1609
1540
1537
1557
1592
1549
1583
1564
1588
1592
1559
1545
1564
1567
1555
1559
1552
1526
1530
1556
1583
1546
1546
1545
1597
1577
1547
1530
1556
1530
1551
1576
1551
1559
1535
1539
1545
1569
1575
1556
1567
1591
1553
1572
1524
1561
1576
1554
1549
1533
1543
1582
1571
1560
1542
1589
1589
1562
1553
1605
1547
1558
1572
1577
1561
1571
1557
1557
1566
1565
1549
1563
1562
1554
1550
1609
1576
1556
1553
1543
1551
1556
1584
1568
1557
1592
1554
1550
1515
1569
1560
1550
1545
1571
1563
1558
1552
1544
1554
1544
1556
1547
1572
1557
1561
1558
1548
1548
1576
1533
1556
1570
1581
1566
1537
1563
1591
1575
1552
1567
1595
1540
1558
1538
1597
1578
1573
1550
1527
1526
1548
1576
1565
1579
1565
1567
1569
1549
1540
1594
1541
1578
1575
1592
1554
1575
1551
1546
1566
1570
1548
1581
1537
1539
1596
1524
1569
1577
1590
1528
1557
1533
1551
1584
1582
1547
1558
1536
1550
1593
1553
1576
1573
1547
1552
1565
1543
1560
1560
1559
1540
1546
1545
1548
1571
1579
1560
1552
1570
1535
1569
1545
1548
1544
1579
1577
1572
1544
1566
1588
1575
1531
1582
1600
1546
1564
1558
1535
1580
1571
1553
1547
1527
1543
1529
1562
1559
1571
1588
1582
1574
1571
1536
1553
1568
1545
1570
1570
1565
1614
1544
1563
1573
1549
1588
1560
1564
1573
1572
1558
1526
1550
1574
1534
1574
1558
1575
1546
1569
1558
1551
1535
1545
1581
1560
1581
1574
1557
1546
1562
1586
1575
1578
1557
1548
1574
1560
1536
1558
1548
1554
1541
1580
1571
1547
1566
1573
1585
1572
1577
1576
1577
1544
1596
1541
1557
1584
1579
1581
1541
1592
1579
1582
1547
1560
1579
1543
1556
1582
1556
1562
1581
1568
1565
1544
1589
1539
1590
1546
1530
1544
1539
1570
1575
1555
1565
1546
1562
1543
1564
1547
1532
1574
1574
1540
1566
1606
1572
1511
1566
1562
1555
1528
1587
1583
1541
1561
1606
1553
1574
1555
1547
1575
1550
1561
1545
1542
1563
1544
1552
1562
1555
1575
1545
1549
1543
1585
1579
1591
1577
1557
1592
1543
1585
1533
1564
1577
1564
1567
1548
1543
1570
1556
1537
1546
1549
1576
1543
1552
1540
1556
1560
1552
1577
1535
1529
1574
1580
1551
1571
1555
1532
1595
1554
1562
1578
1567
1560
1567
1530
1562
1573
1555
1584
1547
1543
1556
1535
1550
1567
1566
1570
1585
1543
1553
1527
1543
1533
1551
1545
1553
1544
1574
1583
1566
1542
1564
1552
1536
1566
1542
1542
1576
1577
1525
1585
1548
1552
1559
1583
1585
1570
1568
1591
1545
1556
1525
1562
1604
1564
1552
1559
1574
1533
1594
1554
1556
1569
1577
1564
1578
1572
1547
1565
1591
1534
1560
1551
1538
1577
1557
1553
1535
1541
1548
1547
1577
1539
1564
1549
1541
1572
1542
1558
1552
1523
1556
1548
1550
1580
1550
1587
1562
1554
1549
1586
1567
1535
1561
1541
1580
1565
1557
1560
1588
1565
1558
1552
1555
1580
1531
1572
1582
1567
1590
1567
1577
1564
1572
1547
1566
1560
1562
1526
1536
1554
1548
1569
1595
1553
1578
1548
1577
1586
1554
1561
1569
1567
1558
1539
1549
1564
1563
1582
1543
1580
1584
1594
1558
1559
1559
1577
1572
1601
1560
1593
1539
1580
1541
1547
1570
1562
1572
1563
1586
1582
1567
1597
1542
1552
1536
1547
1543
1557
1552
1566
1587
1565
1580
1590
1545
1574
1565
1583
1579
1541
1574
1559
1548
1530
1574
1542
1558
1550
1579
1556
1586
1561
1528
1595
1572
1561
1584
1520
1570
1565
1545
1575
1538
1575
1604
1532
1572
1586
1565
1576
1555
1566
1588
1560
1573
1553
1554
1596
1560
1529
1514
1568
1575
1553
1586
1548
1532
1578
1572
1594
1597
1559
1523
1543
1553
1575
1545
1553
1563
1572
1574
1560
1552
1538
1572
1564
1543
1583
1551
1541
1540
1580
1575
1545
1560
1574
1575
1532
1559
1573
1558
1553
1573
1600
1535
1540
1570
1556
1573
1557
1582
1573
1570
1556
1553
1554
1570
1553
1587
1581
1547
1558
1603
1596
1563
1572
1542
1584
1565
1510
1558
1529
1592
1551
1556
1558
1547
1546
1586
1525
1565
1575
1533
1572
1573
1569
1556
1559
1583
1548
1551
1576
1611
1552
1572
1555
1584
1553
1554
1578
1535
1568
1545
1541
1582
1603
1569
1569
1535
1558
1585
1536
1532
1586
1583
1567
1535
1585
1537
1554
1560
1551
1590
1534
1526
1567
1564
1535
1559
1568
1552
1533
1572
1543
1545
1548
1529
1593
1548
1553
1522
1588
1582
1544
1549
1572
1590
1576
1543
1547
1572
1539
1563
1586
1590
1552
1600
1560
1517
1577
1558
1588
1520
1547
1550
1569
1591
1541
1530
1541
1563
1524
1557
1554
1513
1558
1573
1556
1580
1592
1580
1537
1572
1595
1551
1582
1586
1564
1579
1564
1575
1550
1556
1548
1542
1559
1586
1561
1571
1554
1595
1594
1574
1567
1547
1536
1589
1568
1553
1567
1561
1587
1549
1547
1567
1551
1572
1587
1589
1567
1556
1586
1528
1557
1582
1568
1570
1546
1523
1536
1611
1581
1545
1567
1549
1575
1548
1557
1571
1578
1575
1530
1543
1554
1569
1559
1570
1553
1550
1594
1550
1556
1564
1572
1592
1541
1594
1532
1564
1531
1538
1563
1576
1570
1560
1556
1561
1538
1523
1547
1546
1567
1559
1584
1584
1566
1554
1596
1576
1554
1578
1588
1598
1555
1541
1558
1558
1532
1533
1521
1596
1524
1571
1545
1540
1593
1574
1542
1546
1598
1547
1564
1533
1541
1544
1564
1525
1588
1582
1548
1559
1553
1566
1523
1604
1544
1570
1557
1537
1554
1579
1546
1562
1559
1562
1564
1557
1522
1590
1556
1532
1570
1518
1539
1551
1577
1570
1550
1540
1590
1569
1568
1582
1564
1571
1575
1568
1556
1558
1566
1543
1516
1540
1561
1553
1586
1534
1568
1533
1574
1548
1554
1580
1562
1588
1554
1583
1554
1558
1544
1571
1539
1563
1565
1574
1563
1584
1579
1574
1554
1553
1528
1570
1566
1593
1577
1532
1554
1590
1547
1572
1577
1579
1559
1593
1560
1559
1576
1534
1590
1567
1531
1577
1566
1571
1588
1580
1583
1599
1549
1554
1579
1577
1559
1553
1598
1554
1558
1562
1606
1575
1566
1535
1552
1552
1550
1581
1556
1582
1558
1553
1564
1588
1571
1572
1558
1563
1551
1562
1596
1541
1584
1532
1536
1582
1548
1568
1564
1555
1556
1543
1591
1603
1563
1536
1542
1582
1543
1551
1553
1529
1570
1564
1562
1601
1545
1545
1564
1582
1546
1609
1538
1588
1591
1570
1578
1557
1584
1527
1547
1554
1535
1545
1542
1553
1524
1583
1515
1560
1573
1570
1581
1542
1536
1543
1561
1571
1554
1563
1550
1568
1560
1537
1565
1575
1545
1587
1544
1594
1564
1549
1577
1583
1557
1568
1571
1576
1585
1553
1557
1579
1551
1550
1584
1521
1542
1582
1576
1544
1574
1544
1537
1565
1548
1587
1564
1563
1609
1590
1540
1579
1552
1547
1551
1572
1526
1540
1573
1585
1548
1546
1590
1590
1595
1562
1587
1549
1571
1561
1543
1579
1548
1516
1569
1552
1563
1534
1550
1570
1596
1536
1567
1551
1567
1583
1571
1538
1568
1572
1552
1557
1555
1530
1587
1562
1557
1573
1550
1587
1562
1603
1547
1563
1583
1590
1586
1527
1563
1549
1514
1559
1552
1551
1557
1612
1555
1552
1561
1570
1578
1561
1564
1591
1549
1532
1576
1554
1550
1560
1546
1541
1585
1564
1575
1554
1558
1577
1552
1570
1612
1567
1543
1569
1534
1578
1579
1528
1580
1552
1560
1562
1515
1536
1555
1590
1560
1583
1573
1568
1571
1565
1565
1569
1542
1564
1562
1562
1572
1551
1530
1568
1525
1554
1559
1535
1563
1585
1569
1558
1544
1556
1558
1511
1536
1575
1546
1575
1578
1564
1576
1584
1546
1556
1578
1553
1571
1562
1545
1533
1559
1575
1569
1562
1561
1570
1565
1568
1555
1556
1572
1548
1528
1576
1553
1563
1561
1542
1607
1572
1562
1552
1563
1561
1579
1552
1545
1570
1553
1547
1560
1593
1554
1558
1594
1591
1599
1543
1575
1546
1577
1565
1562
1543
1586
1599
1562
1542
1563
1550
1556
1592
1566
1608
1514
1564
1559
1540
1565
1523
1556
1560
1544
1563
1587
1563
1555
1551
1584
1562
1551
1583
1525
1588
1564
1563
1566
1529
1569
1559
1613
1578
1566
1549
1571
1571
1569
1544
1556
1584
1554
1582
1542
1559
1546
1523
1589
1547
1545
1564
1605
1561
1533
1555
1556
1586
1570
1549
1554
1538
1541
1557
1552
1584
1545
1559
1546
1561
1535
1587
1550
1582
1591
1521
1576
1558
1545
1586
1610
1579
1573
1547
1547
1587
1566
1558
1546
1540
1549
1582
1563
1584
1581
1584
1591
1548
1556
1588
1532
1584
1568
1559
1543
1549
1572
1550
1564
1530
1573
1588
1537
1570
1540
1566
1573
1510
1569
1559
1533
1566
1598
1588
1561
1576
1559
1584
1579
1564
1592
1582
1544
1582
1558
1551
1562
1570
1570
1546
1557
1574
1532
1567
1567
1590
1572
1547
1569
1533
1580
1551
1587
1575
1558
1572
1563
1568
1556
1574
1571
1541
1530
1541
1546
1573
1553
1533
1546
1592
1549
1554
1555
1553
1535
1593
1550
1565
1569
1511
1531
1572
1577
1568
1571
1583
1546
1534
1588
1534
1579
1551
1557
1551
1584
1563
1579
1539
1581
1561
1553
1561
1558
1549
1548
1559
1539
1532
1571
1557
1561
1583
1565
1546
1577
1529
1521
1545
1581
1580
1562
1532
1589
1584
1521
1557
1542
1583
1577
1562
1534
1575
1585
1566
1552
1555
1528
1582
1572
1606
1555
1525
1588
1521
1573
1530
1593
1568
1583
1558
1583
1583
1579
1553
1594
1558
1592
1560
1571
1578
1560
1565
1547
1556
1548
1530
1543
