1237
1292
1319
1265
1288
1315
1255
1283
1272
1326
1297
1303
1270
1280
1271
1284
1305
1300
1253
1311
1248
1296
1302
1300
1286
1281
1294
1318
1295
1286
1295
1251
1277
1262
1318
1336
1275
1288
1300
1295
1300
1233
1293
1264
1236
1281
1279
1269
1262
1294
1311
1296
1289
1330
1303
1272
1289
1274
1279
1260
1316
1281
1298
1327
1246
1288
1278
1281
1229
1300
1294
1234
1265
1253
1275
1314
1310
1270
1268
1298
1327
1256
1269
1269
1262
1282
1255
1306
1311
1327
1264
1264
1300
1275
1327
1295
1271
1287
1302
1276
1296
1323
1283
1271
1270
1250
1294
1281
1259
1288
1267
1303
1270
1283
1280
1254
1304
1286
1272
1311
1248
1264
1287
1275
1273
1294
1259
1271
1255
1246
1303
1267
1241
1276
1245
1226
1293
1246
1303
1294
1284
1247
1273
1289
1297
1318
1283
1270
1268
1335
1265
1298
1302
1274
1290
1276
1281
1288
1297
1281
1299
1310
1306
1252
1266
1257
1298
1308
1282
1339
1321
1258
1266
1300
1274
1232
1299
1245
1310
1272
1284
1276
1264
1276
1253
1247
1333
1274
1310
1287
1310
1275
1305
1317
1272
1323
1332
1310
1283
1278
1246
1254
1294
1278
1271
1265
1284
1307
1250
1296
1272
1291
1312
1269
1310
1262
1309
1346
1275
1304
1264
1284
1267
1313
1288
1254
1255
1279
1243
1267
1278
1286
1305
1279
1283
1294
1285
1306
1274
1288
1258
1295
1295
1276
1325
1282
1279
1317
1296
1308
1281
1341
1314
1289
1279
1235
1282
1327
1316
1294
1294
1337
1290
1263
1289
1299
1311
1278
1295
1288
1225
1284
1274
1347
1298
1275
1284
1297
1262
1271
1314
1295
1246
1274
1332
1329
1291
1318
1287
1333
1270
1245
1297
1257
1262
1310
1281
1263
1343
1259
1291
1323
1265
1345
1280
1322
1305
1310
1305
1261
1296
1273
1282
1282
1258
1257
1305
1292
1291
1321
1279
1281
1287
1298
1289
1307
1245
1259
1302
1262
1330
1271
1321
1315
1285
1288
1276
1278
1314
1306
1254
1285
1257
1270
1300
1287
1278
1284
1328
1269
1277
1318
1300
1240
1299
1321
1266
1340
1266
1270
1238
1261
1297
1244
1259
1280
1264
1284
1262
1290
1251
1257
1302
1302
1343
1257
1292
1268
1314
1320
1238
1267
1294
1272
1324
1309
1318
1291
1262
1282
1318
1278
1254
1301
1307
1237
1290
1308
1312
1231
1297
1297
1274
1274
1296
1284
1297
1274
1260
1286
1284
1272
1282
1293
1248
1288
1270
1282
1319
1299
1273
1293
1284
1305
1312
1302
1276
1279
1253
1265
1282
1320
1262
1287
1266
1286
1271
1275
1260
1316
1263
1265
1270
1301
1275
1298
1304
1233
1286
1259
1266
1297
1255
1298
1270
1331
1314
1285
1282
1239
1260
1302
1266
1277
1291
1287
1294
1315
1314
1289
1326
1230
1291
1290
1297
1281
1275
1291
1283
1275
1301
1260
1330
1277
1308
1287
1270
1264
1280
1335
1312
1304
1295
1254
1340
1285
1309
1303
1335
1258
1298
1270
1284
1269
1266
1284
1264
1241
1287
1250
1291
1292
1320
1314
1285
1292
1246
1299
1278
1309
1342
1285
1272
1302
1290
1285
1260
1254
1269
1279
1301
1254
1307
1278
1305
1288
1246
1307
1253
1285
1282
1241
1301
1295
1231
1279
1283
1247
1253
1310
1276
1248
1271
1235
1274
1288
1288
1323
1267
1294
1300
1300
1314
1274
1314
1261
1265
1280
1298
1262
1302
1301
1255
1276
1320
1262
1289
1273
1283
1234
1304
1323
1310
1287
1311
1237
1280
1305
1304
1307
1276
1251
1287
1336
1260
1278
1306
1334
1313
1288
1307
1247
1296
1293
1276
1308
1299
1272
1295
1290
1231
1314
1252
1261
1261
1238
1325
1290
1286
1306
1239
1294
1277
1249
1315
1269
1291
1295
1286
1324
1290
1247
1315
1272
1265
1335
1242
1338
1276
1279
1246
1294
1272
1325
1288
1273
1298
1290
1268
1296
1291
1335
1326
1276
1308
1269
1329
1284
1252
1291
1294
1312
1267
1278
1312
1251
1271
1272
1272
1237
1269
1320
1273
1324
1277
1278
1265
1285
1284
1295
1302
1281
1308
1320
1282
1288
1273
1283
1253
1272
1300
1274
1301
1264
1299
1292
1326
1289
1251
1270
1271
1281
1274
1280
1256
1271
1338
1302
1273
1294
1272
1304
1254
1335
1323
1262
1279
1261
1269
1270
1299
1259
1345
1253
1309
1301
1327
1310
1231
1269
1268
1295
1289
1261
1278
1254
1301
1330
1272
1237
1316
1311
1313
1286
1255
1290
1298
1276
1259
1272
1288
1273
1337
1253
1259
1304
1303
1287
1285
1276
1271
1247
1272
1281
1294
1258
1298
1320
1321
1343
1311
1295
1269
1270
1247
1287
1296
1298
1299
1243
1276
1238
1252
1300
1279
1270
1267
1301
1283
1293
1295
1274
1315
1282
1319
1248
1306
1269
1263
1314
1263
1317
1326
1275
1271
1291
1267
1279
1258
1309
1232
1270
1296
1332
1266
1326
1293
1270
1295
1292
1285
1306
1345
1306
1275
1285
1296
1259
1279
1283
1298
1283
1276
1281
1256
1319
1284
1275
1286
1284
1294
1294
1296
1287
1252
1297
1275
1241
1297
1296
1315
1300
1262
1325
1337
1274
1242
1250
1327
1265
1234
1288
1311
1263
1333
1255
1265
1266
1309
1289
1321
1274
1275
1280
1285
1317
1279
1282
1292
1287
1294
1289
1280
1253
1300
1278
1307
1302
1258
1251
1277
1317
1250
1334
1310
1276
1275
1344
1261
1333
1256
1252
1309
1337
1315
1283
1306
1312
1295
1255
1290
1289
1285
1299
1273
1259
1257
1249
1316
1260
1273
1290
1292
1275
1272
1302
1282
1337
1273
1310
1275
1299
1275
1307
1302
1279
1284
1259
1268
1328
1274
1299
1307
1287
1262
1302
1299
1276
1265
1301
1244
1279
1257
1269
1289
1285
1286
1317
1252
1299
1276
1328
1285
1252
1275
1305
1317
1324
1296
1333
1297
1274
1306
1298
1287
1275
1295
1313
1284
1299
1297
1262
1332
1277
1248
1280
1301
1252
1272
1306
1305
1293
1282
1246
1282
1279
1280
1271
1313
1275
1289
1297
1299
1308
1288
1293
1332
1291
1293
1246
1323
1257
1315
1294
1301
1290
1259
1249
1253
1268
1280
1297
1278
1260
1277
1269
1272
1293
1282
1310
1281
1302
1311
1290
1271
1280
1312
1258
1319
1238
1277
1290
1285
1335
1295
1320
1300
1279
1266
1274
1292
1265
1249
1250
1260
1269
1293
1302
1275
1316
1270
1311
1271
1306
1259
1268
1299
1263
1279
1311
1285
1282
1259
1286
1260
1232
1275
1303
1284
1312
1305
1305
1261
1266
1278
1301
1286
1330
1286
1287
1282
1274
1271
1326
1338
1280
1234
1268
1288
1300
1284
1298
1268
1256
1236
1268
1319
1290
1329
1325
1256
1292
1228
1279
1274
1308
1301
1301
1273
1240
1284
1248
1282
1249
1285
1260
1285
1311
1276
1312
1279
1258
1265
1281
1280
1343
1305
1312
1310
1280
1277
1305
1287
1309
1271
1283
1272
1273
1290
1296
1319
1287
1305
1270
1285
1311
1240
1309
1321
1301
1277
1242
1313
1281
1289
1262
1307
1343
1298
1256
1329
1276
1301
1286
1300
1259
1290
1270
1267
1313
1307
1303
1272
1240
1282
1272
1294
1263
1332
1231
1301
1292
1324
1237
1248
1291
1303
1316
1282
1301
1326
1286
1257
1315
1283
1255
1305
1289
1309
1288
1312
1277
1282
1247
1269
1249
1313
1289
1245
1326
1334
1278
1270
1331
1275
1266
1267
1311
1240
1279
1268
1295
1337
1334
1311
1303
1315
1293
1248
1320
1293
1265
1300
1289
1308
1292
1251
1271
1286
1243
1318
1252
1301
1260
1292
1277
1297
1320
1279
1271
1278
1289
1302
1293
1288
1273
1306
1268
1276
1336
1267
1328
1305
1275
1260
1264
1327
1262
1252
1267
1308
1278
1303
1317
1287
1267
1302
1322
1279
1256
1286
1279
1250
1271
1288
1302
1303
1285
1299
1310
1255
1312
1309
1297
1282
1298
1329
1309
1251
1304
1283
1311
1277
1323
1266
1256
1279
1245
1283
1272
1338
1256
1347
1283
1308
1309
1246
1316
1264
1267
1289
1305
1249
1306
1294
1267
1302
1287
1255
1265
1336
1305
1278
1284
1295
1309
1280
1256
1293
1300
1289
1277
1302
1296
1302
1261
1272
1280
1267
1254
1321
1272
1301
1280
1275
1307
1332
1286
1225
1279
1292
1270
1294
1344
1307
1260
1301
1308
1249
1294
1286
1252
1304
1271
1304
1337
1314
1279
1305
1267
1299
1252
1293
1277
1311
1284
1290
1257
1279
1266
1313
1294
1312
1279
1301
1299
1284
1270
1267
1293
1267
1296
1268
1298
1335
1255
1258
1299
1312
1338
1283
1324
1275
1288
1261
1323
1304
1282
1268
1305
1284
1275
1232
1305
1318
1289
1273
1245
1314
1290
1287
1284
1281
1283
1241
1260
1316
1258
1296
1270
1296
1336
1319
1293
1310
1243
1290
1246
1336
1306
1322
1329
1298
1276
1273
1272
1238
1276
1322
1278
1278
1289
1257
1279
1261
1286
1240
1290
1290
1300
1253
1283
1240
1275
1310
1312
1300
1295
1300
1275
1256
1280
1318
1300
1295
1293
1262
1295
1306
1256
