50 50
3 15 16 2 2 2 1 12 13 6 4 1 7 10 11 10 11 5 12 8 3 15 5 12 10 2 9 6 10 4 3 5 5 11 1 3 10 2 4 7 11 4 14 1 5 13 14 1 4 3
45 28
37 17
27 14
18 11
11 36
25 27
36 5
21 38
29 27
34 29
4 35
24 9
2 47
16 27
47 9
27 33
44 5
18 27
27 32
23 42
46 43
34 19
8 46
3 2
50 49
31 6
10 13
15 25
42 31
14 41
20 27
49 32
48 6
27 40
8 17
26 1
50 4
22 43
45 39
21 39
1 30
30 33
27 37
26 7
23 10
13 20
28 40
41 24
38 12
34 45
25 42
19 31
13 34
15 18
44 12
49 44
44 33
45 32
30 20
3 20
40 33
21 5
25 42
43 30
30 2
48 7
43 35
44 6
5 9
46 9
43 17
43 46
26 22
46 6
44 24
48 38
42 9
24 7
46 7
47 8
29 8
19 40
24 42
40 8
39 31
34 33
38 41
26 4
27 7
42 13
13 12
5 45
23 4
43 11
24 3
31 15
48 1
44 18
48 8
