100 50
54 59 19 14 54 32 31 90 78 65 92 2 98 19 42 63 49 47 35 71 81 69 31 38 42 83 56 10 37 59 8 37 2 74 10 76 40 12 47 87 42 19 10 25 82 67 26 52 96 35 96 42 6 31 89 46 66 98 19 89 53 71 98 89 32 39 44 65 88 64 79 86 6 51 12 68 90 77 18 79 92 84 34 95 94 42 84 3 56 97 53 33 53 50 52 51 48 49 100 35
74 63
30 92
16 6
91 20
58 26
83 100
22 59
50 56
15 1
50 93
57 69
34 19
3 23
35 9
82 38
16 54
55 3
46 94
43 65
59 45
65 76
28 46
29 32
67 93
77 76
42 64
98 11
53 72
5 40
90 39
22 96
78 4
42 73
26 41
61 97
84 5
27 1
6 33
68 80
12 71
18 13
2 66
36 100
20 10
67 36
85 25
8 51
63 21
44 78
22 2
86 82
79 47
60 49
95 57
52 60
97 70
32 8
66 23
34 68
54 39
58 64
90 94
48 19
25 24
27 45
52 74
61 25
28 10
55 40
7 85
29 79
37 62
31 60
62 49
87 38
18 73
30 88
15 69
56 88
47 13
48 33
77 99
41 17
75 89
81 72
12 98
37 34
83 57
44 81
91 84
14 29
70 21
99 53
65 11
89 92
87 7
51 4
9 86
86 17
85 5
2 3
81 6
34 51
70 11
77 9
57 69
85 71
7 44
64 53
60 97
41 84
43 45
78 72
14 92
37 73
52 39
80 58
77 99
76 21
19 51
98 59
18 70
57 94
20 95
11 2
23 82
21 57
89 44
72 99
54 3
59 32
72 27
80 87
75 87
81 19
80 22
88 100
34 88
47 16
29 98
78 26
69 11
72 16
85 15
67 4
84 24
18 95
97 27
62 15
