100 100
19 26 95 63 10 68 79 81 86 40 38 67 55 19 28 12 25 65 49 6 22 56 88 60 27 51 41 73 64 11 12 54 71 37 63 19 77 38 5 91 89 66 49 80 66 14 31 48 46 67 99 91 94 36 12 54 46 95 51 37 48 32 17 70 24 41 24 19 61 8 79 65 32 28 10 96 71 17 78 87 88 47 83 2 70 8 29 99 59 43 70 28 53 69 75 73 87 27 71 91
6 43
13 17
20 22
55 32
66 27
45 58
1 7
35 36
83 2
34 28
15 46
25 13
68 17
60 47
47 61
6 2
29 48
97 54
95 79
2 1
18 35
49 52
5 47
53 81
67 69
50 21
84 26
24 59
24 28
92 60
65 26
94 90
70 3
22 26
21 2
48 89
53 23
5 3
20 19
38 49
74 50
19 62
6 10
75 4
27 82
56 13
20 39
90 88
38 26
63 79
37 2
98 22
11 7
96 42
72 27
91 72
14 24
27 64
49 73
31 16
29 2
45 7
51 8
25 33
77 59
39 85
8 3
80 26
30 27
76 93
1 18
13 16
9 8
86 80
14 11
33 54
56 100
27 2
33 63
13 1
30 41
44 7
71 26
19 40
26 78
12 57
12 8
7 19
7 67
87 43
44 99
2 4
32 30
12 15
13 76
10 23
3 1
88 34
42 26
97 89
73 88
84 67
16 74
31 63
37 85
22 32
71 63
42 81
25 25
88 68
89 35
76 5
25 28
43 29
0 68
43 18
23 27
60 13
98 28
68 71
17 88
33 8
31 39
87 38
54 17
17 23
95 21
0 36
21 94
63 62
1 46
71 49
84 77
59 18
92 52
48 94
37 7
78 87
61 80
88 72
0 22
26 45
42 26
49 64
99 26
0 54
40 8
29 26
4 62
60 33
97 88
83 8
26 1
43 79
43 27
76 62
39 15
76 45
10 78
39 44
63 19
78 66
53 30
13 45
95 77
87 96
10 97
1 61
18 99
0 36
89 73
36 92
3 89
29 29
33 13
2 91
45 46
53 62
70 99
94 47
85 54
52 88
14 19
70 97
47 84
43 83
32 8
68 14
52 18
71 58
52 19
73 62
16 38
54 98
60 77
41 95
58 9
44 17
14 1
