1000 1000
63 902 404 607 847 336 132 971 398 876 147 244 135 405 684 264 992 4 312 641 364 180 124 539 947 180 473 106 773 312 243 562 699 840 827 133 214 968 373 129 126 343 291 919 868 640 792 989 296 707 549 685 644 893 135 148 222 220 559 804 322 180 977 26 110 804 261 72 381 266 954 140 517 523 918 344 776 692 335 216 271 596 285 727 130 327 885 154 233 108 528 371 582 752 177 63 505 706 203 81 707 308 817 461 675 104 820 581 84 281 257 928 421 630 664 222 775 602 758 109 459 246 740 383 82 118 685 226 514 96 132 678 656 320 692 123 305 799 358 776 447 639 271 189 538 313 887 34 308 831 746 566 548 298 363 737 948 397 165 473 643 216 312 241 988 342 106 110 981 295 75 785 889 135 15 511 383 181 696 612 600 893 882 107 156 262 261 816 302 805 199 734 396 448 663 593 912 900 83 222 649 280 571 782 483 232 827 807 891 906 381 338 644 148 149 6 644 196 83 484 767 391 949 441 179 819 410 407 859 292 760 291 685 43 102 937 780 698 259 724 550 761 421 454 238 892 347 422 803 915 236 389 48 873 478 976 914 422 656 929 141 93 783 646 439 246 901 497 219 533 637 710 504 793 41 864 200 446 820 292 841 468 649 427 183 941 698 701 760 331 161 169 670 351 66 38 25 275 823 54 147 178 667 949 978 306 120 390 81 913 41 494 159 133 528 399 470 227 265 871 573 113 101 958 199 963 849 756 130 610 180 200 17 224 12 346 227 781 282 282 713 821 121 54 684 808 315 616 332 945 204 758 218 872 301 705 991 872 394 558 259 945 740 752 591 591 441 979 563 225 151 739 17 403 244 219 383 708 433 903 346 825 898 322 822 688 416 776 862 678 7 238 482 530 464 429 412 239 240 507 122 462 599 233 408 601 106 366 939 618 362 738 942 210 459 764 153 970 822 133 245 989 783 675 641 4 607 631 896 617 555 535 753 372 267 668 494 89 716 397 373 32 375 787 482 612 776 147 883 301 271 319 290 94 874 477 655 919 257 166 308 772 353 560 127 196 322 829 955 763 337 506 991 904 927 481 693 608 423 215 532 33 884 71 223 616 353 997 900 731 431 715 894 152 850 87 676 788 460 523 319 357 705 12 496 873 154 140 696 284 242 465 901 94 828 715 171 699 410 657 169 417 343 373 176 213 799 891 864 486 818 966 379 225 404 716 888 179 440 661 225 842 840 991 829 301 679 5 527 567 719 187 605 672 739 468 274 52 335 549 652 786 386 663 710 990 595 624 719 695 993 619 98 962 994 123 196 397 877 948 874 981 920 107 776 984 722 1000 226 308 82 267 647 902 126 837 617 188 309 482 262 332 846 6 826 938 382 637 771 654 807 432 820 739 939 711 90 490 853 746 258 429 816 871 193 188 102 400 442 147 914 313 460 2 550 134 369 844 806 907 953 48 691 682 301 987 26 777 204 300 546 865 793 999 362 64 410 283 840 320 643 196 963 54 705 745 881 411 184 463 402 199 366 284 876 617 733 973 396 176 605 120 931 101 599 979 46 678 979 683 614 93 139 806 822 71 614 706 760 30 86 843 208 640 178 201 207 781 245 287 449 68 453 78 560 79 509 520 935 586 627 957 383 712 682 505 277 742 450 884 258 878 411 80 10 494 910 55 998 790 828 307 938 38 716 940 175 573 225 750 82 883 362 912 795 584 977 429 679 522 52 519 671 236 143 887 783 985 936 462 295 421 706 320 229 316 675 892 242 81 621 29 112 161 224 636 378 629 287 643 821 556 839 555 511 534 211 847 391 378 298 375 516 449 199 606 772 328 593 541 647 226 473 302 466 956 430 1 909 264 548 450 645 114 544 161 283 606 470 352 706 384 404 129 517 338 900 958 855 538 966 239 601 121 755 880 815 853 579 423 955 823 232 962 649 766 649 160 657 283 136 59 753 203 956 92 792 960 952 991 644 1000 970 266 605 436 837 379 400 387 111 31 772 436 948 268 848 447 865 928 187 981 825 615 67 540 244 369 607 948 971 785 93 116 334 127 253 453 70 895 363 774 795 232 713 71 182 974 731 78 840 145 809 509 634 980 416 537 75 582 465 405 286 348 145 245 456 373 880 620 574 541 162 638 325 515 777 62 352 82 880 665 878 924 265 274 754 754 761 132 321 501 151 75 911 801 248 811 410 988 342 287 502 380 140 708 447 934 260 707 698 271 385 858 748 159 413 788 969 49 244 412 151 541 247 254 656 967 243 967
578 718
48 391
622 230
18 280
92 57
557 43
546 611
468 180
270 12
773 386
192 753
108 132
172 95
142 148
567 458
548 205
121 299
788 454
76 491
16 10
766 469
375 320
194 180
186 33
516 10
726 364
918 950
120 123
55 70
823 332
4 33
919 75
964 300
727 771
576 216
161 155
302 407
107 45
273 207
891 803
737 88
470 422
77 35
294 231
884 609
12 14
37 165
126 142
498 993
27 250
786 908
95 638
59 54
176 930
367 881
100 44
314 257
198 42
653 317
435 92
2 11
229 2
156 780
76 96
508 216
43 579
631 124
312 225
861 770
53 282
105 850
397 152
119 177
139 126
16 51
629 18
619 310
169 101
150 14
382 978
946 485
508 748
158 635
467 170
287 503
149 153
575 817
179 92
50 996
783 192
543 250
254 484
48 474
809 824
19 6
828 921
398 119
42 138
84 614
529 73
12 3
339 78
428 51
540 73
35 1
223 115
1000 862
411 133
560 398
412 215
330 366
381 722
279 986
457 204
213 37
591 664
109 281
562 553
7 72
925 426
42 27
163 119
730 822
474 948
895 780
439 535
365 69
18 12
413 868
684 717
120 267
382 559
767 161
424 511
390 273
351 353
98 893
381 138
129 58
4 721
557 821
402 367
363 262
82 48
90 501
470 982
597 660
832 621
400 143
119 134
203 30
126 199
107 284
214 205
128 565
81 76
401 437
542 555
39 4
550 315
572 211
315 875
22 882
698 377
394 674
104 63
897 568
148 426
374 794
5 4
539 655
20 4
294 532
323 144
530 30
359 196
143 782
42 248
138 820
350 476
488 81
128 58
981 225
378 282
355 184
751 189
803 503
35 171
469 651
509 349
206 519
80 151
489 859
554 95
341 357
41 95
236 598
193 77
152 66
304 311
76 442
939 741
761 600
648 323
750 386
588 359
448 285
246 544
806 153
845 608
436 591
168 106
914 317
208 869
216 539
408 89
199 473
9 46
17 16
724 762
242 66
466 411
303 4
59 158
69 79
234 885
418 272
23 13
570 580
504 661
838 663
725 437
31 32
913 727
395 287
108 512
88 36
198 237
422 483
197 275
606 920
907 934
677 757
4 2
669 38
871 987
747 208
304 224
182 662
896 397
298 167
25 652
158 843
841 7
8 22
594 199
201 656
645 551
252 414
34 12
182 71
368 203
156 646
527 403
787 807
143 71
446 212
598 784
186 609
197 277
551 301
201 89
743 650
300 270
330 935
160 249
139 681
136 66
173 263
947 744
1 66
690 815
338 342
318 872
490 563
549 701
373 80
85 688
57 24
153 615
779 789
84 48
369 396
87 116
4 386
433 739
41 376
998 305
336 282
117 137
399 754
506 74
603 834
491 492
196 21
236 37
192 741
451 959
225 65
867 331
980 100
518 141
370 341
680 431
903 514
58 156
279 230
10 43
713 585
174 52
941 656
105 883
717 894
145 389
204 772
245 41
26 285
312 436
329 459
230 201
406 694
69 117
191 482
88 141
40 319
130 6
957 258
505 291
795 904
149 100
735 19
352 196
244 28
56 58
160 340
399 325
238 192
68 239
176 156
888 592
517 375
183 630
150 374
231 729
66 114
830 889
613 202
65 98
902 567
933 48
454 92
2 369
16 940
607 792
349 281
617 205
508 625
183 3
590 798
667 196
31 184
703 109
339 533
839 181
202 187
641 590
472 413
321 120
159 72
676 937
381 917
282 758
239 345
430 801
417 429
244 523
135 40
960 226
534 924
587 418
778 926
604 490
188 160
621 421
81 85
977 520
851 484
150 471
656 768
162 458
133 49
92 571
749 811
401 79
854 48
866 9
13 2
199 421
403 632
176 200
462 47
69 40
219 235
596 266
500 900
134 778
48 30
863 266
19 332
383 627
256 409
276 101
240 620
241 278
412 790
64 2
240 419
38 24
231 949
813 283
452 776
106 34
439 207
936 232
178 732
175 142
984 813
495 214
5 44
37 720
177 221
862 806
774 857
55 78
590 528
969 824
597 111
8 6
849 994
124 170
973 238
497 66
929 43
692 779
640 221
520 606
205 833
112 43
171 257
106 628
673 316
157 160
879 631
956 68
705 696
214 460
56 290
711 495
206 451
347 542
46 55
108 354
953 316
11 465
675 113
260 487
90 593
21 10
671 697
126 102
311 892
35 240
36 17
700 873
592 129
552 526
943 481
670 552
10 4
757 836
84 334
539 746
36 147
752 572
794 899
452 46
121 47
131 295
499 330
865 319
864 549
2 3
769 685
734 563
464 997
748 905
781 720
37 10
52 578
18 602
493 461
229 585
115 259
911 361
992 534
215 322
517 665
297 569
106 204
44 105
146 744
577 462
118 206
827 418
171 486
227 16
475 279
235 296
53 32
700 569
350 70
962 386
465 985
222 759
440 634
44 144
130 146
281 693
649 432
849 201
461 440
9 52
115 52
742 344
691 39
30 876
7 4
305 150
243 143
162 90
382 952
97 78
205 556
245 258
37 83
558 268
364 12
50 16
75 507
395 837
272 127
481 777
266 650
145 318
321 431
915 163
109 301
74 496
343 358
20 534
945 899
205 102
9 75
132 954
614 668
83 113
582 570
341 163
62 76
520 492
672 385
111 7
247 199
433 740
219 830
226 165
823 860
360 42
971 440
427 289
338 453
383 844
312 808
441 285
441 586
215 644
248 331
441 719
236 327
131 48
595 199
60 252
28 1
856 121
292 456
840 17
405 41
874 597
122 70
251 188
422 207
670 799
481 7
793 87
364 469
118 224
85 380
178 97
684 113
765 727
345 347
500 97
958 117
312 825
398 853
581 683
63 62
568 389
159 443
990 705
603 285
49 1
976 515
103 764
677 286
103 727
102 110
847 912
10 145
261 178
329 237
467 906
324 372
120 210
106 109
24 8
581 341
749 439
974 724
676 207
909 241
292 270
928 31
423 110
124 6
898 49
86 989
479 255
23 26
597 791
480 93
43 102
531 796
90 154
102 805
918 525
715 689
91 53
162 416
254 268
775 137
610 565
5 445
642 547
931 710
828 518
132 180
63 440
294 575
39 685
199 383
802 202
489 157
513 322
922 704
68 11
337 6
907 526
229 608
191 63
208 176
965 289
30 18
43 297
269 129
678 621
731 544
311 852
494 109
189 32
607 91
626 871
655 682
190 36
848 537
485 158
858 57
637 159
63 181
196 264
205 231
728 463
344 341
328 193
377 373
829 778
27 222
322 367
4 320
795 517
54 979
381 785
263 287
92 211
253 286
120 75
428 704
573 258
77 379
410 379
425 219
999 476
654 658
477 63
39 93
330 450
408 444
526 344
1 9
756 886
309 181
152 413
411 618
125 155
707 127
432 225
810 552
157 786
44 730
800 689
111 404
464 3
162 254
160 787
10 40
25 23
313 43
60 36
374 546
260 447
3 86
212 545
324 16
968 943
274 51
772 975
699 113
88 164
6 67
217 9
406 93
141 385
27 9
14 47
515 422
589 23
712 57
616 327
110 599
638 657
846 375
74 55
45 967
660 972
234 86
89 538
73 39
9 490
514 195
970 382
235 382
160 173
392 202
4 233
516 812
99 97
187 384
702 303
66 256
927 678
28 54
41 18
351 174
847 69
1 2
455 158
819 539
271 288
5 31
241 189
305 510
867 942
69 187
65 14
58 338
417 374
961 77
463 349
988 797
102 690
196 260
826 354
80 18
308 69
932 506
431 584
809 754
209 75
161 804
348 340
92 215
170 601
709 354
564 217
87 531
271 194
394 260
38 101
402 666
966 22
477 763
89 521
102 916
664 687
797 759
643 572
315 145
478 239
522 226
991 235
119 19
388 13
95 218
190 232
793 951
816 257
54 71
663 602
330 124
246 612
708 701
633 557
770 709
166 4
553 229
268 387
351 547
878 706
193 316
293 151
70 89
195 194
186 346
697 710
320 438
156 536
600 388
202 371
80 90
361 525
530 736
724 350
424 87
377 738
291 261
285 415
528 104
79 745
220 566
623 114
289 433
420 142
324 326
167 86
220 41
393 133
670 944
1 756
524 180
185 44
117 963
333 172
229 689
27 29
755 5
118 112
468 695
955 596
605 372
192 18
923 404
877 215
100 157
238 814
219 78
307 242
403 138
62 212
239 361
22 87
987 995
855 173
94 45
343 211
774 139
216 129
333 449
306 183
158 831
636 320
310 193
651 679
63 574
624 167
504 175
41 45
234 430
62 498
910 488
177 356
273 880
227 289
207 111
140 265
696 2
203 255
228 174
21 103
246 118
706 482
9 15
325 273
63 140
938 451
149 561
472 818
570 353
671 335
39 502
819 887
319 686
647 642
108 78
283 259
95 127
583 97
812 842
65 253
56 302
549 53
733 704
983 731
266 230
240 362
117 335
626 368
434 5
27 835
107 125
508 901
39 61
56 25
714 431
62 38
870 439
243 890
723 166
7 262
19 541
537 341
317 79
6 1
565 659
760 436
124 692
55 197
195 716
92 654
418 639
867 598
326 950
772 686
557 940
458 400
234 874
557 933
889 226
901 193
782 528
747 261
997 977
318 314
238 298
367 99
637 738
353 151
336 517
335 738
545 702
50 336
715 105
34 173
954 466
745 956
835 869
519 145
83 155
448 525
171 301
442 390
288 409
211 576
761 462
839 149
433 845
446 708
933 614
436 896
16 756
859 864
857 974
811 254
142 987
657 63
522 225
469 286
89 938
5 389
277 268
127 705
753 540
868 568
18 790
192 970
606 83
726 545
508 127
633 135
499 117
925 522
847 290
427 663
862 811
35 536
920 460
596 675
701 782
879 441
464 228
218 550
97 323
312 564
33 851
925 799
86 30
799 933
318 483
865 772
449 215
265 263
287 122
321 95
400 705
3 178
786 910
765 370
837 448
547 932
115 319
764 755
667 736
549 474
180 721
194 747
951 683
787 366
685 641
635 824
727 329
331 471
989 973
621 792
766 806
989 966
710 695
338 200
293 577
34 469
212 56
915 894
235 641
702 872
102 654
13 564
966 688
245 717
19 640
279 926
983 114
321 957
678 550
34 896
986 196
898 882
635 107
815 554
75 127
700 97
127 845
876 414
153 643
292 311
338 433
47 262
910 166
715 598
376 865
408 400
532 741
73 326
19 191
339 395
673 127
490 606
386 961
715 209
603 231
884 762
926 901
352 909
45 152
942 459
879 619
449 676
808 128
123 333
866 80
226 677
114 847
276 194
589 855
767 347
890 103
577 345
937 287
766 111
800 499
920 763
407 338
833 224
553 530
84 377
19 105
841 252
201 418
303 481
380 794
547 382
832 175
335 592
521 756
390 8
509 323
652 424
308 800
123 672
221 389
144 577
339 487
603 420
276 660
173 640
497 520
228 119
161 587
842 900
673 752
196 332
150 596
550 686
963 1
612 343
206 847
339 134
380 766
461 633
957 50
52 562
106 259
342 418
683 687
166 321
381 431
675 343
681 379
858 217
175 170
455 403
857 803
161 646
924 401
171 407
681 382
342 516
75 967
212 363
216 696
639 953
106 820
968 996
712 418
396 550
965 735
745 398
290 221
942 85
215 477
320 81
108 702
488 1
606 417
66 574
278 96
441 42
419 939
478 225
623 111
816 96
143 164
581 198
612 353
22 709
287 629
752 29
562 573
903 150
513 845
877 935
951 341
400 264
756 170
618 760
324 885
826 284
867 884
432 29
85 979
653 181
418 671
440 357
862 95
477 46
503 111
345 578
847 650
33 958
330 171
559 55
313 832
574 733
452 780
733 800
39 159
967 246
419 197
52 639
317 248
408 869
924 234
33 227
796 67
910 368
783 642
890 280
171 524
296 256
167 991
889 932
143 394
273 110
423 131
23 205
979 812
67 904
821 443
114 741
80 652
380 827
377 749
335 312
462 838
532 136
639 954
455 59
424 847
61 249
496 198
30 820
892 855
129 146
741 893
375 726
760 297
279 834
860 622
545 483
414 736
606 289
648 617
372 10
584 202
400 202
988 258
796 144
604 318
992 816
376 365
964 744
728 975
980 378
610 938
732 517
550 824
267 352
478 896
140 356
361 935
166 109
591 643
62 53
246 52
963 597
674 351
511 25
252 832
373 78
25 276
485 570
619 617
237 648
302 546
874 311
360 810
348 871
243 412
703 991
247 365
221 261
712 399
921 163
15 202
375 290
340 33
480 46
361 175
153 326
474 332
474 478
113 143
908 51
350 426
788 810
19 557
428 765
109 88
673 979
886 624
127 147
568 229
504 109
516 398
427 357
865 665
617 596
192 939
75 109
299 408
136 361
94 424
579 448
429 446
16 781
125 966
767 260
776 35
953 674
192 442
720 961
444 726
451 271
840 201
358 138
182 459
40 98
475 754
158 355
125 983
917 597
784 153
797 658
872 216
824 803
304 95
282 767
209 167
579 153
486 413
167 997
412 983
207 959
623 680
817 233
536 525
482 295
139 675
123 679
564 863
529 218
729 922
502 506
715 295
638 224
310 731
932 179
112 471
330 678
582 76
719 22
66 437
307 486
961 674
287 458
121 582
615 173
231 70
137 815
998 787
511 598
564 919
351 719
830 465
637 369
276 876
118 951
951 106
261 800
287 968
19 117
713 671
903 846
214 199
869 849
943 991
955 8
891 181
254 373
491 550
195 485
245 723
817 247
500 937
292 808
801 11
741 388
563 518
172 386
25 961
80 892
256 886
933 50
401 682
300 954
18 709
16 462
604 189
644 163
332 782
675 617
827 974
279 467
960 416
675 245
550 656
292 725
80 509
882 640
328 832
172 226
31 824
505 321
798 279
811 190
443 412
470 601
808 390
287 120
94 273
199 227
351 960
551 743
552 920
685 518
565 341
620 15
790 707
114 15
167 251
450 548
510 784
642 658
357 885
528 372
456 709
845 464
400 494
755 135
422 338
411 735
723 604
447 424
988 884
638 743
67 199
629 90
664 862
275 209
14 400
805 333
698 327
816 344
415 629
278 160
445 880
687 601
8 97
536 62
308 589
313 940
101 846
377 475
733 657
692 426
223 92
468 726
721 908
165 254
14 952
906 78
401 590
966 255
734 648
293 279
666 179
17 290
443 900
760 356
673 238
786 81
964 660
552 844
855 423
664 40
898 693
405 942
382 55
427 700
954 526
1 470
34 49
151 780
895 757
623 184
577 361
600 450
360 532
853 34
99 790
812 329
495 968
530 92
401 984
939 877
23 165
248 728
833 372
401 248
61 941
802 380
392 13
475 777
776 896
638 900
158 218
437 460
33 635
364 234
677 293
842 431
627 139
197 816
258 936
467 360
779 232
221 474
826 879
222 625
816 108
585 39
534 474
320 286
212 571
873 214
839 393
139 868
392 227
534 947
345 560
608 993
299 659
468 857
244 771
142 184
828 837
297 726
838 80
521 388
467 717
660 252
393 881
570 473
19 729
534 772
579 505
229 567
683 473
140 306
744 980
310 9
183 398
922 254
258 265
27 344
835 316
1 55
689 1
92 146
648 529
49 879
387 807
974 535
293 397
367 668
124 951
947 55
471 362
832 514
262 672
642 775
56 44
27 683
274 284
125 811
331 751
323 209
845 69
454 67
797 861
818 72
780 111
816 335
886 655
695 175
39 754
772 437
869 441
944 117
449 783
672 752
559 520
312 973
325 72
841 135
441 909
234 836
674 26
410 454
1 32
891 919
640 579
978 901
608 415
43 464
569 958
210 996
26 847
892 32
168 483
500 257
651 575
265 75
476 281
348 694
83 698
688 465
342 783
330 421
331 291
584 152
542 436
630 853
310 792
571 941
73 740
666 980
512 56
429 178
886 715
323 708
498 303
170 990
283 361
688 432
259 855
403 890
132 854
769 973
687 46
89 48
740 732
928 572
852 45
600 812
242 130
75 220
192 973
685 461
101 773
831 1
340 545
568 962
696 327
638 738
867 32
874 262
766 666
514 916
323 449
104 30
678 523
927 682
618 230
693 543
247 297
900 158
225 404
59 810
725 708
482 758
900 471
275 922
378 720
211 498
392 336
679 443
437 986
876 241
907 784
375 530
710 519
11 865
976 460
664 921
231 657
0 942
967 184
110 473
300 123
448 352
552 206
467 479
499 706
293 311
665 622
341 505
365 380
310 472
467 413
27 728
642 426
637 846
40 64
296 278
696 791
116 755
511 191
926 487
317 760
718 447
606 668
516 49
968 579
916 325
343 387
672 253
963 178
629 123
11 986
845 197
835 783
147 471
417 232
478 918
966 111
972 940
95 399
64 117
651 473
47 637
207 459
940 763
429 190
395 366
220 354
10 827
592 752
539 496
122 531
22 768
946 828
467 260
544 905
78 234
891 410
875 628
361 23
785 679
908 881
115 598
518 892
193 851
563 781
69 658
605 342
937 98
397 323
614 793
877 384
128 859
979 481
445 30
479 165
436 580
149 376
946 254
606 476
79 298
593 107
471 657
903 620
205 752
20 103
658 424
617 71
523 292
135 771
81 239
598 456
729 327
771 599
940 106
848 734
881 611
629 878
53 129
12 769
5 861
522 845
786 781
761 138
964 122
251 92
738 50
170 348
892 523
162 137
548 341
599 407
913 331
107 610
659 278
256 849
197 845
547 441
723 668
553 261
773 784
388 735
732 453
534 54
306 796
119 108
422 573
833 642
532 884
423 50
491 939
614 520
872 956
540 199
9 41
525 572
771 907
549 657
708 427
575 664
173 367
572 81
799 4
864 402
455 637
710 371
924 326
811 619
28 911
200 130
887 352
497 987
371 302
562 29
446 615
274 872
650 839
639 255
995 288
673 405
972 455
331 416
816 89
435 245
292 10
411 686
457 733
656 551
607 725
184 521
445 302
793 464
350 577
884 440
613 723
735 167
129 73
106 942
171 9
210 650
380 808
169 585
268 956
615 763
213 949
658 703
166 613
928 70
3 8
957 296
386 850
744 930
624 484
256 9
602 59
724 526
184 869
279 373
523 288
826 91
512 769
260 371
876 718
389 733
