100
723590918 -139534544 -921004033 -304354440 -22055972 -466033268 -849748548 -988882288
197508098 -227460148 543826671 783653638 685856726 255956098 -239058557 -378943062
-114981239 -882429694 -484840635 666520222 -395245686 -503405535 845852442 47803290
982069252 -217659761 438230867 27173082 709465725 -734505266 -218700123 -94923105
682450638 -733094653 222654841 38473492 506140967 -931508026 845608664 -575546486
-955076622 -968928756 346323113 229166916 -174623139 8854861 -123469515 -836131512
812557370 684539455 253894317 413043192 -356279991 760837991 435360145 591669368
-599367254 -831053573 -61091548 842904167 -136561134 -508441515 -437333309 99236106
-653817401 737296553 -422099057 515773001 865725702 -236659401 832144963 296729053
-424327434 742282188 -386835719 -221059727 350163459 -929064401 834793263 -111747915
-956035193 186170750 470537862 -953089903 597869588 -148747849 267709718 -298626185
527773280 233727827 71926123 792327377 -372325682 -240979700 -124001247 -521513579
899670976 203364119 -501715959 -97239665 529115757 -973931417 316119456 -914036644
128177266 972279042 -367377727 604603227 -135977782 -600640710 536974504 -687026142
-739349218 702293944 -940386538 186573528 118184189 974774207 723825084 -376101459
-794597193 -567318118 -27020085 521959335 988501501 -715448779 8560663 942617979
830072852 307812808 -345001241 655339153 736334262 -67965349 623749163 958124677
778416286 -619645396 -685189044 833867224 762520766 -697930987 976946049 -31784992
978970968 33262272 -766246011 -757596732 -879035688 -659534394 883710470 464739838
-103344885 -885586581 227002464 617537153 -583740161 -10890023 153880908 44065153
143906567 395068415 63189941 -165434148 -965971237 210560518 859715755 912815651
-833366052 -253710997 -493458572 984688573 -749651279 53303271 -682202212 -575636747
-491614769 673500970 -969214089 -4612499 152109402 413536858 991674396 -309270145
690998175 609497095 -245906575 -384781893 -90383784 -299784238 282022596 526911106
628631253 -827209199 243767751 396391244 956260528 9990392 451030681 -200003791
575550573 644949514 531219103 -304973305 822148142 508436383 -186561373 -161919442
-6798721 -328168231 666972116 -317935171 -606596275 -871013003 -373596706 388654067
-919270131 -904569168 650325582 979620983 -51552873 866938903 -13789188 -828124814
754872991 -300182662 958093077 -475679274 99284940 -902213121 -598005309 461502914
950295670 -763572142 -198513284 -697293058 27572993 -371708934 94439140 146559905
-671507503 150084551 745807456 -361863982 820894520 -628917333 344403747 -203433447
167644729 -235774450 -766137223 762127875 194465440 30076767 -475197063 -278550971
-135454442 800341616 918715699 -85062750 -383343314 799471180 546525169 -757168412
396967424 40630244 -156108640 -809140620 -994984088 988106737 -152005056 917110374
-734483206 380814667 -464047685 -480896430 -886586794 -91933219 -781539397 -72726101
361291936 -175593152 -261630066 -384490188 788395115 743201932 -791856636 463666102
-401562580 200887785 263456445 96086899 -226316258 795272640 -522216864 699033419
-146909310 -383681791 37699708 804734186 -622579792 986440522 252710729 291801837
-864370901 105327944 -467615034 -510138317 -133945421 227863287 501985773 420823548
528168152 -77386774 -21825982 802201917 -498163330 -782705274 -921251846 851124840
-510096523 -6243568 -906629931 429194356 -653164711 -147994422 -552607863 250233813
-511871499 367243701 -213297321 -250940659 882026089 459800440 877524809 -993416612
-58519305 932949593 623257354 -840861549 -413684630 -51200153 774035298 357965575
-636436445 -480802118 610718796 984048288 -152202047 639742931 -235610443 812063761
100025708 889504285 -601659437 -120923870 -377152578 -489128043 759851040 239927592
-424050609 -304259195 621636594 -461468009 437594588 -977186965 678137785 216633262
732222740 -263359495 828425684 343261264 -559911170 476804150 -385916912 440643315
453196809 339285186 874411710 -24641871 -488954446 -196410058 296314735 364345468
-375981876 -64233047 468075854 460176751 951224912 -414403301 872647743 -117966465
258232000 954641360 -642567464 -67129784 -197575023 429173988 52878867 780341515
-491072274 686473464 743700742 623422667 160474117 -700340352 -993423388 136808436
-947728763 -967667243 -208694917 -146706834 -739832056 -202557414 743722458 -999749538
-302959585 243009951 -90066851 -327842439 380359618 689227475 -164493763 641413263
-203346638 535523778 -957162903 979895538 -790402159 453107313 -395820022 -49946755
214636648 -987094400 856263546 -868776956 673450793 812294892 196948846 32308179
-529744338 938534570 -483869803 -6101551 -401136629 779610869 -60407770 -492499574
141961926 281012727 -379931328 59206498 898055223 -505987252 828385995 242581517
-87113078 795824403 -558106709 -754690340 -194935830 -942122178 899479483 -413613912
401865451 -240698617 848232267 362186270 -72539487 119457619 -770340646 757136359
517147956 174146677 443967542 642552457 973669030 837528254 -846817383 -26091328
981210395 -826885438 295311619 274708924 446868360 139057386 272398546 -867439095
410323508 -789383605 -124173844 526621079 526485185 876331216 677493796 16906766
454857810 -808101253 -577583402 36141840 977573745 -849816921 -161282645 -634235610
104299568 -714242196 -161837193 257988520 -787512061 -622986376 2745827 400413605
-187263337 583793143 -550917636 51151249 -459902402 -770632067 -917898527 663096109
-654817584 -223940848 590117382 -878714044 947962825 -112830144 -363222346 -805307026
331777908 889250499 459612072 739073165 -583034813 398219465 -441334555 -492583053
258398670 -316629424 -874322527 -325478549 -78254009 -451369769 -151837141 -608903578
615818014 -799601611 -157355337 -352583203 -47125573 -329131167 63230116 198001211
575268312 -756325994 554644039 314520143 -577523200 -701965744 412161032 380003280
-639766528 837866315 42075855 423160867 109172252 824122691 935756161 64311979
488538502 -780446847 -208588281 -341053581 -228971449 -883381134 119274644 143331522
-481615864 -274803290 -420514693 131681265 742443901 -295875084 770885803 -179648162
14614460 355712456 28450169 -961011612 747502917 813035494 -461086469 37826028
634609988 -552454684 -701351797 -107121282 438476899 -781473399 -113761986 158753156
33893986 503974635 466105772 -348666979 -444141192 6938278 -436449302 -299172947
122440484 -541792021 95543491 446435572 657091044 -269899902 -997761145 -938625463
-468577912 -238053866 985289841 79747171 560197385 159697121 545141469 -492182506
191152138 -253501724 639885001 486132297 580821065 -56727701 516482193 -743896689
-424903630 -664545736 520301266 -725911709 -146059185 -568156047 761602821 186273625
-426689698 -512194380 -786150421 990579120 278796742 892086157 -404093466 -744616215
869981514 -409030665 -567622445 -877931331 -860915117 -681806215 331983354 -971436896
-825547299 -29914680 -320533242 242586162 740444162 -695733366 389569185 -744583475
-561722079 -810614101 852362302 -873455701 977741076 -276443112 -860680047 812299401
445883492 -212771578 116110381 -425332814 798706208 741337652 -64306691 369026696
-937325861 -351943243 -274441091 -835847646 -940834563 -198388695 -476657376 224194670
-390411131 687980791 646697645 -341073856 -160005222 -567357465 -219430492 -303626639
527193361 -480558470 -76113709 -439013341 -550748020 -710656207 767920680 -769926740
-888466983 180311236 674728368 -128525559 -966386010 -37771047 985069692 436213581
-540794590 -500944860 -472180100 -546172557 805205590 -396587384 775215677 947346129
-315736888 969941007 -543879977 92567055 393583777 -875570680 912103189 310232012
-540077122 -448379871 -199199779 -773293637 692534056 -466343588 -171411657 890448428
138028574 442955771 -45371113 982238566 403319324 917953356 -813564133 338858891
307239570 307104125 943367625 327428839 -450195522 132785676 -807191344 -419922006
-783776088 -426035334 999669889 999632748 -165209444 -576081635 294601957 787022785
-858024513 357106433 724896238 -773606592 -476679566 662888088 430814555 -821347320
-544168732 647447560 124729758 570872564 686317739 392576910 197686906 -737962634
359432912 -699779474 375639374 901704184 -832485853 545550795 996422922 629078849
888933877 540146821 -413709102 465155043 999250183 861896767 -327584442 77384533
-533352028 655993099 787676124 90917552 -497398581 -541599307 -891725208 300704515
