100
-8 -94 87 -21 26 16 86 41
-24 -61 -86 100 24 -74 -79 -60
-59 29 -11 96 3 76 -10 8
74 -15 -44 11 88 -91 81 34
50 67 -51 -72 60 -30 51 76
94 -76 46 69 14 -55 41 -66
44 -57 -34 52 -50 66 -74 -26
-40 -33 -37 88 -100 61 30 -38
-60 -2 27 45 -52 -34 89 68
-13 -85 16 -75 74 -59 40 89
84 77 80 -74 61 25 94 -11
44 13 87 49 87 -43 56 -25
39 0 81 -38 -79 39 51 27
88 -23 40 50 -53 -98 -53 12
58 -86 54 22 34 -93 -9 50
-73 -87 -12 -99 -93 -95 -5 34
-21 12 39 78 -29 -5 82 28
69 58 40 59 -36 89 -43 -63
-65 86 83 50 21 91 93 -38
54 -76 97 29 37 5 -83 -93
19 94 -69 49 62 95 28 13
64 35 -89 24 46 -4 58 -90
-52 -26 0 -94 -61 -5 91 -55
-69 26 88 38 30 91 68 -81
58 98 5 21 -49 85 40 71
-16 -67 17 -76 99 -97 -51 19
91 33 -98 -24 -74 17 57 -57
-44 29 -96 -39 -8 73 -82 -15
-73 -52 3 93 -13 -85 84 27
-27 -61 -100 34 14 -11 -70 -17
-39 -79 -16 -60 -37 -89 11 -2
-45 35 22 -43 -74 -95 -99 40
37 -24 74 49 -88 63 93 -86
-80 44 96 -48 -36 31 -15 -62
-32 0 80 -32 -61 -62 59 35
19 80 -100 58 -78 2 -52 13
-52 58 -58 40 46 41 -75 -39
3 72 44 17 99 71 -20 -15
25 -92 21 63 -64 -91 89 -57
-29 46 30 13 23 -71 -45 77
-55 -48 -34 26 -26 -40 75 100
93 -1 -98 53 -68 -30 -42 -76
-94 -9 -2 -66 -52 54 -72 -17
-94 52 -87 -4 -61 4 65 3
-62 -96 49 -86 -39 75 -80 -51
-13 2 -17 63 42 78 60 10
49 -96 33 -61 -19 -28 -25 39
83 59 46 -59 36 65 -78 -6
-89 -12 -8 -31 37 -65 -10 -35
-91 -55 -93 -49 3 33 22 45
12 81 60 -65 32 71 71 34
24 -47 -20 -51 73 -11 -13 20
7 66 3 -91 -71 -22 15 -35
-71 4 -99 -68 86 -66 -88 35
-18 -36 -78 -45 -7 -70 9 60
-77 -1 -69 -25 -42 97 86 -74
-100 -8 -12 79 92 -39 87 74
-98 17 12 -62 30 5 96 -62
-65 64 68 3 97 2 41 6
21 -26 84 27 -84 -4 -47 -95
13 31 -45 -96 23 96 19 88
86 35 -47 40 47 1 -76 30
43 68 -33 -38 23 96 -98 4
-84 -42 17 61 14 -93 -22 32
-34 -31 -96 31 28 72 48 -87
15 -59 -11 -17 -58 -16 76 2
-57 26 -25 -74 61 -17 -6 29
13 -30 -49 24 91 93 -67 61
22 -63 -77 -13 -30 -22 -51 29
-38 -78 -76 -10 -95 87 -100 83
98 -41 -79 94 -25 7 88 58
-98 -50 56 47 -81 -48 7 51
67 -15 19 -70 17 -78 -11 6
-95 -91 100 -92 91 73 70 -55
-36 -32 41 90 70 -4 82 -8
-86 43 18 38 -47 83 19 88
-23 -38 -41 33 -19 -19 -11 -28
26 -33 41 -59 98 22 -54 -70
-87 -30 -17 -9 73 87 80 79
27 -22 -58 -77 -91 -100 92 -14
87 44 -51 80 47 -84 78 24
16 61 7 73 99 31 84 -93
96 100 9 -62 -45 -92 73 -96
-23 44 99 -5 89 -74 8 96
-21 -22 19 -37 48 -36 -44 76
-28 60 -2 18 25 -100 66 -43
-82 28 22 -57 -21 63 -55 85
-61 -83 -55 41 77 39 13 -67
-68 19 40 52 -23 -12 -47 74
-6 29 -39 -76 -19 47 -79 -16
-34 -58 87 -10 72 -73 -18 -80
51 82 22 95 -4 -21 -84 21
38 27 -93 95 52 59 -14 34
-85 -96 -99 46 84 -23 70 -45
-25 -99 -78 -67 87 -1 46 10
-94 -45 46 -30 -79 37 -74 -9
78 -89 -47 -58 55 0 -80 -5
-58 -98 -54 -87 -27 17 -45 20
-84 46 -5 -24 87 -40 -88 -27
52 51 -14 -45 -47 33 44 60
