100
2715 -158 5590 -3426 3553 4901 -4963 -1377
-8717 -5313 3093 -1188 4888 -6748 3450 -5276
-7674 3529 -4649 -6008 -3618 -2148 2789 -6187
1060 -5114 760 -8746 -7740 4261 4020 -296
-1539 2483 7930 5532 -4564 4490 -1229 -5626
6586 -5930 7459 9267 4532 -3468 -5330 -9816
-1018 -529 -9209 2277 1781 -1831 4019 -7297
6272 3535 -60 -2811 -4171 -5565 3944 9106
-4621 3924 7124 -4550 3367 9651 9623 -336
2228 8832 935 5183 -7908 -8612 -5356 6139
9200 3693 -1739 -5176 1712 3643 8432 -100
-8753 1099 7403 8533 -7755 7739 -7968 -9741
-7341 -1900 -2722 -5228 7431 7082 -8340 -5404
-9962 8131 8111 -6633 -8663 9168 -7803 9923
6455 8201 5966 2432 3 -3554 -3144 8482
4660 597 4308 4579 -132 -5736 46 -8026
-1844 5233 -4358 -6030 4838 -7747 101 2357
30 -1038 -3548 3286 -1007 5839 9960 -5032
7473 -6595 -5073 9926 8832 -6168 -6422 -5780
-772 6508 -1099 -1280 6049 -3282 -762 -130
9203 3553 -8781 984 8633 6475 -7702 -9953
8232 -8549 2503 -7694 -1766 1120 -9580 1969
-6131 -340 -5189 8870 -2283 2675 -6341 2865
-8147 6126 -6733 -2316 7267 2099 5384 -9999
-1026 6624 7045 3706 -7733 8849 -1457 -6017
-5107 7375 -3875 5369 4708 4063 -3623 -214
3170 557 -9497 -6 3154 5525 6682 8739
-4115 -3413 8011 -9109 9604 7628 4123 3506
4901 5589 -381 7647 1667 -9684 -4318 5493
6317 -8791 1597 6539 3495 -3063 5080 -2032
-5207 8003 -2166 3727 27 6304 -1442 244
-9175 -9890 -9346 -4709 -4628 5336 9432 -5388
-2487 9571 389 4374 -798 -4861 -3182 -3937
-7831 9518 -6045 8700 1395 6971 -9744 -8419
-6908 1853 -2040 -7008 1572 -9694 7443 8779
450 2826 -5493 -9669 -7124 -7946 -850 6188
-1222 7275 -8879 -4858 1667 3081 -7325 -9561
-9858 -5737 -1293 -1150 -5201 -6391 4356 8813
2564 1087 418 5278 -9108 6178 8859 5952
9764 8790 3592 -6481 7207 3188 -7991 4688
-6574 1634 4572 1565 -5185 7862 -7235 454
4700 -4607 -3443 1549 -5717 1299 4941 1118
5227 -2778 -8639 9533 -7821 3584 9821 9331
3853 -4738 -6849 -7842 -715 726 -7120 323
-2788 -5520 1859 2634 8414 35 -1784 5420
2013 -7312 4063 -5770 -2655 -7100 -5207 -6652
6454 -976 -4424 -3952 3 7740 7523 9965
939 9690 -67 792 -4287 -1480 2314 6631
3281 4276 3953 -1206 4128 -8745 -1880 5808
375 -5896 5809 -3040 -5856 9564 120 -9622
2976 9702 -507 -7667 -5654 4522 -3450 -3640
5912 7470 615 -51 -2903 -522 -1979 9907
-7089 -2419 -8040 3759 1144 -7274 4993 -3945
-2267 5933 2055 8936 7426 2860 -4974 -9
-9506 -9726 8450 4770 -6279 2898 3448 -7673
-8435 -8100 6056 -809 -7932 6306 -757 7351
-4476 -6416 5730 1978 9969 5283 -3458 1812
-2504 -4041 -474 -4291 -5704 -5698 -2417 -6810
-8855 -4573 -5288 7184 -4582 6086 -5062 -3626
8221 -442 -9805 5183 939 2767 -5759 -277
-5531 6088 1000 -1032 -6281 -5189 -7648 38
7726 9380 8831 4553 -3877 -4034 -5046 8685
-9664 -3065 -9085 7757 -7569 7928 -9309 8946
7089 2973 5943 -2207 4119 9886 -6549 7593
9516 -50 -2567 -379 -6107 1630 -321 4945
-9287 -9730 7366 -2017 -8778 -7558 2438 -2879
5996 7938 5880 -3185 6375 1720 6034 9582
-4247 -3588 -1958 -2277 8548 108 -6796 2568
-8838 2206 8922 4487 5012 3119 6716 -8340
1279 928 2788 5199 -5257 1109 2725 654
6264 -8460 5389 -9843 780 7754 9441 -5074
8781 -8950 -5448 774 9113 -2430 9766 5374
8404 -749 -2679 -4566 8617 -1328 9619 -5418
8011 6764 9412 3308 -6569 -8595 -9280 8534
-4591 3747 -6975 4894 -2169 8647 8564 9929
-3504 9998 -5157 844 -4468 -9717 -4435 1703
4129 -1514 -4088 221 7326 -3258 7469 5774
1846 -2317 5191 -2604 -788 -6412 -9346 -9166
-6694 6765 -1261 2915 5720 4322 9661 -3829
2849 -2646 -4731 -3678 9106 -5533 -1690 8625
7691 -5376 8845 4103 8458 1890 -5750 5728
-6379 3841 9052 -8228 1378 -4669 7599 7734
-2916 -6612 3304 8267 5235 -6153 894 -1037
36 -9145 7641 -1311 7709 -363 -5628 9944
3023 -7913 -8538 5473 1209 -2599 -766 -5825
6884 -6993 7651 -7374 -5191 -8483 1509 7156
2393 2685 -4381 -2726 7455 -2144 6252 869
4780 -3550 -3696 3118 -5837 -1603 -982 -6726
7410 -1884 2907 4599 -6366 6980 -2141 8139
5713 -7921 1097 -6979 -2977 9329 1721 -8072
-8046 -5799 8686 2572 7882 9219 8452 -4603
207 9713 3374 -7079 280 -8127 -6299 -8588
-8148 -600 -6458 -7343 -5665 4112 2183 8871
-7316 -8412 8320 -3263 8703 6521 7688 -8889
-6509 2304 4244 -7797 -3219 -9193 -2653 152
5417 5713 -8836 -4244 2187 8693 -2823 -9926
-3725 9433 -3247 -4743 13 -7873 4627 3481
-2796 1804 -9988 9570 8170 6393 7840 -3805
9133 6723 -4840 -1090 9699 7095 8714 -4283
3215 -8006 7668 1120 -9135 -9241 9027 5047
