100
157802715 -367746458 700642572 -34412895 -985409133 -881975288 693888734 386522613
-782690732 -818848526 -756730603 73716941 999526515 -56544607 443355368 117526108
-938433064 399467942 -13251634 286484182 -447592026 862145660 -536464189 820127663
944892337 710760614 11089433 651252846 -147962775 559695488 122466075 262589449
-605443565 -848270517 -403310442 -115227991 -670191245 1934376 745573215 -674577888
369166199 -340486890 324306267 145491722 -527605072 -317140490 -737463616 -5348419
-16003797 -345526943 53153200 -898789342 273973069 466774146 374331918 500346396
641236207 -823490931 481454738 163357347 8895968 277261885 172483867 575210774
-467562307 395192389 -687102834 289462144 -755383920 -863200126 -277113198 796878570
-168619504 -347635792 509208488 -332588182 24749024 -271840445 199202617 3986558
452267173 677417746 -333697135 -305067644 541377237 -589592902 603888643 414810679
-444775001 958980019 574226217 -113648440 -605908438 -206297619 861039433 -915137640
387159922 90559782 230260436 -435415920 -73171988 952470731 304154376 -657703906
-583068536 -47584587 -840833588 328636603 958324590 611827484 -380717954 729209419
-516204608 -300578574 -871459768 -203018232 -888480422 -892520470 -497113012 700121279
132392950 813413353 123479229 -314150581 858724729 -251834177 515318953 670388718
242110327 -578773122 675512453 164340202 -144881786 -521668422 -237369808 -728317225
-381481615 685784055 -655368265 247479397 502419669 -456922012 5504940 -31862352
-757742824 -53432198 -306917723 828880043 -978146579 -277408958 -305019968 -425692897
-758065769 -754811789 608534572 469607221 -131741544 -160163341 567302552 -524770147
-858070885 -850629718 -971381322 -258511744 583231216 -571563395 548088503 469803561
-448344418 -328773782 -207003196 850123874 -320344388 -892377863 -728732566 -41035790
835071265 690714484 -261615831 -398176417 713827434 -619002900 -81760621 9267680
-781668310 -95351558 446195773 -846589407 662749634 -521227458 -652665010 -568600867
450526672 776141610 -33946845 970772230 160210636 217238448 -647932689 -988948394
543007817 -680979706 565505923 -16375054 -908607254 263463266 439708528 -753910484
-495000825 -426324352 922775845 -777143193 415622512 -845499492 680231257 17446150
-382658231 400246071 224133833 72040168 796771204 777929775 275086800 440888467
-427376131 -291681539 587895663 507637384 457586532 -505523210 697336999 -220419677
997117083 882269493 393558457 -584682966 574013371 -524898819 888532148 -848213986
99911019 285265259 955046901 349696967 714963807 -786627405 629822677 -941570555
731489876 294459235 -461515758 -449638913 529085937 -197895840 103209640 -219997391
155185984 578119623 -809130765 315638824 -363269909 940314097 -908840846 202910247
945215554 174573966 -935864618 -367006768 -137676897 -953403814 -483375043 825596012
652285163 480918399 -324618632 -37138985 -649664967 54031495 731587464 864684811
-271306096 738127868 -669326040 640213319 277429446 -793641569 -863334524 918932955
-339002745 964257345 -834758393 28583571 270907765 -562231487 -897504942 888742589
-293473174 458794312 -146429223 -3212584 -953246521 935963206 701839581 -22959022
773129422 -821540240 -265407710 -976757625 -667452377 -69415954 495485212 873086736
-837628266 -24637537 -557159060 -417096434 105747820 47278960 -522962265 -661526134
280223140 -689334549 -746593815 620460645 -179528321 -951424533 798599188 813971065
-348927667 493461044 789138254 -87467779 -939363277 -380533244 176178294 -971636045
249175028 242039946 -764805498 -578003468 906547363 346287325 -909328416 -610243525
419065095 -284762110 832783972 -262453499 -889304266 -133591347 275520228 747573227
208790846 508406949 -521679068 -915037655 -376105923 -630894754 978081751 -687560892
259780903 618930657 956077670 -490413813 -440204220 -481991935 532018192 -762898856
36420149 -274404578 490112756 926022282 508523599 -2866501 -845666098 -839690896
341244714 -996002556 615399128 537928243 17992479 449332095 -240006446 -41803298
-874117248 -594755387 10450888 -744394942 -128827418 -95793156 -986726009 -196746403
-581643300 87464737 657278504 449826046 -208283182 821819219 -774450804 531817453
-14757353 -719499505 -763799636 230134727 614657301 292778039 863425030 -701284138
-331348342 380978460 -537687425 189182217 672349792 898177209 -614955732 -971419517
-234217782 952443929 148584137 102305099 817727646 -761407731 31488199 709910817
702143285 -575321533 673808304 676572172 -925250128 994735870 776861504 -372404010
-843803273 784821331 -214365281 -780724258 157667978 -746770016 813559206 -417439472
-645851312 874210771 -417388797 -303906822 310253961 512276881 -963335137 955089144
-625725804 -724674100 -909533940 -774158252 -925333831 429580222 580734289 -991559699
465136485 490786261 120710030 787098743 858302197 -319013709 -438382766 -495126717
-792174811 -601942449 -377584998 -635452618 988474384 -506814152 828639463 160095963
972346851 -901300742 976532986 -187693675 -398933214 670521497 439076399 -97615379
-138952298 -344936390 -7247244 -167910646 -47385646 -57198878 151804388 -332310722
988958049 29813589 76325636 -138093124 -650336369 575549216 746591896 -16342680
-427288368 214973107 -546552285 524414663 -546170672 817852838 -376459270 133584662
-11691241 504985884 -496282876 -459492746 722856536 336269893 -894467056 488952644
-308642093 871488647 -487315850 -847104366 285527165 21515651 -489078054 -418266973
-121685514 -687868822 -200677826 584764451 -970475590 -587392462 -425969068 765431933
-543810226 -761833086 -385310509 -380909870 -99128739 -3558715 138570530 -382363299
41795444 -504459423 -188996961 -31791368 984934487 872646146 20695948 106429623
690942462 -48508400 436219030 -968554574 -944118225 98930751 -176241404 788111585
-993564999 -552275388 613596025 990508319 264274506 927579045 15708005 390540113
839630062 -894010967 -491784434 423938720 546367012 -157939601 -947620809 -528547102
-194644321 -579660005 -427176042 -795968213 75586023 326064654 231036360 292311783
119873065 262346023 -593952240 970776311 -473172207 -296533708 388276640 668306191
659737010 442764665 668508125 -163630651 -219066952 535281875 287036375 262289282
-385738635 275671285 126249827 275644567 773590665 196213709 193080791 -73370009
-64420306 -29364987 61468770 116092354 400032798 -644916827 -712832043 -631335630
-955512017 -383801802 -590825280 20782335 678208653 212598109 -939853163 -715746297
145390229 969987327 -855529305 643369694 334163281 591301627 419712948 -288629714
437704128 138787919 -579031997 -851848077 -252277751 980339294 548612390 -21767345
754114253 -179469281 -271673206 566554005 -513649293 867687071 246099626 969668714
-647280216 624066730 591578411 635393668 735284464 -11328554 -324125604 425977370
658239216 -168960911 -299957034 307193688 -958963050 683863746 575911065 -4631441
214903226 -870834584 -534604860 314566854 911593840 598775264 400423665 369174862
-12490516 -461077470 863632683 852680691 266468626 994685546 -535267443 98671662
-697273324 781729912 -166860105 272562397 902591136 -208285584 -513796520 412823358
383186902 -807541795 -444713161 -898598909 -8123720 -267199704 -554423041 711016033
-240824544 -598552735 -129720107 -709542508 -571763749 189233226 -946566420 160245329
279076283 -850063696 -480029709 -801176039 -758238483 -672203267 465280064 885182499
-21631175 -684401429 563153816 143348312 -700383405 282006429 338835576 -952193302
43324195 -978243883 -1712294 -921989474 -333030802 24238672 -769448997 684864670
-759855100 254225577 -945699677 200513432 505916942 52871952 -54025206 535136913
-73974305 -211536036 -762999858 732115964 143584194 468572898 -972629609 -756961182
-386442204 -177805553 -194182206 783842812 166299311 478484335 96991330 -594027860
154569313 57496775 716808795 127560008 -512835775 -102522769 889090433 733775324
97446338 -22197342 -449553416 -243976104 104874315 -275040586 561418103 -588221489
-611585928 538812609 -529135001 -340736926 758643745 92701933 -343841393 679235935
-404796921 -162959179 997229827 -914305837 413131228 -58138955 250908148 -359192412
382447803 -534263793 -168309365 -681334247 -193758138 -623850048 135910989 -905818290
-627008565 -568620631 68633450 -843302712 292745433 550540147 -475432552 377674109
-673928401 40069931 343287546 -356910140 -660577064 -743229398 382844987 -17698352
