100
-51551707 839741211 -599445810 809112521 712154813 -881794735 -955491893 800439499
604848139 52420080 -633801899 -290804060 991947236 -996340563 739370264 -516740204
177890536 158072320 -32118799 125993891 695640408 84988683 -929248855 -101931952
934197822 -255516434 36953557 -303454659 652052693 -150591719 -526373841 67485032
-776194152 774753635 -723596738 -112319868 59223301 201077049 -676797020 83882117
-430987277 532124659 683796740 -173008837 -415955059 -606888894 554878350 573811734
272259306 -923927354 276564776 -796793336 -803118006 696103356 486086970 -71472760
864162800 955459541 -339127786 816341938 846376599 358268449 488590219 157220754
-453495510 896602853 -571464605 -240408957 -118964962 -405698166 44057683 689727671
-339577565 -413867629 961019421 -628929073 563193597 714195924 542208993 412992587
192358889 -649666902 521531141 580640850 96792069 646362732 549542288 480546464
-634387908 448889731 -311305078 -627549923 100513740 -360305832 -527032772 -3034128
-769174567 -185640240 -900307195 53500985 -612197016 883037847 441651033 -280775757
-801755421 534163265 791512206 33634924 -503085367 -893950805 -699338908 453192492
-235296441 946530340 -197382783 15559587 124274050 940383161 -629361618 -373037512
322876593 692973271 -941873319 -610649524 936786298 -479817006 -447385779 -940920306
-102971688 7810884 -935469602 411434647 24452354 934641663 202532645 -806918988
582061309 396631665 175726821 126131296 641158677 -790898336 -560254173 -404171115
594887779 -268366460 -714818530 804989775 -812631437 112846669 -269476503 391765589
613923855 85922202 197787473 612552782 853899138 -765625111 -141377876 -924456108
258964588 537211205 -655206428 307092378 -947693030 -579298999 986398470 -680501142
-413631001 -465801986 -953744696 -364677227 -299355544 -867847970 -368977069 -949059391
-129509398 45670980 388103003 314974501 -906365282 -580934992 -548537698 -285185823
-72809998 -423522889 -959961462 -335563784 -396247302 761545610 -264045828 71327979
160456717 524625186 542971635 -689797267 -358529277 179802753 -253823526 937526046
-505031756 306064914 910862710 830157783 -274624836 119803272 -214893885 -379244266
-810386607 506327213 -342288228 992795726 668803489 246551786 33845782 536884540
-22502979 808426617 904290648 -784807131 -156828603 -567189796 -94635930 658367212
976633745 -984572580 909527083 -173907320 519149622 -964985352 -562962115 -694576840
-205723481 173392140 -96215308 884390418 -238773089 -537270424 797604989 -983400280
-885161598 -681025523 -625956596 637417046 373719777 383358851 -815698639 417694251
-13472484 -228891942 15720507 255796475 26388188 766016597 694912809 391868442
-797692341 -992881784 624018010 519660617 745354045 -126482390 -213185236 886324225
76533715 895194236 -121295162 -185892192 866904701 -186444802 461229260 960925
887138373 -740595480 -469684290 454524629 627472820 819689428 -39144722 -406030844
-604189596 179354489 928119324 -707982556 -505146735 573023919 261620989 -339064356
563472018 -118347194 84345207 832886441 773571908 -139659532 -462896380 -148352273
-746676730 -411706619 573763652 763129390 988404932 -390140574 -361796775 -282062548
-642171635 597510063 634106505 -25879333 30397425 -761768661 485692135 -126802184
-68183189 -971339710 -837009767 31937118 172982934 -451319754 619815736 -161788517
671741577 83255384 961046272 26271849 -780355557 330152754 -502751629 727466106
176524678 733999941 -35802213 719730868 -100641558 374119738 386394856 -202594478
-38272640 208571661 981924363 -480569825 -109916749 6548807 -721241204 -697757178
-681938379 654542512 205300118 725714713 968892120 783913250 -370586789 631020206
502327052 971472761 -422721755 12699044 -611697674 394746023 48933627 448925891
81636905 -785756188 565693932 -560564927 342675715 -101487102 311823355 441221985
-721831514 707411422 -901177690 -222940270 -920505323 -622931066 852850952 858033884
-472587575 341130253 -339146742 -562554771 306925137 -152526438 -762913036 302317443
464586491 846169834 -465723183 244600643 -938373782 161417062 430720837 -124924050
-289432007 -547315575 12423928 117893761 997224144 404396179 -284152904 202611543
575703618 -691261842 -769022523 -72835313 -8643956 141086373 -235166964 -585086103
242052594 -866927484 659624213 -757481259 -136984652 951528005 -482395235 -68568292
760277119 698042921 -622277602 -744807779 162652302 682390942 -783657696 -522771501
40623253 241569108 -879350063 -602670993 150345010 230509411 32401625 918886973
-850800686 239113669 -325384296 -402995831 -601202844 924463744 357792479 -334878381
-365591392 585985937 675671549 -45429104 731779542 793042029 927838698 24288055
743717240 738631447 114644000 23135969 -316827594 370829388 -479086364 354332549
-445825409 -79396482 590195383 -318646005 -239338943 47808617 -345919772 170335087
-971228468 634083924 -754757318 611651796 94515430 -677889836 531118737 -909775723
310301347 137132052 -821240815 -907376383 49326510 417641008 -352113803 43478571
-694448928 -26796533 -301962854 99492945 -915148096 -983483268 -284036441 855206058
673377965 578060085 685064915 881695751 -751084569 -269050928 268792648 -703464683
778821527 -653237469 -256712657 -312867881 730738328 -106952482 576912956 -52892831
708687411 921663726 -807524272 508762169 325924142 770520591 -510583251 -743854141
555431530 -473358801 435470446 -342073303 -567020137 -896132699 -640835384 -74603830
-182776279 234063453 -355300306 -867359152 -466141710 -601726061 664220655 885623274
53955362 701616717 -165729514 224955065 -772356145 389185055 553982036 222723247
283858920 -97987725 -805473540 -47697825 953281619 -162788554 267369191 -59549360
244998265 314793424 545710776 -217922481 740251300 741903806 -995682544 692181423
-211542737 -608933388 870829374 712035092 150448521 572488122 867879698 -589196321
-351581152 889362895 426006065 -364522566 -813234913 -548407746 330841758 -178903898
-708921232 -726397839 560206141 982878523 -788439915 -299586195 -176696974 638110549
309830950 -177757780 241073150 316300862 301993876 36979426 -922244422 491509960
-766445711 -326087064 542529827 364255570 -505408551 868583261 649689295 140384707
637804923 666114279 -211872884 685101202 906158919 -887514473 -826723052 -200748799
62961899 470120046 -383943575 353763505 -510942228 -243555101 -103893327 -266343393
118195704 -329933157 -873517096 435120910 -403086182 816455381 -830049102 -713720451
-7803499 683004864 109648048 634206403 -799813120 -280381448 -860853545 448609952
832860555 -347387488 210454483 204823263 -970794728 732478245 -899673692 138554916
910018907 668352887 760383576 961962652 755907576 938909200 895603501 -560797588
181355179 -518826654 -766815920 -110341992 -937820479 -196189781 142845043 -992197341
693616430 833641043 -91492123 900467310 -732405934 159927445 783401865 -134586000
-227307898 -927023208 -339452765 224794031 120194319 -420697472 487158426 614291303
819175486 -573298145 355562629 -821531466 -366240187 711847917 78434113 625715808
-955395698 -588760407 351700055 -243333449 252375663 -418311577 -332573487 -558187971
392074672 790981382 -629195915 486306893 -386681146 -461000944 -263100113 -842312280
-880522491 -959124436 -501696637 -166173366 -859261763 145755966 -315728105 -808100581
-496064932 97976296 465607515 -46267041 924108145 811932757 629974268 -252202167
-131221401 438652506 -116996033 119101653 275463311 -133336163 -746290125 784995333
357879443 207382718 -444091099 566632596 -891802030 891390786 -738187478 681613283
338201926 -518431765 -451560396 -499864487 251431936 753747351 -102465485 -467950764
98641640 -301587869 -643902555 -603471794 241543878 -174706994 706258203 250923374
112641421 -266126401 -41613418 -473313813 -44867192 -860347415 2684360 438527705
-191239541 808009232 -480459150 176093337 251563561 -386534629 -108300541 352311379
164909058 385008304 9256563 301939210 -769673410 707961597 -682584752 -697350236
326464749 -75667657 621706297 -942372502 692370631 72261045 370546381 -924418388
-215276538 498814655 312973079 905909725 833704925 -644114817 -586009195 -101825316
403057048 -771314667 -126525468 -824204466 80576081 205981638 924706825 -658765530
-839815092 -204113324 -906322338 -875605178 -449271824 -758831256 -961519593 463114303
449950307 -327715540 638338160 -188942539 -408212544 344859381 -778882443 -975033634
