100
-856550664 805493022 -145176211 885680809 -871677630 -600923152 331097572 770274299
812818240 -327095363 667397460 -924650092 45765040 718052364 -379999633 108500752
51230667 948653038 -896654324 459519626 -171985602 -60728977 -188811093 -144630181
-215391806 598411816 -545920858 -904981248 487970906 319415025 -310585097 602572981
-999081824 -509330546 687786221 720280670 387574220 -191367908 -114613266 289863454
210999853 618998681 123941551 709788586 20958326 316123923 -209061839 -932614022
-521234182 -587214763 518774529 -870210341 901219871 309095856 807302161 799498224
805593832 -208365202 535762119 617448642 337263916 832873060 65406513 465027505
-168267763 -596025075 -62858700 663231295 -825588434 36666743 -432562370 386296160
-992739210 734004013 53147067 -442521417 832813846 957787521 300199865 -190544133
-995486370 -313942771 379721892 -688243570 -956434104 -138692822 -183425602 108934191
322976347 110365501 -68585059 133148269 -968037833 609877090 -711294655 902102991
249248535 110271423 549114367 319138449 -149708198 605416482 517112430 805396804
709683533 666910896 577357037 564866322 47948751 -858214247 407354403 654383220
-28983468 81147184 -921382152 317581349 238324717 469610236 971315446 275312240
728934722 -906648513 30828533 237683800 -904291666 933191399 -789376350 -295393318
-150040967 -164092706 812015477 -154976182 -59565965 349577913 880522005 274917611
945748501 -717953633 -404531726 912738488 806283155 -91950840 -397254765 178636685
856295065 -726415119 418093464 628350495 851879671 -799056675 522067786 455122034
582938588 887543329 -694939033 -643599395 -846021471 131281470 360792752 -349939813
329728242 -17234564 -913744447 -729564456 27254522 -697797990 -275614449 719526295
-379205673 -989496332 -607244997 637441459 841467949 506250110 -820773624 641234823
645915440 -301537029 252642895 -172184922 -709416389 847116678 -234838484 215901446
698463862 -521307914 360349630 879350837 -350727390 -987340964 -659801989 518925225
-554286463 -870437719 166354989 638649908 -46258331 531649645 296853133 198782102
384810323 -120888390 -398401414 258863916 -708269742 -430480601 -677978410 707363015
239422806 -952559888 -171247362 808415384 475736132 -315760837 16710884 874406215
-583734110 774313674 -16112862 -61794339 780143579 232085362 -748260299 161703957
164968683 643592938 788434761 -375535108 348746114 517027129 879546170 151155068
322270631 -146487361 21590143 -850145643 -896902161 -774908581 -343779771 925071995
844752830 69930339 403191681 -780312354 -253729189 -620780627 599610003 564984644
-542047316 -757170230 -684494440 121086097 -728731502 -171578029 391449257 153965795
428392283 -459875174 794776620 -530122492 -782979389 147181664 -449862893 -951112154
-752730323 -70861848 -184490167 -63430223 742784833 840466276 -254046389 570524389
-359858092 694093990 -597009731 630279807 631134085 -117032520 -161909304 -786532381
-13986063 -123344818 145840763 -908775159 -706462229 414323403 -990191794 -527845919
400560669 -910471302 670283551 276368777 110156052 234712892 901004476 99577938
484679763 954694291 728218959 -497863963 377382595 -645564780 100139392 46506968
-483113221 475689113 930827614 -472586685 -611295400 259589089 -396956107 766055784
446524020 -588965415 -155650089 886399 170488151 727774206 755605483 577053216
117960067 855458302 521472943 469057717 -327311511 -504560444 -820730563 827269329
-366394102 -802996560 78034307 -317117452 576547399 -331050489 441563883 -571313387
993030304 -820984490 -637705750 -557588166 -962456668 -208067091 -341957187 293404794
-129358407 628717225 530666855 -366258305 518155386 -841088732 926761273 -947801526
203303044 -653423659 613957329 286314317 371600877 575342422 541303294 -409431673
-697761140 -523843770 -913925360 432028199 -578099100 414612003 -85040896 -292213348
-627380148 835933192 -551009383 -114632871 -673624152 -999166528 241622330 -372743423
-203073043 193543180 988695348 -123716599 229898202 917390546 -701027170 -456689925
-973537779 946647749 -681856938 -539431573 -424919712 -792706287 -262384588 -364457560
513236463 143971331 -667689439 -451053017 -111295217 232017431 -130016874 -510401493
-905981103 982734646 340446677 -69231364 -421664848 687989321 -856043799 -188146259
-585024652 -712124663 -744217538 246828043 -212706389 -279814720 134876399 -222275570
299148503 -780395128 236432162 -207365821 -486929396 -821528355 545023351 298430958
282235617 -225398166 958626631 268210478 410876243 686264922 -845881271 592577271
456632126 -938428445 -792924073 327828903 923400935 -156812938 3956043 -123949386
743824769 550885635 -843084703 362162177 -6433313 -635101819 863748729 633250050
198019038 -308079301 687251497 -569950229 -766014742 37029215 177358044 -223720176
-984438822 541113458 -374134233 503536195 -660740379 -186468161 731467070 140243739
927031096 -459283953 -483790937 643908506 405695795 -206480210 -176063327 642238411
-574643609 704215248 -671422572 158752296 374895367 909599331 644252271 598418959
-914457162 -607772606 -526245094 -93260309 773517557 -383818860 889025898 -961588137
-272371254 301881443 380601625 366557428 -677770465 893219769 -675335471 372034025
793033986 -559959321 846020475 -302588160 -140823455 163790095 -891807114 -822197195
-104389507 897480233 261520638 106713450 986192544 274794353 584693699 944767504
226984755 -723164662 -90417717 -437547121 -488755814 713964470 284821011 -784673532
503283976 -579638636 363912502 139697206 253670755 -200398501 -320963044 780655963
521348403 138533839 -618663549 -351494118 -913748176 698222190 -324714075 789032813
-654177428 753898810 59022405 -378664384 -112789569 -512925747 601357246 -420159599
-907650965 -820369615 -123016966 259077773 -619087503 -805095414 672088697 81106114
239196138 863219244 -369181619 643829057 163863737 850471159 688659116 -253015536
-22275713 534137184 166164824 564626455 399554818 -470148839 -415077302 -897363640
564625698 -372089668 -135714689 716644862 -266216343 -82611086 767394401 -989287346
-144328717 -351759217 -859793733 -282035594 -987916806 -242506153 -916207275 17608307
459472638 20656868 -220409039 -928306002 864459661 -267331041 -604358048 426147798
-505350165 422653313 -881596471 312662274 -386647710 -218932009 -76143189 698954805
66454583 -9762042 772781849 -928749692 -973163973 -131780758 -618114440 -668383096
-206650629 -896195563 -221997465 -637391672 -549436026 727382371 -552862125 839595999
-683287476 -345167558 856498764 480435489 -581434397 -102054107 968975062 977153889
592498816 -407944038 875145774 -998958871 113251251 647091413 205998759 -351303197
-706663804 -354022577 -453265460 179510764 -244495963 694626531 877404269 757025926
382401257 63582206 638285582 -863589370 453303721 -610240568 240129394 -320355478
-609745567 98259145 634436608 94021018 -539093659 965198120 -901288871 -671471426
367066963 895927172 -626031430 -764097353 357545759 479296733 674624531 -47152613
540062640 -823880196 -305750804 -431208550 -736481588 -286989468 -374894021 -929506774
-356689756 866893343 -855531218 -34842543 660904794 484616258 -198552410 -526168980
517904562 92828059 997414989 -972836929 537214049 337620702 -84984983 798773249
-783310148 -138236918 -502550391 -324334191 -145522686 339796715 879611627 831752902
-815173054 728111032 575328110 -236437917 -382449685 942366172 -983212242 -495650007
293725422 756311762 939475393 794369671 -914550638 -713056983 504405261 263239789
-250473004 408268199 647096516 -810607042 -950222728 -378716022 -264561794 411204324
-426450768 -666778391 40521585 -906031619 -355000472 -496480198 831371471 369749043
-285569748 614183917 -904894531 472265385 -318769737 510200629 -754520085 -108740719
-147938791 -996662554 -229593132 -962223654 339923843 -511754887 540283284 -937717241
516743346 782751021 206028641 393537051 983859190 -660464056 375416231 953324208
-910006306 -826332292 64634052 544009000 344658050 -255478172 -175164323 441381626
-751304851 313765421 -524404133 -921947602 859416613 -497103278 -759842938 188882660
-697786497 869989308 382525092 -845257577 206173133 963362109 662087426 -408709679
-295427338 -266022960 600681469 802912761 138639339 857499771 461512165 -944421419
857377236 -204877114 -564948530 554373159 830180385 -631223367 -710318818 311618333
-169445834 -747054808 739036183 668353299 648880806 494814686 -345445439 -233443380
